name,frameTime,F0final_sma,voicingFinalUnclipped_sma,jitterLocal_sma,jitterDDP_sma,shimmerLocal_sma,audspec_lengthL1norm_sma,audspecRasta_lengthL1norm_sma,pcm_RMSenergy_sma,pcm_zcr_sma,audSpec_Rfilt_sma[0],audSpec_Rfilt_sma[1],audSpec_Rfilt_sma[2],audSpec_Rfilt_sma[3],audSpec_Rfilt_sma[4],audSpec_Rfilt_sma[5],audSpec_Rfilt_sma[6],audSpec_Rfilt_sma[7],audSpec_Rfilt_sma[8],audSpec_Rfilt_sma[9],audSpec_Rfilt_sma[10],audSpec_Rfilt_sma[11],audSpec_Rfilt_sma[12],audSpec_Rfilt_sma[13],audSpec_Rfilt_sma[14],audSpec_Rfilt_sma[15],audSpec_Rfilt_sma[16],audSpec_Rfilt_sma[17],audSpec_Rfilt_sma[18],audSpec_Rfilt_sma[19],audSpec_Rfilt_sma[20],audSpec_Rfilt_sma[21],audSpec_Rfilt_sma[22],audSpec_Rfilt_sma[23],audSpec_Rfilt_sma[24],audSpec_Rfilt_sma[25],pcm_fftMag_fband25-650_sma,pcm_fftMag_fband1000-4000_sma,pcm_fftMag_spectralRollOff25.0_sma,pcm_fftMag_spectralRollOff50.0_sma,pcm_fftMag_spectralRollOff75.0_sma,pcm_fftMag_spectralRollOff90.0_sma,pcm_fftMag_spectralFlux_sma,pcm_fftMag_spectralEntropy_sma,pcm_fftMag_spectralVariance_sma,pcm_fftMag_spectralSkewness_sma,pcm_fftMag_spectralKurtosis_sma,pcm_fftMag_spectralSlope_sma,pcm_fftMag_mfcc_sma[1],pcm_fftMag_mfcc_sma[2],pcm_fftMag_mfcc_sma[3],pcm_fftMag_mfcc_sma[4],pcm_fftMag_mfcc_sma[5],pcm_fftMag_mfcc_sma[6],pcm_fftMag_mfcc_sma[7],pcm_fftMag_mfcc_sma[8],pcm_fftMag_mfcc_sma[9],pcm_fftMag_mfcc_sma[10],pcm_fftMag_mfcc_sma[11],pcm_fftMag_mfcc_sma[12],F0final_sma_de,voicingFinalUnclipped_sma_de,jitterLocal_sma_de,jitterDDP_sma_de,shimmerLocal_sma_de,audspec_lengthL1norm_sma_de,audspecRasta_lengthL1norm_sma_de,pcm_RMSenergy_sma_de,pcm_zcr_sma_de,audSpec_Rfilt_sma_de[0],audSpec_Rfilt_sma_de[1],audSpec_Rfilt_sma_de[2],audSpec_Rfilt_sma_de[3],audSpec_Rfilt_sma_de[4],audSpec_Rfilt_sma_de[5],audSpec_Rfilt_sma_de[6],audSpec_Rfilt_sma_de[7],audSpec_Rfilt_sma_de[8],audSpec_Rfilt_sma_de[9],audSpec_Rfilt_sma_de[10],audSpec_Rfilt_sma_de[11],audSpec_Rfilt_sma_de[12],audSpec_Rfilt_sma_de[13],audSpec_Rfilt_sma_de[14],audSpec_Rfilt_sma_de[15],audSpec_Rfilt_sma_de[16],audSpec_Rfilt_sma_de[17],audSpec_Rfilt_sma_de[18],audSpec_Rfilt_sma_de[19],audSpec_Rfilt_sma_de[20],audSpec_Rfilt_sma_de[21],audSpec_Rfilt_sma_de[22],audSpec_Rfilt_sma_de[23],audSpec_Rfilt_sma_de[24],audSpec_Rfilt_sma_de[25],pcm_fftMag_fband25-650_sma_de,pcm_fftMag_fband1000-4000_sma_de,pcm_fftMag_spectralRollOff25.0_sma_de,pcm_fftMag_spectralRollOff50.0_sma_de,pcm_fftMag_spectralRollOff75.0_sma_de,pcm_fftMag_spectralRollOff90.0_sma_de,pcm_fftMag_spectralFlux_sma_de,pcm_fftMag_spectralEntropy_sma_de,pcm_fftMag_spectralVariance_sma_de,pcm_fftMag_spectralSkewness_sma_de,pcm_fftMag_spectralKurtosis_sma_de,pcm_fftMag_spectralSlope_sma_de,pcm_fftMag_mfcc_sma_de[1],pcm_fftMag_mfcc_sma_de[2],pcm_fftMag_mfcc_sma_de[3],pcm_fftMag_mfcc_sma_de[4],pcm_fftMag_mfcc_sma_de[5],pcm_fftMag_mfcc_sma_de[6],pcm_fftMag_mfcc_sma_de[7],pcm_fftMag_mfcc_sma_de[8],pcm_fftMag_mfcc_sma_de[9],pcm_fftMag_mfcc_sma_de[10],pcm_fftMag_mfcc_sma_de[11],pcm_fftMag_mfcc_sma_de[12]
fru,0.010000,0,0,0,0,0,5.129251e-01,9.883412e-01,1.569774e-02,1.895833e-01,1.292162e-01,2.720484e-01,4.195279e-01,5.544473e-01,6.697289e-01,7.658961e-01,8.470284e-01,9.178292e-01,9.822495e-01,1.043099e+00,1.102099e+00,1.160070e+00,1.217131e+00,1.272837e+00,1.326212e+00,1.375581e+00,1.418056e+00,1.448481e+00,1.457878e+00,1.432704e+00,1.358746e+00,1.232340e+00,1.069155e+00,8.959276e-01,7.342484e-01,5.943311e-01,2.978162e-03,1.803107e-02,9.479167e+02,1.229167e+03,1.572917e+03,2.281250e+03,3.058013e-02,5.119367e+00,4.133647e+05,9.646863e-01,5.226446e+00,-3.998355e-03,2.509100e+01,-3.973375e+01,5.449728e+00,-8.074704e+00,9.016151e+00,-2.031861e+00,1.727885e+01,-2.059726e+01,8.323770e+00,-1.247105e+01,1.500760e+01,-2.562965e+01,6.842189e+01,2.348845e-01,1.691000e-03,0,8.752846e-02,-1.689208e-02,0,-8.423626e-04,5.520831e-03,0,0,0,0,0,0,0,0,0,0,0,0,0,0,0,0,0,0,0,0,0,0,0,0,0,0,-1.715187e-04,-1.202198e-03,-1.666668e+01,5.937500e+01,1.250000e+02,1.354167e+01,1.212942e-02,6.757136e-02,2.725129e+04,-1.946921e-01,-6.221525e-01,4.249203e-04,8.281803e-02,-6.669735e-01,6.880337e-01,1.007611e+00,-3.985931e+00,-2.005076e+00,-7.582672e-01,9.543552e-02,-1.087183e+00,2.661336e+00,-2.738247e+00,3.528273e+00
fru,0.020000,2.280736e+02,7.780593e-01,0,0,3.718346e-01,4.811935e-01,9.883412e-01,1.416180e-02,2.031250e-01,1.292162e-01,2.720484e-01,4.195279e-01,5.544473e-01,6.697289e-01,7.658961e-01,8.470284e-01,9.178292e-01,9.822495e-01,1.043099e+00,1.102099e+00,1.160070e+00,1.217131e+00,1.272837e+00,1.326212e+00,1.375581e+00,1.418056e+00,1.448481e+00,1.457878e+00,1.432704e+00,1.358746e+00,1.232340e+00,1.069155e+00,8.959276e-01,7.342484e-01,5.943311e-01,2.497443e-03,1.607341e-02,9.479167e+02,1.385417e+03,1.843750e+03,2.291667e+03,5.724431e-02,5.227938e+00,4.473103e+05,5.335606e-01,4.002758e+00,-3.156641e-03,2.482361e+01,-4.208516e+01,6.073072e+00,-6.425964e+00,4.696035e-01,-7.165640e+00,1.557363e+01,-2.100034e+01,6.117630e+00,-5.444437e+00,1.132123e+01,-1.739657e+01,6.841902e+01,2.365754e-01,2.124983e-03,2.475774e-03,4.792969e-02,-2.329029e-02,0,-1.027606e-03,2.916659e-03,0,0,0,0,0,0,0,0,0,0,0,0,0,0,0,0,0,0,0,0,0,0,0,0,0,0,1.081424e-04,-2.221769e-03,-6.041668e+01,3.645835e+01,1.468750e+02,1.875000e+01,1.272841e-02,9.305821e-02,5.122500e+04,-2.181957e-01,-8.365531e-01,5.399373e-04,4.916784e-01,-3.648895e-01,1.905270e+00,1.106203e+00,-5.169539e+00,-1.677118e+00,-1.125892e+00,7.350394e-01,-2.450390e+00,1.768609e+00,-3.855648e+00,5.036074e+00
fru,0.030000,2.280726e+02,7.853928e-01,8.454999e-03,0,2.517250e-01,4.443306e-01,9.883412e-01,1.225390e-02,2.104167e-01,1.292162e-01,2.720484e-01,4.195279e-01,5.544473e-01,6.697289e-01,7.658961e-01,8.470284e-01,9.178292e-01,9.822495e-01,1.043099e+00,1.102099e+00,1.160070e+00,1.217131e+00,1.272837e+00,1.326212e+00,1.375581e+00,1.418056e+00,1.448481e+00,1.457878e+00,1.432704e+00,1.358746e+00,1.232340e+00,1.069155e+00,8.959276e-01,7.342484e-01,5.943311e-01,2.360928e-03,1.299891e-02,8.645833e+02,1.447917e+03,2.062500e+03,2.343750e+03,7.789516e-02,5.402938e+00,5.326483e+05,2.067887e-01,2.727527e+00,-2.294610e-03,2.563879e+01,-4.189292e+01,8.578225e+00,-3.861019e+00,-6.640228e+00,-9.490351e+00,1.434012e+01,-1.991854e+01,3.990922e+00,-2.677677e+00,3.159546e+00,-1.210482e+01,4.556677e+01,1.577428e-01,1.047722e-03,2.937111e-03,-3.437410e-03,-1.862863e-02,-6.257534e-04,-5.091132e-04,-6.562506e-03,3.078252e-04,8.671653e-03,9.529650e-03,4.000926e-03,4.248381e-03,4.745579e-03,-8.967161e-04,5.183959e-03,1.105752e-02,-6.569624e-04,-9.218788e-03,-1.007345e-02,2.886009e-03,-5.199051e-03,-9.034109e-03,-9.494210e-03,-2.596855e-04,-4.677773e-04,2.925873e-03,-1.138568e-03,-7.562542e-03,-3.792810e-03,-6.161976e-03,-8.045519e-03,-1.416004e-03,3.591239e-03,1.775820e-03,-2.623965e-03,-1.260417e+02,-7.083331e+01,3.229168e+01,-4.479168e+01,1.096882e-02,2.202892e-02,4.140966e+04,-6.510434e-02,-5.068667e-01,1.222603e-04,1.541373e+00,1.137625e+00,2.168821e+00,1.136686e+00,-4.287675e+00,1.098393e-01,-1.703379e+00,1.138247e+00,-3.911552e+00,-1.191828e+00,-5.229754e+00,4.588349e+00
fru,0.040000,2.280588e+02,7.901804e-01,6.397417e-03,1.237887e-02,1.137859e-01,4.307710e-01,9.883412e-01,1.228163e-02,1.937500e-01,1.292162e-01,2.720484e-01,4.195279e-01,5.544473e-01,6.697289e-01,7.658961e-01,8.470284e-01,9.178292e-01,9.822495e-01,1.043099e+00,1.102099e+00,1.160070e+00,1.217131e+00,1.272837e+00,1.326212e+00,1.375581e+00,1.418056e+00,1.448481e+00,1.457878e+00,1.432704e+00,1.358746e+00,1.232340e+00,1.069155e+00,8.959276e-01,7.342484e-01,5.943311e-01,3.827491e-03,9.438301e-03,6.875000e+02,1.302083e+03,2.062500e+03,2.343750e+03,7.056466e-02,5.442873e+00,6.098478e+05,2.526565e-01,2.293139e+00,-2.150540e-03,2.727550e+01,-4.047862e+01,1.341183e+01,-4.650533e+00,-9.003352e+00,-6.688204e+00,1.311875e+01,-1.726142e+01,-1.761756e+00,-8.524692e+00,1.653380e+00,-7.211689e+00,-1.559830e-01,-1.917899e-03,1.412652e-04,2.063995e-03,-6.402408e-02,-5.089450e-03,-6.187916e-04,7.613978e-04,-2.052083e-02,1.482464e-03,3.596391e-02,4.232818e-02,1.557875e-02,1.167154e-02,1.387718e-02,2.163064e-03,2.186058e-02,4.123652e-02,7.139671e-03,-2.339523e-02,-2.993642e-02,1.031461e-02,-2.430835e-02,-2.907691e-02,-3.080416e-02,-7.152319e-03,-6.909728e-03,7.539487e-03,-8.376444e-03,-2.531743e-02,-1.196718e-02,-1.637304e-02,-2.398458e-02,-3.934437e-03,1.429235e-02,4.387501e-03,-2.037427e-03,-1.729167e+02,-2.197917e+02,-1.666667e+02,-1.666667e+02,4.304343e-03,-1.648728e-01,-4.841038e+03,2.087333e-01,2.881928e-01,-6.985594e-04,2.557452e+00,2.714993e+00,1.481169e+00,8.210951e-01,-1.315546e+00,2.815876e+00,-1.859542e+00,3.790783e-01,-5.404798e+00,-4.454845e+00,-5.462370e+00,2.192605e+00
fru,0.050000,2.278413e+02,7.826533e-01,2.039901e-03,8.496120e-03,1.118373e-01,4.449932e-01,9.852124e-01,1.409226e-02,1.614583e-01,1.307553e-01,3.154067e-01,4.671762e-01,5.744519e-01,6.909708e-01,7.896240e-01,8.425449e-01,9.437490e-01,1.037537e+00,1.039815e+00,1.056005e+00,1.109703e+00,1.231561e+00,1.246842e+00,1.281041e+00,1.328110e+00,1.416758e+00,1.446142e+00,1.472507e+00,1.427011e+00,1.320933e+00,1.213376e+00,1.038345e+00,8.557000e-01,7.271684e-01,6.122873e-01,1.119224e-02,8.228797e-03,4.479167e+02,9.166667e+02,1625,2.031250e+03,7.876408e-02,5.122045e+00,5.391442e+05,7.796167e-01,3.546921e+00,-3.890103e-03,3.157192e+01,-3.484890e+01,1.262446e+01,-3.278989e+00,-7.685745e+00,-1.721383e+00,9.989392e+00,-1.677549e+01,-7.294298e+00,-1.689006e+01,-6.307255e+00,-7.780340e+00,-8.201492e-01,-7.919920e-03,-7.459579e-04,4.234249e-05,-1.959877e-02,2.248874e-03,-3.409982e-04,1.858766e-03,-2.937500e-02,4.297686e-03,8.163952e-02,9.974160e-02,3.517422e-02,1.571333e-02,2.221769e-02,1.249752e-02,4.555004e-02,7.865088e-02,2.828561e-02,-3.602082e-02,-5.316459e-02,2.158740e-02,-5.633967e-02,-5.830213e-02,-6.135132e-02,-2.717044e-02,-2.659677e-02,6.645954e-03,-2.245495e-02,-4.926515e-02,-2.248846e-02,-2.939441e-02,-4.425566e-02,-8.381480e-03,3.431932e-02,7.590422e-03,-1.268545e-03,-1.708333e+02,-3.020833e+02,-3.562500e+02,-2.937500e+02,1.863594e-03,-3.882245e-01,-6.710354e+04,4.618326e-01,1.291137e+00,-1.508740e-03,2.937348e+00,3.665153e+00,1.728174e-01,1.185691e+00,1.588868e+00,4.091817e+00,-1.961115e+00,-1.357555e-02,-5.671404e+00,-4.575530e+00,-5.747279e+00,-3.983127e-01
fru,0.060000,2.274094e+02,7.698396e-01,3.913875e-03,6.071917e-03,1.216581e-01,4.554149e-01,9.868116e-01,1.704961e-02,1.250000e-01,1.358589e-01,4.301888e-01,6.073447e-01,6.223387e-01,7.174657e-01,8.234181e-01,8.600855e-01,1.014172e+00,1.160788e+00,1.080440e+00,1.008170e+00,1.035572e+00,1.261489e+00,1.164293e+00,1.203412e+00,1.245296e+00,1.382944e+00,1.415102e+00,1.488260e+00,1.393668e+00,1.251065e+00,1.181986e+00,1.002695e+00,7.961185e-01,7.181162e-01,6.568148e-01,2.001929e-02,8.271333e-03,2.916667e+02,5.520833e+02,1.229167e+03,1.614583e+03,7.833157e-02,4.544021e+00,4.198572e+05,1.290813e+00,5.034025e+00,-5.851691e-03,3.464431e+01,-3.203220e+01,1.145580e+01,-2.611504e+00,-5.585366e+00,3.029254e+00,8.451286e+00,-2.067648e+01,-1.526375e+01,-2.061247e+01,-1.125723e+01,-8.595786e+00,-1.896359e+00,-1.162357e-02,9.959000e-04,-1.684526e-03,-1.418626e-03,-5.325675e-03,-2.257955e-03,2.106698e-03,-3.010416e-02,8.952324e-03,1.267615e-01,1.606919e-01,5.280470e-02,3.355032e-03,1.875490e-02,3.335040e-02,5.398583e-02,8.564915e-02,5.613936e-02,-3.667980e-02,-6.529526e-02,1.863771e-02,-8.836456e-02,-8.455133e-02,-9.269263e-02,-6.042584e-02,-5.822641e-02,-9.790599e-03,-4.367256e-02,-6.281004e-02,-2.953459e-02,-3.544447e-02,-5.491448e-02,-1.229800e-02,5.691143e-02,9.579696e-03,-8.482337e-04,-1.218750e+02,-2.750000e+02,-4.114583e+02,-3.479167e+02,-2.611443e-04,-5.353280e-01,-1.015451e+05,6.483371e-01,2.852827e+00,-1.790080e-03,2.427922e+00,4.020087e+00,-3.506173e-01,2.178621e+00,3.144454e+00,3.593038e+00,-1.281368e+00,2.706627e-01,-4.179692e+00,-2.639621e+00,-5.713237e+00,-2.437435e+00
fru,0.070000,2.242966e+02,7.559636e-01,5.966980e-03,3.365190e-03,1.497951e-01,4.432530e-01,9.874009e-01,1.916374e-02,9.791666e-02,1.473832e-01,6.011758e-01,8.243275e-01,6.963727e-01,7.244272e-01,8.482236e-01,9.029875e-01,1.097408e+00,1.286234e+00,1.165857e+00,9.689598e-01,9.564965e-01,1.302889e+00,1.045411e+00,1.096101e+00,1.133967e+00,1.299760e+00,1.332187e+00,1.475916e+00,1.339947e+00,1.166261e+00,1.145074e+00,9.554130e-01,7.245539e-01,7.004071e-01,7.346858e-01,3.221713e-02,7.239666e-03,2.083333e+02,3.125000e+02,6.979167e+02,1.239583e+03,8.332968e-02,3.911241e+00,2.921260e+05,1.996873e+00,7.812767e+00,-7.987737e-03,3.664113e+01,-2.779036e+01,1.042033e+01,1.047919e+00,-4.048788e-01,6.110008e+00,6.868279e+00,-1.827889e+01,-1.761510e+01,-1.951143e+01,-1.912154e+01,-1.340434e+01,-3.507388e+00,-1.302266e-02,2.904177e-03,2.201781e-04,-6.846053e-03,-2.089262e-02,-1.091260e-02,1.555257e-03,-2.645833e-02,1.440555e-02,1.418265e-01,1.843326e-01,5.517177e-02,-2.766507e-02,-1.252699e-03,5.096987e-02,2.254413e-02,3.005406e-02,5.676749e-02,-3.456148e-02,-6.178579e-02,-8.894789e-03,-9.542037e-02,-9.360928e-02,-1.094678e-01,-9.549360e-02,-9.083901e-02,-3.991579e-02,-6.159703e-02,-5.563528e-02,-2.995435e-02,-3.377519e-02,-4.835271e-02,-1.600335e-02,6.442377e-02,9.135964e-03,-1.145211e-03,-6.145833e+01,-1.718750e+02,-3.510417e+02,-3.281250e+02,-4.178093e-03,-5.488547e-01,-9.435569e+04,7.569965e-01,4.307635e+00,-1.416489e-03,1.304041e+00,3.750600e+00,1.060605e+00,2.962407e+00,2.900941e+00,1.194700e+00,-7.563295e-02,2.212785e+00,-1.869521e+00,-8.279430e-01,-3.722907e+00,-3.107454e+00
fru,0.080000,2.203493e+02,7.454073e-01,9.413377e-03,6.521709e-03,8.771390e-02,4.050127e-01,9.759571e-01,2.027938e-02,7.500000e-02,1.656638e-01,7.629712e-01,1.044412e+00,7.575104e-01,6.697759e-01,8.303708e-01,9.835591e-01,1.110929e+00,1.286147e+00,1.260775e+00,9.622231e-01,9.101971e-01,1.274655e+00,9.317295e-01,9.959252e-01,1.009189e+00,1.174426e+00,1.214327e+00,1.407220e+00,1.257873e+00,1.122032e+00,1.118817e+00,9.333987e-01,6.869283e-01,6.861390e-01,8.176889e-01,4.121352e-02,5.691698e-03,1.979167e+02,2.291667e+02,4.687500e+02,1000,6.697614e-02,3.371634e+00,2.256315e+05,2.885714e+00,1.442435e+01,-9.052121e-03,3.688051e+01,-2.390745e+01,1.276081e+01,4.079119e+00,3.078482e+00,7.361292e+00,8.272466e+00,-1.515641e+01,-1.749981e+01,-2.041211e+01,-2.050566e+01,-1.658687e+01,-4.494222e+00,-1.169788e-02,7.349287e-03,4.827177e-03,-1.048157e-02,-3.226327e-02,-2.671445e-02,4.758703e-04,-2.166667e-02,1.895018e-02,1.153516e-01,1.508770e-01,3.810962e-02,-5.960869e-02,-2.923273e-02,4.787342e-02,-4.220729e-02,-6.761266e-02,8.874285e-03,-4.630797e-02,-5.027110e-02,-5.426704e-02,-7.499023e-02,-8.879985e-02,-1.126747e-01,-1.133126e-01,-1.070097e-01,-6.702124e-02,-6.744727e-02,-3.761767e-02,-2.809079e-02,-2.954444e-02,-3.007171e-02,-1.811633e-02,4.959128e-02,5.685929e-03,-1.489815e-03,-2.291666e+01,-7.604166e+01,-2.406250e+02,-2.666667e+02,-5.857846e-03,-4.281777e-01,-6.618770e+04,7.313384e-01,4.761221e+00,-5.946231e-04,3.201458e-01,3.505359e+00,2.280302e+00,3.179112e+00,2.096974e+00,-5.524436e-01,2.302355e-01,3.042932e+00,9.454756e-01,-3.611223e-01,-1.902126e+00,-2.841279e+00
fru,0.090000,2.138344e+02,7.297561e-01,1.381103e-02,9.372114e-03,9.457911e-02,3.657312e-01,9.360766e-01,2.025365e-02,5.416667e-02,1.878806e-01,8.581478e-01,1.170305e+00,7.827249e-01,5.764904e-01,7.798842e-01,1.035657e+00,1.008091e+00,1.125128e+00,1.233485e+00,9.061715e-01,8.634613e-01,1.180504e+00,8.860213e-01,9.167383e-01,8.988243e-01,1.043549e+00,1.092335e+00,1.313448e+00,1.186924e+00,1.107274e+00,1.095188e+00,9.041172e-01,6.685316e-01,6.631402e-01,8.539690e-01,4.627495e-02,3.792561e-03,1.875000e+02,2.187500e+02,250,6.979167e+02,6.355133e-02,2.963964e+00,1.644786e+05,3.767149e+00,2.038993e+01,-9.372336e-03,3.697403e+01,-2.015827e+01,1.727498e+01,8.187736e+00,2.487037e+00,2.086097e+00,9.700638e+00,-8.471599e+00,-1.552387e+01,-2.112996e+01,-2.029757e+01,-1.932207e+01,-3.769156e+00,-8.839488e-03,9.804375e-03,7.937442e-03,-1.347110e-02,-3.231683e-02,-4.258323e-02,-6.996764e-04,-1.447917e-02,1.923338e-02,5.677854e-02,6.909011e-02,6.758743e-03,-6.988358e-02,-4.995724e-02,1.617765e-02,-1.045672e-01,-1.520968e-01,-6.889085e-02,-6.707875e-02,-3.785551e-02,-9.180565e-02,-4.501117e-02,-6.792302e-02,-9.127899e-02,-1.062525e-01,-1.037596e-01,-7.746370e-02,-5.510794e-02,-2.053181e-02,-2.478399e-02,-2.512717e-02,-7.886964e-03,-1.961996e-02,1.167939e-02,-4.372805e-04,-1.283434e-03,-5.208333e+00,-1.979167e+01,-1.093750e+02,-1.468750e+02,-4.844965e-03,-2.034112e-01,-2.123810e+04,4.212346e-01,2.653708e+00,5.133072e-04,-3.272587e-01,2.230069e+00,2.944121e+00,2.272138e+00,6.373174e-01,-2.561162e+00,7.996122e-01,2.257829e+00,1.944904e+00,1.290227e+00,7.064902e-01,-2.557221e+00
fru,0.100000,2.101694e+02,7.244539e-01,3.673828e-02,2.720434e-02,9.685823e-02,3.328595e-01,8.789015e-01,1.888400e-02,3.854166e-02,2.103612e-01,8.784607e-01,1.188741e+00,7.697107e-01,4.933907e-01,7.114242e-01,1.033118e+00,8.477941e-01,9.032781e-01,1.090998e+00,8.080244e-01,8.307338e-01,1.051346e+00,8.690361e-01,8.490943e-01,7.994936e-01,9.444869e-01,9.999795e-01,1.234388e+00,1.132944e+00,1.092471e+00,1.066475e+00,8.806205e-01,6.737711e-01,6.461680e-01,8.451295e-01,4.142003e-02,2.545810e-03,1.875000e+02,2.187500e+02,250,5.520833e+02,5.893151e-02,2.876771e+00,1.527423e+05,4.062367e+00,2.255155e+01,-8.132507e-03,3.607859e+01,-1.832146e+01,1.942999e+01,9.714147e+00,3.453547e+00,2.278991e+00,8.186284e+00,-1.036546e+01,-1.158199e+01,-2.160882e+01,-2.017984e+01,-1.984332e+01,-1.655267e+00,-3.612906e-03,9.438246e-03,8.442633e-03,-3.125795e-03,-2.367172e-02,-4.899137e-02,-1.649294e-03,-4.791666e-03,1.405771e-02,-8.821678e-03,-2.477086e-02,-2.558541e-02,-5.222141e-02,-5.683009e-02,-3.725071e-02,-1.279060e-01,-1.771034e-01,-1.283487e-01,-7.984928e-02,-2.605585e-02,-9.551622e-02,-2.634526e-02,-3.630509e-02,-4.366703e-02,-7.666226e-02,-8.435243e-02,-6.603029e-02,-1.897262e-02,-6.513393e-03,-1.719165e-02,-2.445264e-02,7.102847e-03,-2.157665e-02,-3.260727e-02,-5.796766e-03,-7.465583e-04,-2.083334e+00,-2.083334e+00,-4.062500e+01,6.770833e+01,-8.302912e-04,1.799800e-02,2.951142e+04,-5.463304e-02,-1.031014e+00,1.338054e-03,-9.083008e-01,4.819666e-01,3.018998e+00,1.028322e+00,7.171925e-01,-2.765111e+00,7.959781e-01,4.626593e-01,1.343272e+00,2.828700e+00,2.020559e+00,-2.290978e+00
fru,0.110000,2.105408e+02,7.222429e-01,4.132640e-02,3.271108e-02,7.786742e-02,3.177455e-01,8.230126e-01,1.636305e-02,4.375000e-02,2.212015e-01,8.273237e-01,1.097614e+00,7.240663e-01,4.632019e-01,6.579108e-01,9.590965e-01,7.061396e-01,7.171845e-01,9.062914e-01,7.106654e-01,8.069506e-01,9.555151e-01,8.517013e-01,8.299010e-01,7.824199e-01,8.834674e-01,9.205623e-01,1.175013e+00,1.126872e+00,1.078383e+00,1.047326e+00,8.561663e-01,6.916977e-01,6.222928e-01,7.793625e-01,2.992748e-02,2.395441e-03,1.875000e+02,2.187500e+02,2.604167e+02,7.291667e+02,6.312717e-02,3.141617e+00,2.223801e+05,3.514720e+00,1.701771e+01,-5.881008e-03,3.540580e+01,-1.943301e+01,2.180634e+01,9.591097e+00,2.594175e+00,-4.154653e+00,1.090943e+01,-9.385213e+00,-1.084949e+01,-1.246195e+01,-1.575200e+01,-2.456222e+01,1.494000e+00,1.508981e-03,2.033412e-03,3.138927e-03,-9.948454e-03,-1.573354e-02,-4.224735e-02,-1.863519e-03,2.812500e-03,4.354374e-03,-5.815692e-02,-9.294236e-02,-5.077811e-02,-2.641727e-02,-5.313788e-02,-8.885060e-02,-1.095268e-01,-1.451514e-01,-1.367293e-01,-6.919419e-02,-1.714625e-02,-7.534068e-02,-2.317473e-02,2.235782e-03,1.866166e-02,-3.798436e-02,-5.160031e-02,-4.523640e-02,3.555997e-02,2.136494e-02,1.929879e-03,-2.175031e-02,1.293557e-02,-2.409282e-02,-6.826268e-02,-7.556223e-03,-2.733972e-04,0,0,3.124997e+00,1.708333e+02,-1.350284e-03,9.328010e-02,5.921549e+04,-3.087439e-01,-2.941863e+00,1.523338e-03,-1.426010e+00,-8.122290e-01,3.687646e+00,-4.621076e-01,1.409193e+00,-2.425920e+00,1.713394e+00,-8.120787e-01,-9.681660e-01,3.116035e+00,2.199924e+00,-1.790000e+00
fru,0.120000,2.137198e+02,7.310994e-01,4.284692e-02,3.706539e-02,8.044077e-02,3.106470e-01,7.875323e-01,1.397821e-02,5.625000e-02,2.192920e-01,7.342749e-01,9.569035e-01,6.589127e-01,4.653131e-01,6.072071e-01,8.355861e-01,6.223748e-01,6.046013e-01,7.826282e-01,6.607297e-01,8.081732e-01,9.095685e-01,8.171632e-01,8.578184e-01,8.490563e-01,8.711556e-01,8.784508e-01,1.146286e+00,1.193036e+00,1.103911e+00,1.056790e+00,8.351109e-01,7.108595e-01,5.986795e-01,6.919559e-01,2.040343e-02,2.657467e-03,1.875000e+02,2.187500e+02,2.604167e+02,1.322917e+03,6.303677e-02,3.372798e+00,3.442378e+05,2.738763e+00,1.095539e+01,-4.107515e-03,3.312312e+01,-2.186024e+01,2.559012e+01,8.519046e+00,6.610875e+00,-3.343890e+00,1.164796e+01,-1.238630e+01,-1.312064e+01,-1.060262e+01,-1.267565e+01,-2.542168e+01,3.427364e+00,1.666743e-03,-2.655379e-03,-1.924764e-03,-5.891954e-03,-9.301621e-03,-2.632377e-02,-1.153587e-03,3.645834e-03,-5.824754e-03,-7.894143e-02,-1.161808e-01,-6.062110e-02,-1.271312e-02,-4.547057e-02,-1.218621e-01,-7.411751e-02,-9.042461e-02,-1.085361e-01,-4.829041e-02,-1.676552e-02,-5.072101e-02,-1.970852e-02,3.778238e-02,7.688673e-02,-2.472895e-03,-4.652250e-03,-2.221941e-02,9.808107e-02,6.897102e-02,3.004290e-02,-1.603279e-02,1.019649e-02,-2.652776e-02,-8.429588e-02,-4.463497e-03,-8.721042e-05,0,0,0,1.041667e+02,-3.503025e-03,-1.545620e-03,4.631595e+04,-1.459584e-01,-1.456471e+00,8.936605e-04,-1.663478e+00,-7.559433e-01,4.234800e+00,-1.118052e+00,1.747297e+00,-1.135586e+00,1.551214e+00,-1.420172e+00,-3.119684e+00,1.323230e+00,9.860361e-01,-7.187575e-01
fru,0.130000,2.195292e+02,7.339783e-01,2.092378e-02,2.013623e-02,5.304557e-02,2.981698e-01,7.705245e-01,1.338895e-02,5.937500e-02,2.051871e-01,6.394562e-01,8.215122e-01,5.842333e-01,4.584428e-01,5.663033e-01,6.901702e-01,5.731670e-01,5.487096e-01,7.040229e-01,6.338479e-01,7.890103e-01,8.746890e-01,7.960842e-01,9.235552e-01,9.673512e-01,8.902929e-01,8.950976e-01,1.131317e+00,1.334677e+00,1.208378e+00,1.109680e+00,8.181204e-01,7.146652e-01,5.664204e-01,5.892425e-01,1.900213e-02,2.369747e-03,1.875000e+02,2.187500e+02,2.604167e+02,1.166667e+03,5.474728e-02,3.182351e+00,3.648082e+05,2.885231e+00,1.147869e+01,-3.768142e-03,3.132171e+01,-2.245002e+01,3.263314e+01,6.474748e+00,7.954339e+00,-7.232063e+00,1.653677e+01,-1.152157e+01,-1.959538e+01,-1.105288e+01,-1.305004e+01,-2.548289e+01,3.967970e+00,-2.337360e-03,-1.650763e-03,-3.373616e-03,1.377791e-03,-5.624673e-03,-8.453637e-03,1.099022e-04,-1.354167e-03,-1.158644e-02,-6.964466e-02,-9.228712e-02,-4.912063e-02,-1.283995e-02,-3.943325e-02,-1.243919e-01,-4.097061e-02,-3.691383e-02,-7.128793e-02,-3.160518e-02,-2.111777e-02,-4.092481e-02,-1.573114e-02,4.643313e-02,9.213001e-02,2.346134e-02,5.731608e-02,-3.061676e-03,1.461248e-01,1.203756e-01,5.031152e-02,-2.011263e-03,4.650569e-03,-2.387158e-02,-7.379733e-02,1.170275e-03,-2.195630e-04,0,0,-3.124997e+00,-1.406250e+02,-5.671508e-03,-1.606789e-01,-1.151642e+04,3.974603e-01,3.843224e+00,-1.552100e-04,-1.133688e+00,5.882381e-01,3.350514e+00,-1.796122e+00,2.025004e+00,7.606152e-01,-2.458560e-01,-2.241408e+00,-3.547770e+00,-1.246418e+00,-9.871446e-01,9.670353e-01
fru,0.140000,2.228120e+02,7.269199e-01,3.366270e-02,2.386795e-02,7.980939e-02,2.961392e-01,7.735267e-01,1.460311e-02,4.895833e-02,1.892446e-01,5.776873e-01,7.458876e-01,5.365217e-01,4.322046e-01,5.298750e-01,5.582702e-01,5.436928e-01,5.353925e-01,6.494517e-01,6.049811e-01,7.558763e-01,8.381541e-01,7.983021e-01,9.911792e-01,1.091462e+00,9.287097e-01,9.894506e-01,1.145139e+00,1.519446e+00,1.372328e+00,1.185512e+00,8.194795e-01,7.132698e-01,5.414654e-01,5.187102e-01,2.456522e-02,2.122605e-03,1.875000e+02,2.187500e+02,250,8.541667e+02,4.560633e-02,2.848675e+00,3.131080e+05,3.647319e+00,1.803870e+01,-4.720638e-03,2.980324e+01,-2.059267e+01,3.519059e+01,5.682060e+00,9.509951e+00,-1.860235e+00,1.312868e+01,-1.639815e+01,-2.280747e+01,-1.569720e+01,-1.660064e+01,-2.297677e+01,-4.211342e+01,-2.726012e-03,-6.895293e-03,-7.182528e-03,-1.288551e-02,-3.136164e-03,5.176002e-03,9.688757e-04,-3.958334e-03,-1.188180e-02,-4.352618e-02,-4.425095e-02,-1.539388e-02,-5.389648e-03,-2.688971e-02,-9.598144e-02,-1.619833e-02,2.087486e-03,-4.235173e-02,-2.269778e-02,-2.386160e-02,-4.560072e-02,-1.572092e-02,2.211238e-02,5.996466e-02,3.045553e-02,1.023323e-01,1.058680e-02,1.571918e-01,1.469963e-01,4.604037e-02,1.692235e-02,3.584296e-03,-1.295472e-02,-4.099836e-02,4.946274e-03,-3.620672e-04,2.083334e+00,0,-3.124997e+00,-3.010417e+02,-5.487765e-03,-2.114666e-01,-6.261904e+04,9.416909e-01,1.046804e+01,-8.481229e-04,-1.085318e-01,2.385262e+00,1.006326e+00,-2.235422e+00,4.363064e-01,9.042211e-01,-3.211407e+00,-1.961173e+00,-2.391443e+00,-1.136979e+00,-8.388652e-01,1.328534e+00
fru,0.150000,2.258345e+02,7.126458e-01,3.766470e-02,2.244172e-02,8.507206e-02,2.968760e-01,7.877472e-01,1.660011e-02,4.062500e-02,1.782929e-01,5.573942e-01,7.416860e-01,5.396586e-01,4.155564e-01,4.994105e-01,4.757949e-01,5.406275e-01,5.672198e-01,6.164401e-01,5.805138e-01,7.275102e-01,7.865982e-01,7.824761e-01,9.953863e-01,1.121867e+00,9.719971e-01,1.151643e+00,1.160278e+00,1.694291e+00,1.546052e+00,1.234522e+00,8.539257e-01,7.137454e-01,5.315419e-01,4.969987e-01,3.369796e-02,1.565057e-03,1.875000e+02,2.187500e+02,250,2.604167e+02,4.348485e-02,2.600284e+00,1.803629e+05,5.047743e+00,3.269217e+01,-6.350496e-03,3.139729e+01,-1.712561e+01,3.375868e+01,2.028979e+00,1.126966e+01,-1.093405e+00,8.939788e+00,-1.858633e+01,-2.374493e+01,-1.614675e+01,-1.872523e+01,-2.094950e+01,-1.676790e+01,5.083376e-03,-7.551026e-03,-6.414040e-03,-1.859005e-02,-3.309560e-03,1.185173e-02,8.046567e-04,-5.208336e-04,-7.808072e-03,-2.388122e-02,-5.412930e-03,3.125667e-02,2.430583e-02,-2.277887e-03,-4.630975e-02,2.205604e-03,2.070236e-02,-2.193461e-02,-1.535615e-02,-1.727051e-02,-5.233111e-02,-2.262108e-02,-2.150385e-02,4.802108e-04,2.079470e-02,1.062118e-01,2.208304e-02,1.207753e-01,1.302420e-01,1.519561e-02,3.383425e-02,9.283799e-03,5.841875e-03,1.639849e-03,3.568111e-03,-3.630604e-04,7.291667e+00,4.166666e+00,1.458334e+01,-2.083333e+02,3.122895e-03,-3.934360e-02,-5.819740e+04,8.562986e-01,1.070829e+01,-6.068737e-04,5.593325e-01,3.161502e+00,-8.042154e-01,-2.640636e+00,-2.134646e+00,-5.845019e-01,-4.521893e+00,-4.243713e-01,4.817001e-01,3.649818e-01,9.890107e-01,1.657307e+00
fru,0.160000,0,7.281356e-01,0,0,0,2.956130e-01,8.048009e-01,1.721701e-02,4.583333e-02,1.733301e-01,5.576749e-01,7.755618e-01,6.042307e-01,4.598081e-01,5.062050e-01,4.628665e-01,5.576530e-01,6.057836e-01,6.146610e-01,5.739079e-01,7.196153e-01,7.256103e-01,7.453626e-01,9.324648e-01,1.071622e+00,9.825811e-01,1.261840e+00,1.184739e+00,1.799188e+00,1.670055e+00,1.224571e+00,9.018200e-01,7.292409e-01,5.513451e-01,5.330859e-01,3.778688e-02,1.249476e-03,1.979167e+02,2.187500e+02,250,2.708333e+02,4.122916e-02,2.606499e+00,1.233653e+05,6.365962e+00,5.268887e+01,-7.056952e-03,3.254267e+01,-1.259614e+01,3.005898e+01,-4.351796e-01,7.134747e+00,-1.892114e+00,-6.105855e-01,-1.865979e+01,-2.300308e+01,-1.374059e+01,-1.403238e+01,-2.104571e+01,6.881178e+00,1.905965e-02,-1.049901e-02,-7.017762e-03,5.739101e-02,-4.387123e-03,1.052988e-02,2.997162e-04,5.104168e-03,-4.460537e-03,-2.356156e-02,3.116655e-03,7.164784e-02,7.441372e-02,5.167406e-02,4.704946e-03,9.184331e-03,1.447423e-02,-1.592132e-02,-1.024479e-02,-1.198214e-02,-5.676026e-02,-2.828344e-02,-5.755675e-02,-4.855657e-02,-4.236996e-04,5.876417e-02,2.488465e-02,4.863877e-02,7.970631e-02,-2.236762e-02,3.810602e-02,1.704966e-02,2.314911e-02,3.438133e-02,9.685176e-04,-3.294417e-04,1.145833e+01,1.041666e+01,3.958334e+01,-5.729167e+01,1.455476e-02,1.386751e-01,-3.275575e+04,5.284995e-01,8.572060e+00,-1.175219e-04,7.660488e-01,3.363069e+00,-1.469371e+00,-3.183325e+00,-5.874329e+00,-4.189164e+00,-4.276628e+00,1.286662e+00,2.720051e+00,3.578275e+00,3.134063e+00,1.170705e+00
fru,0.170000,2.470957e+02,7.587873e-01,0,0,0,2.818851e-01,8.141460e-01,1.610528e-02,5.833333e-02,1.741040e-01,5.300562e-01,7.796105e-01,7.066622e-01,5.661703e-01,5.667489e-01,5.063233e-01,5.772150e-01,6.170258e-01,6.117452e-01,5.726038e-01,7.207883e-01,6.693054e-01,7.094485e-01,8.453931e-01,9.796723e-01,9.673307e-01,1.289962e+00,1.221932e+00,1.798683e+00,1.710724e+00,1.166129e+00,9.461214e-01,7.530987e-01,5.906899e-01,5.902538e-01,3.023186e-02,9.910093e-04,2.187500e+02,2.395833e+02,3.333333e+02,4.166667e+02,7.255034e-02,3.106722e+00,1.686926e+05,5.807403e+00,4.769507e+01,-5.634353e-03,3.274866e+01,-1.064078e+01,3.117787e+01,-3.669812e+00,-1.531290e+00,-1.013863e+01,7.969424e-01,-1.251261e+01,-1.708907e+01,-1.020628e+01,-9.389117e+00,-1.816188e+01,2.854352e+01,2.688215e-02,-3.748041e-03,-4.256580e-04,8.473106e-02,-6.594270e-04,6.654000e-03,3.505496e-04,6.354167e-03,-5.367336e-03,-3.870893e-02,-1.427366e-02,9.131358e-02,1.336835e-01,1.524436e-01,3.813780e-02,2.881068e-03,-9.168792e-03,-2.302498e-02,-1.005001e-02,-1.459207e-02,-5.406218e-02,-2.647455e-02,-6.555390e-02,-5.984569e-02,-1.654705e-02,-8.355081e-03,2.095162e-02,-2.985394e-02,1.812373e-02,-4.073386e-02,2.945846e-02,2.159830e-02,3.238115e-02,4.864324e-02,1.415574e-03,-2.191229e-04,1.354167e+01,1.666667e+01,6.354167e+01,8.437501e+01,2.043671e-02,2.332000e-01,-4.493104e+03,6.460147e-02,5.537253e+00,-1.605280e-04,6.555237e-01,2.803135e+00,-1.541997e+00,-3.980814e+00,-8.126073e+00,-6.371396e+00,-4.008098e+00,8.900335e-01,4.165031e+00,5.785322e+00,3.671851e+00,1.191159e+00
fru,0.180000,2.465873e+02,7.991474e-01,0,0,4.093004e-01,2.816991e-01,8.129767e-01,1.634910e-02,6.562500e-02,1.690364e-01,4.735485e-01,7.425086e-01,8.112591e-01,7.289663e-01,7.545761e-01,5.665307e-01,5.713207e-01,5.828606e-01,5.721925e-01,5.577122e-01,6.993265e-01,6.129993e-01,6.933987e-01,7.783920e-01,9.197762e-01,9.289244e-01,1.214112e+00,1.238735e+00,1.710444e+00,1.688523e+00,1.107871e+00,9.639117e-01,7.788414e-01,6.276370e-01,6.439893e-01,3.114086e-02,7.624208e-04,2.291667e+02,2.604167e+02,4.062500e+02,4.895833e+02,1.038474e-01,3.288832e+00,1.551644e+05,5.909986e+00,5.339755e+01,-5.666319e-03,3.295781e+01,-7.019738e+00,2.913414e+01,-7.385168e+00,-1.346122e+01,-1.828344e+01,-4.183035e+00,-1.300170e+01,-1.253515e+01,-7.760582e-01,-5.598386e+00,-1.851705e+01,4.859044e+01,2.173951e-02,4.782822e-03,4.908618e-03,5.845510e-02,8.138418e-03,7.632947e-03,1.387988e-03,2.916666e-03,-1.033823e-02,-5.174258e-02,-3.290772e-02,8.522551e-02,1.953645e-01,2.993987e-01,4.434657e-02,-6.756646e-03,-2.633170e-02,-3.142801e-02,-9.049421e-03,-1.843674e-02,-4.256775e-02,-2.406925e-02,-5.244033e-02,-4.543804e-02,-1.403999e-02,-5.248693e-02,4.598928e-03,-7.857727e-02,-2.494767e-02,-2.738503e-02,1.803113e-02,2.017978e-02,3.266426e-02,4.759058e-02,7.038134e-03,-1.482407e-04,2.500000e+01,3.125000e+01,6.354167e+01,6.562500e+01,1.701007e-02,9.853224e-02,-1.691289e+04,1.912722e-01,1.060215e+01,-1.122212e-03,6.736294e-01,2.186822e+00,-2.216831e+00,-4.385418e+00,-7.338028e+00,-6.566306e+00,-4.533463e+00,-7.895268e-01,3.796465e+00,6.821341e+00,2.511661e+00,1.594691e+00
fru,0.190000,2.452584e+02,8.115507e-01,1.892449e-02,2.031343e-02,3.040772e-01,3.005358e-01,8.169293e-01,1.878681e-02,6.250000e-02,1.536031e-01,4.059128e-01,6.868443e-01,8.927123e-01,9.493947e-01,1.137443e+00,6.146518e-01,5.481990e-01,5.328373e-01,5.225494e-01,5.383615e-01,6.646942e-01,5.725929e-01,6.760853e-01,7.446532e-01,8.985615e-01,9.160902e-01,1.133731e+00,1.238038e+00,1.589393e+00,1.627437e+00,1.089203e+00,9.701722e-01,7.969366e-01,6.553017e-01,6.847633e-01,4.409884e-02,7.129698e-04,2.395833e+02,2.812500e+02,4.895833e+02,5.729167e+02,1.143593e-01,3.425117e+00,1.419979e+05,5.598738e+00,6.002410e+01,-7.848453e-03,3.446734e+01,-5.898136e+00,2.651112e+01,-1.440009e+01,-1.906272e+01,-2.475472e+01,-9.314475e+00,-1.696521e+01,-8.153745e+00,6.297598e+00,-4.582976e+00,-1.625803e+01,-8.980484e-01,4.815376e-03,2.739788e-03,2.399117e-03,-6.748672e-03,1.779183e-02,1.747665e-02,2.802366e-03,-9.375002e-04,-1.590737e-02,-4.860811e-02,-3.255177e-02,6.314566e-02,2.608247e-01,4.550416e-01,2.865589e-02,-7.172501e-03,-2.057504e-02,-2.013755e-02,1.850510e-03,-1.208342e-02,-2.276903e-02,-2.441112e-02,-3.341566e-02,-2.373571e-02,2.782142e-03,-6.226529e-02,-1.498115e-02,-8.666456e-02,-4.092460e-02,1.085534e-02,1.111091e-02,1.516359e-02,2.983967e-02,4.132608e-02,1.582327e-02,-6.111969e-05,4.166666e+01,4.479166e+01,4.166666e+01,2.395833e+01,4.036047e-03,-1.027988e-01,-3.613836e+04,5.562636e-01,1.769605e+01,-2.647633e-03,8.835846e-01,1.388060e+00,-2.858677e+00,-3.824610e+00,-4.840260e+00,-5.188806e+00,-4.784690e+00,-2.672623e+00,2.172000e+00,6.133609e+00,1.938589e+00,2.506025e+00
fru,0.200000,2.438708e+02,8.104514e-01,1.445186e-02,1.438637e-02,1.402369e-01,3.269797e-01,8.415740e-01,2.281619e-02,5.833333e-02,1.318894e-01,3.610338e-01,6.574063e-01,9.373332e-01,1.245018e+00,1.717852e+00,6.304351e-01,5.383777e-01,5.162194e-01,5.021188e-01,5.457819e-01,6.554787e-01,5.611278e-01,6.416979e-01,7.206331e-01,8.849867e-01,9.380015e-01,1.077520e+00,1.199681e+00,1.510947e+00,1.586961e+00,1.126109e+00,9.799502e-01,8.082209e-01,6.823605e-01,7.237841e-01,6.604406e-02,6.472921e-04,3.125000e+02,3.541667e+02,4.895833e+02,5.208333e+02,1.053750e-01,2.939962e+00,5.214820e+04,7.426655e+00,9.953513e+01,-1.156096e-02,3.505147e+01,-4.033348e+00,2.130820e+01,-1.699713e+01,-2.078968e+01,-2.741560e+01,-1.822219e+01,-2.038112e+01,-8.488418e+00,1.211418e+01,-3.877148e+00,-1.402418e+01,-5.657929e-01,-1.771638e-02,2.159455e-04,-5.672213e-04,-8.131550e-02,2.124896e-02,3.191328e-02,3.460281e-03,-1.562500e-03,-1.652900e-02,-3.376392e-02,-1.947989e-02,3.551484e-02,3.086474e-01,5.378793e-01,5.872143e-03,5.960345e-03,5.791712e-03,7.182890e-03,1.780193e-02,3.421921e-03,2.643651e-03,-1.944664e-02,-1.047118e-02,-2.657211e-03,2.229735e-02,-4.317216e-02,-2.400403e-02,-6.465583e-02,-3.564236e-02,5.422743e-02,1.318032e-02,1.265601e-02,3.051343e-02,3.597617e-02,2.092445e-02,2.073656e-05,5.833333e+01,5.729166e+01,1.979167e+01,-1.041675e+00,-6.066275e-03,-1.845296e-01,-3.362520e+04,6.585590e-01,1.816893e+01,-3.532029e-03,5.808350e-01,7.892255e-01,-2.028919e+00,-2.046538e+00,-3.211924e+00,-3.557855e+00,-2.046820e+00,-1.909939e+00,2.925921e-01,4.231166e+00,2.497981e+00,3.240595e+00
fru,0.210000,2.439637e+02,7.772122e-01,6.473007e-03,4.802399e-03,1.007884e-01,3.482039e-01,8.872306e-01,2.688357e-02,5.729167e-02,1.131407e-01,3.432731e-01,6.594028e-01,9.593534e-01,1.612267e+00,2.360319e+00,6.176505e-01,5.578240e-01,5.474712e-01,5.460942e-01,5.878215e-01,6.822951e-01,5.813959e-01,6.132433e-01,7.071943e-01,8.783885e-01,9.767029e-01,1.046931e+00,1.166554e+00,1.465109e+00,1.556883e+00,1.211286e+00,9.936567e-01,8.142269e-01,7.125265e-01,7.569868e-01,9.189662e-02,7.429752e-04,3.854167e+02,4.166667e+02,500,5.208333e+02,9.196675e-02,2.767163e+00,3.950888e+04,7.830387e+00,1.131065e+02,-1.592519e-02,3.611975e+01,-5.193673e+00,2.079745e+01,-1.798688e+01,-2.206836e+01,-3.151659e+01,-1.610693e+01,-2.218601e+01,-8.252430e+00,1.401664e+01,-5.567908e-01,-7.878193e+00,-4.899819e+01,-3.327854e-02,-4.499538e-03,-5.009382e-03,-6.440240e-02,1.894721e-02,4.132355e-02,2.653933e-03,1.041666e-03,-1.067275e-02,-1.599772e-02,-1.009524e-02,8.066070e-03,3.037333e-01,4.831851e-01,-1.038947e-02,2.234528e-02,3.282443e-02,2.947897e-02,2.721062e-02,1.623190e-02,2.456858e-02,5.132449e-03,2.760862e-02,3.360463e-02,3.232238e-02,-2.143413e-02,-1.739860e-02,-3.725903e-02,-2.400258e-02,8.069158e-02,1.807218e-02,1.645303e-02,3.163407e-02,2.849870e-02,1.726727e-02,1.854867e-04,5.520833e+01,5.208333e+01,3.124997e+00,-1.354167e+01,-5.505887e-03,-1.399063e-01,-1.540997e+04,2.729053e-01,6.129702e+00,-2.924157e-03,2.306030e-01,1.476502e-03,-5.148468e-02,3.641061e-01,-2.741310e+00,-2.277456e+00,2.057772e+00,-9.111404e-02,-6.423734e-01,2.814367e+00,3.724817e+00,2.331502e+00
fru,0.220000,2.444057e+02,7.277347e-01,7.305470e-03,4.919412e-03,1.043673e-01,3.641098e-01,9.373924e-01,2.960213e-02,6.041667e-02,1.066226e-01,3.360487e-01,6.588300e-01,9.555127e-01,1.940767e+00,2.832535e+00,5.943921e-01,5.963100e-01,6.045023e-01,5.963345e-01,6.219919e-01,7.076356e-01,6.218160e-01,6.275865e-01,7.447656e-01,9.165767e-01,1.010105e+00,1.041651e+00,1.154458e+00,1.449307e+00,1.545588e+00,1.317967e+00,1.018071e+00,8.334763e-01,7.515917e-01,7.877584e-01,1.118642e-01,8.511008e-04,4.479167e+02,4.791667e+02,500,5.104167e+02,8.471227e-02,2.695161e+00,3.828289e+04,8.086957e+00,1.177010e+02,-1.928809e-02,3.503578e+01,-3.425842e+00,2.184638e+01,-1.582446e+01,-2.801802e+01,-3.269178e+01,-1.102091e+01,-1.994099e+01,-1.102284e+01,1.652025e+01,4.878427e+00,-6.503995e+00,-7.317052e+01,-4.095922e-02,-3.537674e-03,-3.357514e-03,-3.812623e-02,1.669513e-02,4.125904e-02,8.146133e-04,5.104166e-03,-8.157015e-04,-3.018594e-03,-1.472276e-02,-1.374778e-02,2.094117e-01,2.928760e-01,1.943439e-03,3.167977e-02,4.206741e-02,3.399237e-02,2.497352e-02,1.493015e-02,4.057083e-02,5.655471e-02,9.182605e-02,9.055053e-02,3.973294e-02,-3.741741e-04,4.989362e-03,-1.866532e-02,-1.925002e-02,7.983853e-02,1.969073e-02,2.262086e-02,2.843978e-02,1.664025e-02,5.437186e-03,4.718007e-04,2.083333e+01,3.333334e+01,8.333331e+00,7.291672e+00,3.688286e-03,9.141695e-02,1.911821e+04,-5.946278e-01,-1.303058e+01,-9.856804e-04,1.896019e-02,-9.827054e-01,1.548092e+00,1.891104e+00,-2.941378e+00,-8.334236e-01,5.642929e+00,2.825055e+00,-5.945449e-01,1.187145e+00,3.147584e+00,-2.385635e-02
fru,0.230000,0,6.865163e-01,0,0,0,3.767068e-01,9.756379e-01,2.866351e-02,6.666666e-02,1.128727e-01,3.384167e-01,6.356563e-01,9.239529e-01,2.120187e+00,2.996027e+00,5.807260e-01,6.309593e-01,6.528180e-01,6.228364e-01,6.363096e-01,7.197752e-01,6.650917e-01,7.088032e-01,8.706300e-01,1.050790e+00,1.041650e+00,1.044495e+00,1.173657e+00,1.433918e+00,1.528110e+00,1.396732e+00,1.041473e+00,8.665740e-01,7.788565e-01,7.952697e-01,1.075251e-01,1.538499e-03,4.479167e+02,4.791667e+02,500,5.104167e+02,9.716126e-02,2.847986e+00,7.188068e+04,6.633114e+00,8.158968e+01,-1.860567e-02,3.562820e+01,-6.194506e+00,2.598460e+01,-1.316590e+01,-2.915510e+01,-3.350391e+01,-2.626257e+00,-1.764084e+01,-1.009840e+01,1.816640e+01,9.663322e+00,-8.360609e+00,-7.323331e+01,-3.674110e-02,-2.025148e-03,-1.452421e-03,-3.059441e-02,1.482626e-02,3.464612e-02,-9.016761e-04,7.499999e-03,8.413388e-03,4.381412e-03,-2.536851e-02,-2.209363e-02,4.087838e-02,3.988209e-02,5.852954e-02,3.769263e-02,3.544704e-02,2.372559e-02,2.268224e-02,7.915789e-03,5.875465e-02,1.297114e-01,1.653469e-01,1.427737e-01,5.058898e-02,1.557608e-02,2.463784e-02,-1.198595e-02,-1.854633e-02,4.927461e-02,1.491545e-02,2.579636e-02,1.998737e-02,1.882434e-03,-8.420458e-03,6.519415e-04,-1.875000e+01,7.291669e+00,9.375000e+00,2.187501e+01,1.430342e-02,2.624618e-01,3.277896e+04,-1.102904e+00,-2.521197e+01,1.277492e-03,3.433827e-01,-1.960690e+00,1.154989e+00,2.662193e+00,-2.347998e+00,-1.221701e-01,6.658751e+00,4.782935e+00,-3.298184e-01,-1.428806e+00,4.581410e-01,-2.335324e+00
fru,0.240000,0,6.510033e-01,0,0,0,3.962039e-01,1.003666e+00,2.599929e-02,7.916667e-02,1.279448e-01,3.483690e-01,5.956657e-01,8.862945e-01,2.038117e+00,2.864378e+00,6.586146e-01,6.602089e-01,6.738830e-01,6.337096e-01,6.464054e-01,7.113894e-01,7.221341e-01,8.766915e-01,1.098045e+00,1.251539e+00,1.104192e+00,1.076868e+00,1.221076e+00,1.433216e+00,1.505097e+00,1.432579e+00,1.054496e+00,8.951516e-01,7.913944e-01,7.878439e-01,8.541574e-02,2.608534e-03,3.854167e+02,4.895833e+02,5.312500e+02,5.625000e+02,1.212192e-01,3.356635e+00,1.315533e+05,5.052152e+00,5.014064e+01,-1.514913e-02,3.539204e+01,-8.446458e+00,2.645509e+01,-9.952100e+00,-3.195320e+01,-3.058905e+01,3.252118e+00,-8.528431e+00,-1.053816e+01,1.597502e+01,6.750715e+00,-1.390225e+01,-4.888115e+01,-2.960159e-02,-1.461094e-03,-9.838823e-04,-2.087346e-02,1.517658e-02,2.848219e-02,-1.595118e-03,6.041667e-03,1.350279e-02,8.409348e-03,-2.833981e-02,-5.839139e-03,-1.377307e-01,-1.827108e-01,1.516706e-01,5.632632e-02,2.854361e-02,2.045587e-02,3.465442e-02,1.101945e-02,9.830330e-02,2.149980e-01,2.142508e-01,1.551548e-01,6.135247e-02,2.259043e-02,2.844157e-02,-1.840489e-02,-2.139403e-02,4.765940e-03,4.165232e-03,2.018896e-02,5.804115e-03,-1.964062e-02,-1.583225e-02,8.333880e-04,-5.416666e+01,-1.770833e+01,1.354166e+01,1.093750e+02,1.703219e-02,4.085151e-01,4.357785e+04,-1.274006e+00,-2.658332e+01,2.442729e-03,1.057450e+00,-2.885147e+00,-1.818430e-01,2.564356e+00,-2.976841e-01,-5.265652e-01,6.239451e+00,5.060001e+00,-2.523241e-01,-5.360779e+00,-2.632618e+00,-2.774228e+00
fru,0.250000,0,6.318724e-01,0,0,0,4.062881e-01,1.027325e+00,2.417661e-02,8.541667e-02,1.445465e-01,3.590200e-01,5.641424e-01,8.834944e-01,1.767984e+00,2.543808e+00,8.781869e-01,7.143376e-01,6.900160e-01,6.460347e-01,6.890259e-01,7.199972e-01,8.250101e-01,1.137248e+00,1.357289e+00,1.424776e+00,1.182604e+00,1.107203e+00,1.256434e+00,1.413225e+00,1.484397e+00,1.400353e+00,1.050022e+00,9.123711e-01,7.925620e-01,7.663562e-01,6.301855e-02,3.123966e-03,3.229167e+02,4.479167e+02,5.312500e+02,6.041667e+02,1.452304e-01,3.748734e+00,1.567685e+05,3.833271e+00,2.082686e+01,-1.160722e-02,3.765853e+01,-1.248682e+01,2.426804e+01,-7.612101e+00,-3.184076e+01,-3.317880e+01,1.005031e+01,-3.977616e+00,-1.014386e+01,7.145227e+00,7.977705e-01,-1.585569e+01,0,-2.007239e-02,0,0,0,1.108841e-02,2.491801e-02,-1.466557e-03,2.916668e-03,1.380608e-02,6.561565e-03,-2.157893e-02,3.168841e-02,-2.479894e-01,-3.107823e-01,2.325696e-01,9.520118e-02,3.351589e-02,2.565039e-02,5.465599e-02,2.569472e-02,1.613125e-01,2.828606e-01,2.067271e-01,1.085029e-01,5.000936e-02,1.356927e-02,1.065427e-02,-2.871459e-02,-2.076381e-02,-3.783026e-02,-4.482460e-03,1.194490e-02,-5.830133e-03,-3.908474e-02,-1.420456e-02,6.805444e-04,-5.416666e+01,-2.500000e+01,8.333331e+00,1.468750e+02,8.094396e-03,3.823081e-01,3.460540e+04,-9.011654e-01,-1.681020e+01,2.197668e-03,1.331987e+00,-2.389242e+00,-1.842276e+00,2.158769e+00,1.231678e+00,-1.809651e+00,4.199373e+00,4.688489e+00,-8.792817e-01,-7.556350e+00,-3.010290e+00,-1.443003e+00
fru,0.260000,0,6.070487e-01,0,0,0,4.252021e-01,1.053960e+00,2.386999e-02,8.125000e-02,1.582997e-01,3.677938e-01,5.528879e-01,9.465463e-01,1.428215e+00,2.145090e+00,1.204015e+00,8.362524e-01,7.286213e-01,6.870148e-01,7.689058e-01,7.626219e-01,1.033373e+00,1.488354e+00,1.572690e+00,1.505358e+00,1.246390e+00,1.123249e+00,1.255277e+00,1.367629e+00,1.460475e+00,1.339985e+00,1.034623e+00,9.115226e-01,7.737595e-01,7.040120e-01,5.495621e-02,4.225307e-03,2.395833e+02,4.062500e+02,5.520833e+02,1.010417e+03,1.458386e-01,4.287363e+00,2.137282e+05,3.116850e+00,1.516582e+01,-1.057368e-02,3.930787e+01,-1.470542e+01,2.179545e+01,-5.779577e+00,-2.816361e+01,-3.548716e+01,1.383807e+01,-1.472600e+00,-1.226173e+01,-4.773062e+00,-3.851887e+00,-1.662760e+01,0,-1.051099e-02,0,0,0,8.026359e-03,2.180279e-02,-1.214570e-03,2.604168e-03,1.224366e-02,2.085179e-04,-1.453490e-02,6.171467e-02,-2.545044e-01,-3.392304e-01,2.348953e-01,1.375438e-01,4.995026e-02,3.713829e-02,6.701811e-02,5.090191e-02,2.441388e-01,3.182095e-01,1.411232e-01,2.103808e-02,7.719362e-03,-1.324049e-02,-1.566795e-02,-2.595652e-02,-1.028235e-02,-6.576748e-02,-8.747947e-03,3.534812e-03,-1.531472e-02,-5.725795e-02,-1.024010e-02,1.376344e-03,-3.437500e+01,-1.562500e+01,8.125000e+01,2.166667e+02,5.148604e-04,3.013018e-01,4.479426e+04,-6.854578e-01,-9.084085e+00,1.526086e-03,1.279732e+00,-2.129614e+00,-2.090937e+00,1.922772e+00,4.179355e+00,-2.875200e+00,1.910299e+00,5.130155e+00,-1.118370e+00,-7.311925e+00,-5.436804e-01,1.311854e+00
fru,0.270000,0,6.081316e-01,0,0,0,4.176498e-01,1.075081e+00,2.239537e-02,8.020833e-02,1.667257e-01,3.615121e-01,5.491506e-01,1.052269e+00,1.185191e+00,1.801759e+00,1.470874e+00,1.018943e+00,7.930284e-01,7.244358e-01,8.483394e-01,8.226326e-01,1.316035e+00,1.817275e+00,1.666943e+00,1.466395e+00,1.220598e+00,1.089151e+00,1.209828e+00,1.323138e+00,1.446602e+00,1.253877e+00,1.028997e+00,9.181130e-01,7.585232e-01,6.417620e-01,5.173208e-02,4.132834e-03,250,3.958333e+02,5.312500e+02,1.020833e+03,1.253235e-01,4.294163e+00,2.038202e+05,3.094938e+00,1.502609e+01,-9.905052e-03,4.033023e+01,-1.501123e+01,1.910304e+01,-4.458312e+00,-2.489150e+01,-4.010311e+01,1.307764e+01,2.273687e+00,-1.363302e+01,-9.241308e+00,-8.682791e-02,-1.421295e+01,0,-9.033859e-04,0,0,0,8.114877e-03,1.857774e-02,-7.949836e-04,6.354168e-03,1.025843e-02,-7.451204e-03,-1.688653e-02,5.703548e-02,-1.859135e-01,-2.888249e-01,1.591004e-01,1.465379e-01,6.270444e-02,4.674172e-02,6.072937e-02,8.047958e-02,3.291198e-01,3.136554e-01,4.711571e-02,-7.023160e-02,-4.914214e-02,-4.284328e-02,-2.821468e-02,7.301748e-03,1.424993e-02,-6.900056e-02,-1.055732e-02,-6.399321e-03,-1.751648e-02,-5.902777e-02,-4.726992e-03,2.084710e-03,1.041667e+00,9.375000e+00,1.239583e+02,2.052083e+02,-1.991542e-03,1.675865e-01,4.243670e+04,-5.045525e-01,-3.492763e+00,5.495629e-04,6.343498e-01,-1.392619e+00,-2.324238e+00,1.422927e+00,4.741055e+00,-3.472201e+00,-1.391363e+00,7.270082e+00,-5.100321e-01,-4.047663e+00,1.069716e+00,3.000669e+00
fru,0.280000,0,6.103187e-01,0,0,0,4.306549e-01,1.088802e+00,2.081705e-02,9.479167e-02,1.780735e-01,3.481655e-01,5.304871e-01,1.110481e+00,1.056992e+00,1.539250e+00,1.536747e+00,1.195625e+00,8.721282e-01,7.802005e-01,9.018393e-01,9.145812e-01,1.697316e+00,2.127725e+00,1.648834e+00,1.335919e+00,1.123792e+00,1.019691e+00,1.166039e+00,1.348476e+00,1.472583e+00,1.176979e+00,1.021268e+00,9.099547e-01,7.318402e-01,5.638513e-01,3.985847e-02,8.985821e-03,250,4.375000e+02,9.375000e+02,1.437500e+03,1.337469e-01,4.590430e+00,3.319988e+05,1.994030e+00,7.620607e+00,-8.369782e-03,4.045485e+01,-1.783232e+01,1.858290e+01,-1.915134e+00,-1.453105e+01,-4.150290e+01,1.128995e+01,1.399669e+01,-1.438543e+01,-1.239133e+01,4.474612e+00,-8.164348e+00,0,8.587515e-03,0,0,0,9.000978e-03,1.630142e-02,-3.975187e-04,1.010417e-02,8.652205e-03,-1.263881e-02,-2.893688e-02,6.923473e-03,-1.036186e-01,-2.018468e-01,6.887120e-02,1.059096e-01,6.193153e-02,4.828143e-02,4.038154e-02,1.176697e-01,3.852693e-01,2.843292e-01,-3.559395e-02,-1.355578e-01,-9.365750e-02,-6.216589e-02,-1.695285e-02,6.267585e-02,5.720747e-02,-5.160882e-02,-1.346519e-02,-1.906802e-02,-1.130633e-02,-3.784856e-02,-3.070617e-03,2.552168e-03,2.187500e+01,3.124999e+01,1.385417e+02,1.979167e+02,4.514238e-03,7.976947e-02,4.385821e+04,-4.882353e-01,-2.995093e+00,2.138590e-04,-2.730064e-02,-1.133641e+00,-2.397117e+00,1.163206e+00,5.097597e+00,-3.085370e+00,-2.515129e+00,1.019111e+01,7.470286e-01,-1.050457e+00,6.531894e-01,2.862955e+00
fru,0.290000,0,6.257205e-01,0,0,0,4.441361e-01,1.102793e+00,2.172816e-02,1.104167e-01,1.859518e-01,3.315781e-01,4.909101e-01,1.086705e+00,1.024028e+00,1.402604e+00,1.507323e+00,1.267341e+00,9.317848e-01,8.331504e-01,9.262061e-01,1.046415e+00,2.138638e+00,2.385839e+00,1.554795e+00,1.158337e+00,9.981924e-01,9.447660e-01,1.159979e+00,1.459310e+00,1.549593e+00,1.136854e+00,1.003912e+00,8.811584e-01,7.259393e-01,5.412977e-01,4.693246e-02,1.116726e-02,3.229167e+02,4.791667e+02,9.583333e+02,1.416667e+03,1.413185e-01,4.435133e+00,3.098168e+05,1.871918e+00,7.135652e+00,-9.961351e-03,4.025678e+01,-1.788646e+01,1.425312e+01,-2.429689e+00,-1.495176e+01,-4.753194e+01,4.367553e+00,2.463815e+01,-1.163218e+01,-9.283952e+00,1.983103e+00,-5.083963e+00,0,9.007633e-03,0,0,0,9.746465e-03,1.815790e-02,-1.385858e-04,8.854167e-03,6.294531e-03,-1.189631e-02,-4.193696e-02,-6.022181e-02,-5.572199e-02,-1.143737e-01,3.814756e-02,4.224956e-02,4.672512e-02,3.941094e-02,1.883618e-02,1.637815e-01,3.896330e-01,2.331077e-01,-8.336947e-02,-1.522161e-01,-9.998725e-02,-5.956379e-02,8.460820e-03,1.167398e-01,1.118098e-01,-1.050659e-02,-1.549192e-02,-3.236426e-02,-8.649111e-04,-4.576194e-03,-1.541375e-03,1.697344e-03,3.333333e+01,3.958332e+01,3.854166e+01,1.802083e+02,4.955108e-03,5.829029e-02,2.524997e+04,-3.505431e-01,-2.113912e+00,5.617459e-06,-5.653324e-01,-7.048227e-01,-2.210618e+00,4.370032e-02,3.866695e+00,-2.390311e+00,-1.702450e+00,1.037511e+01,2.219272e+00,1.425900e+00,-2.463212e+00,1.147432e+00
fru,0.300000,0,6.411919e-01,0,0,0,4.569638e-01,1.121611e+00,2.221600e-02,1.166667e-01,1.919477e-01,3.195668e-01,4.373237e-01,9.639459e-01,9.907032e-01,1.335434e+00,1.530146e+00,1.241601e+00,9.689007e-01,8.740646e-01,9.318802e-01,1.239079e+00,2.548418e+00,2.625718e+00,1.450794e+00,9.815977e-01,8.893058e-01,8.846123e-01,1.195437e+00,1.612923e+00,1.695017e+00,1.140453e+00,9.798393e-01,8.346598e-01,7.335199e-01,5.650013e-01,4.200293e-02,1.346894e-02,3.125000e+02,5.208333e+02,1.031250e+03,1.802083e+03,1.604123e-01,4.615725e+00,3.800210e+05,1.287183e+00,4.135573e+00,-9.476233e-03,3.920808e+01,-1.893602e+01,1.223482e+01,-9.778594e-01,-7.645497e+00,-4.719960e+01,5.617465e+00,3.830074e+01,-9.527010e+00,-1.000403e+01,-1.620906e+00,-6.877319e+00,0,2.864897e-03,0,0,0,-4.357100e-05,1.818380e-02,-5.469464e-04,5.104164e-03,3.024810e-03,-8.326662e-03,-4.800844e-02,-1.107589e-01,-4.814218e-02,-4.805667e-02,5.983230e-02,2.102077e-03,1.885422e-02,1.500235e-02,3.917051e-03,1.964042e-01,2.991121e-01,1.387665e-01,-1.025197e-01,-1.253959e-01,-8.027397e-02,-4.451712e-02,2.132739e-02,1.434049e-01,1.536856e-01,3.752635e-02,-1.038131e-02,-3.391623e-02,1.017556e-02,2.994034e-02,-2.474037e-03,-5.560210e-05,3.541667e+01,3.645833e+01,-2.187500e+01,1.010417e+02,-4.928888e-03,3.406558e-02,3.779887e+03,-1.241472e-01,-4.957179e-01,3.863995e-04,-8.907879e-01,9.353409e-02,-1.951713e+00,-5.824159e-01,3.115020e+00,-1.030484e+00,4.701830e-01,8.645460e+00,2.987426e+00,2.961218e+00,-3.801130e+00,-9.554784e-01
fru,0.310000,0,6.377332e-01,0,0,0,4.532276e-01,1.149465e+00,2.100297e-02,1.135417e-01,1.912613e-01,3.163299e-01,3.860475e-01,8.244274e-01,9.397256e-01,1.331799e+00,1.664912e+00,1.207203e+00,9.782677e-01,8.745584e-01,9.274998e-01,1.479291e+00,2.838649e+00,2.733817e+00,1.349116e+00,8.824754e-01,8.379051e-01,8.588716e-01,1.237433e+00,1.774614e+00,1.894434e+00,1.219607e+00,9.722520e-01,7.939392e-01,7.533588e-01,6.183060e-01,4.295297e-02,1.037799e-02,3.854167e+02,5.520833e+02,6.770833e+02,1.739583e+03,1.367664e-01,4.572967e+00,3.060589e+05,1.695646e+00,6.199043e+00,-9.323739e-03,3.812695e+01,-1.798350e+01,1.122399e+01,-4.708447e+00,-9.000808e+00,-4.920631e+01,7.401627e+00,4.199721e+01,-4.965872e+00,-3.305460e+00,-9.355129e+00,-9.119306e+00,0,-1.007726e-02,0,0,0,-1.065296e-02,1.074363e-02,-1.479684e-03,4.583330e-03,7.421822e-05,-7.898581e-03,-4.799774e-02,-1.291651e-01,-6.509694e-02,-2.872319e-02,6.008849e-02,1.236896e-02,-1.376007e-02,-6.049233e-03,4.726016e-03,1.908902e-01,1.405813e-01,1.772451e-02,-1.054623e-01,-7.186683e-02,-4.849029e-02,-2.864646e-02,1.150968e-02,1.344068e-01,1.579514e-01,7.682669e-02,-1.695025e-03,-2.168837e-02,1.080940e-02,3.791662e-02,-6.541637e-03,-9.796676e-04,4.375000e+01,3.958333e+01,6.458334e+01,7.083334e+01,-1.513794e-02,7.691745e-02,6.566112e+03,-1.195152e-01,-2.542787e-01,1.233325e-03,-1.114241e+00,-5.255022e-01,-1.599228e+00,-8.753792e-01,3.407826e+00,1.704475e-01,2.160918e+00,4.317626e+00,2.897408e+00,3.195736e+00,-2.822896e+00,-1.582084e+00
fru,0.320000,0,6.186368e-01,0,0,0,4.258913e-01,1.156384e+00,1.844492e-02,1.187500e-01,1.905428e-01,3.141563e-01,3.428762e-01,6.878244e-01,8.584322e-01,1.334369e+00,1.757114e+00,1.236204e+00,9.431579e-01,8.345082e-01,9.207776e-01,1.680164e+00,2.842871e+00,2.647569e+00,1.239076e+00,8.468706e-01,8.025658e-01,8.400529e-01,1.233949e+00,1.907849e+00,2.068590e+00,1.323234e+00,9.851920e-01,7.839832e-01,7.690082e-01,6.750488e-01,2.947804e-02,9.102442e-03,3.958333e+02,5.833333e+02,9.687500e+02,1.781250e+03,1.113786e-01,4.691841e+00,3.527771e+05,1.461430e+00,5.610322e+00,-6.756590e-03,3.706583e+01,-1.731613e+01,1.033890e+01,-3.687835e+00,-1.931432e+00,-4.581813e+01,1.212383e+01,4.854446e+01,-2.781451e+00,-5.744902e-01,-8.861922e+00,-1.092407e+01,0,-1.963203e-02,0,0,0,-1.983110e-02,-7.406735e-03,-1.972957e-03,5.833332e-03,-3.469627e-03,-1.325576e-02,-4.401916e-02,-1.159501e-01,-8.187629e-02,-4.751580e-02,3.688192e-03,4.023259e-02,-4.372966e-02,-1.331918e-02,1.519253e-02,1.421680e-01,-3.917718e-02,-1.061959e-01,-9.742205e-02,-1.510085e-02,-2.273216e-02,-2.030241e-02,-1.610613e-02,8.109976e-02,1.001953e-01,8.512765e-02,2.280009e-03,-2.223897e-03,1.082385e-03,1.875520e-02,-7.949377e-03,-1.370878e-03,3.437500e+01,3.645834e+01,1.260417e+02,4.166663e+00,-1.592042e-02,6.255016e-02,5.781509e+03,-1.130303e-01,-1.523218e-01,1.545841e-03,-9.070953e-01,-1.060756e+00,-1.334320e+00,-1.958929e-01,2.452166e+00,5.924870e-01,2.589452e+00,-1.985271e-01,2.186787e+00,2.218732e+00,-1.020643e+00,-2.253153e+00
fru,0.330000,0,5.866117e-01,0,0,0,4.064076e-01,1.139124e+00,1.621528e-02,1.322917e-01,1.870253e-01,2.947904e-01,2.981452e-01,5.789400e-01,7.646787e-01,1.259520e+00,1.694281e+00,1.331885e+00,8.758559e-01,8.226824e-01,9.553874e-01,1.780324e+00,2.694318e+00,2.463537e+00,1.133343e+00,8.663662e-01,7.991109e-01,8.238134e-01,1.198272e+00,1.983881e+00,2.152563e+00,1.429597e+00,9.927606e-01,7.980549e-01,7.622421e-01,6.758570e-01,2.048673e-02,8.452167e-03,500,6.458333e+02,1.312500e+03,1.781250e+03,9.014573e-02,4.781662e+00,3.562693e+05,1.187219e+00,5.126884e+00,-5.154548e-03,3.575670e+01,-2.132392e+01,7.204944e+00,-5.451598e+00,-7.696680e-01,-4.737043e+01,1.191896e+01,4.110442e+01,-5.179164e-01,1.979963e+00,-8.510865e+00,-1.097101e+01,0,-1.920315e-02,0,0,0,-2.230746e-02,-3.035352e-02,-1.975230e-03,6.979168e-03,-7.709809e-03,-2.199998e-02,-3.736113e-02,-8.834584e-02,-9.287517e-02,-9.156661e-02,-8.620733e-02,4.778774e-02,-5.395435e-02,-1.315194e-03,2.910771e-02,6.620975e-02,-1.811522e-01,-1.849585e-01,-6.651683e-02,2.401048e-02,-7.229537e-03,-1.526896e-02,-3.908194e-02,-5.014324e-03,2.379417e-05,4.617295e-02,-4.119539e-03,1.545547e-02,-1.468214e-02,-1.859965e-02,-8.249587e-03,-1.101613e-03,1.145834e+01,2.604167e+01,1.229167e+02,1.666666e+01,-7.018668e-03,1.012251e-01,1.546767e+04,-1.542640e-01,-4.716180e-01,1.569014e-03,-6.095306e-01,-1.874328e+00,-8.352242e-01,2.618706e-01,1.416900e+00,1.608688e+00,2.518493e+00,-4.088797e+00,4.953000e-01,-4.707112e-01,9.906378e-01,-2.872492e+00
fru,0.340000,0,5.685925e-01,0,0,0,3.812183e-01,1.089748e+00,1.474506e-02,1.364583e-01,1.767175e-01,2.640577e-01,2.611790e-01,5.069392e-01,6.688452e-01,1.133994e+00,1.533903e+00,1.380423e+00,8.014583e-01,8.334067e-01,9.938990e-01,1.799402e+00,2.424698e+00,2.229879e+00,1.071570e+00,9.141480e-01,7.950421e-01,8.006293e-01,1.134487e+00,1.913788e+00,2.066929e+00,1.461097e+00,9.809850e-01,8.214824e-01,7.344902e-01,6.300018e-01,1.348916e-02,7.577459e-03,4.270833e+02,6.562500e+02,1.343750e+03,1.802083e+03,1.041205e-01,4.824128e+00,3.838234e+05,9.762451e-01,3.910044e+00,-3.831622e-03,3.585773e+01,-2.256959e+01,7.572741e+00,-1.585749e+00,4.997620e-01,-4.515510e+01,1.630606e+01,3.775450e+01,-8.170516e-01,-1.553075e+00,-7.146250e+00,-1.721723e+01,0,-1.104171e-02,0,0,0,-1.930042e-02,-4.617793e-02,-1.635844e-03,6.145834e-03,-1.175967e-02,-2.763007e-02,-2.836382e-02,-5.168197e-02,-9.145208e-02,-1.200679e-01,-1.445898e-01,1.401706e-02,-3.614355e-02,1.298865e-02,3.178157e-02,4.431582e-03,-2.479831e-01,-2.159820e-01,-1.785808e-02,4.245323e-02,7.051808e-03,-1.800191e-03,-3.961710e-02,-9.152298e-02,-9.560671e-02,-2.294641e-02,-1.111266e-02,2.339891e-02,-2.785366e-02,-5.277684e-02,-4.913725e-03,-1.154682e-03,-1.041666e+00,2.083337e+00,-1.220703e-05,7.291675e+00,-9.430073e-04,9.381404e-02,4.820200e+03,-4.650880e-02,-1.911015e-01,1.014087e-03,-2.539436e-01,-1.596653e+00,-4.420280e-05,-4.394040e-02,-2.863533e-02,1.784000e+00,1.320140e+00,-5.206476e+00,6.999836e-01,-1.849194e+00,1.892795e+00,-2.234566e+00
fru,0.350000,0,5.667397e-01,0,0,0,3.640268e-01,1.031016e+00,1.297675e-02,1.395833e-01,1.596249e-01,2.313793e-01,2.400905e-01,4.731407e-01,5.701433e-01,9.741530e-01,1.345481e+00,1.374032e+00,7.793457e-01,8.685332e-01,1.036478e+00,1.750721e+00,2.141974e+00,2.017870e+00,1.100284e+00,9.688891e-01,8.055193e-01,8.022386e-01,1.091754e+00,1.746573e+00,1.895383e+00,1.381541e+00,9.537578e-01,8.524669e-01,6.972072e-01,5.478312e-01,9.699469e-03,5.632421e-03,4.270833e+02,6.458333e+02,1.104167e+03,1.812500e+03,1.053020e-01,5.012949e+00,3.678742e+05,1.166918e+00,4.691092e+00,-2.941151e-03,3.568335e+01,-2.472841e+01,8.430948e+00,-4.450138e+00,-3.131904e+00,-4.149439e+01,1.790298e+01,2.694821e+01,-3.471572e+00,-5.169724e+00,-5.259776e+00,-2.033518e+01,0,8.250236e-04,0,0,0,-1.400020e-02,-4.971316e-02,-1.246771e-03,4.479165e-03,-1.279862e-02,-2.642790e-02,-1.909413e-02,-1.971037e-02,-7.608166e-02,-1.101126e-01,-1.500694e-01,-3.764223e-02,-9.953857e-04,1.663979e-02,2.290984e-02,-2.768495e-02,-2.524030e-01,-2.120138e-01,2.274789e-02,3.416931e-02,1.632695e-02,1.898051e-02,-2.047666e-02,-1.388423e-01,-1.476665e-01,-9.254985e-02,-7.839632e-03,2.137683e-02,-3.098523e-02,-6.229921e-02,-2.652124e-03,-8.173730e-04,2.083331e+00,-1.250000e+01,-1.250001e+01,8.333325e+00,-2.324259e-03,8.718686e-02,2.098069e+03,-1.658102e-02,-1.019788e-01,6.239893e-04,-1.364296e-01,-1.050352e+00,-3.648267e-01,-3.341552e-01,-1.824400e-01,1.940601e+00,-3.918287e-01,-3.160790e+00,1.626517e+00,-1.450058e+00,3.036892e+00,1.359036e-01
fru,0.360000,0,5.733643e-01,0,0,0,3.505796e-01,9.795486e-01,1.188496e-02,1.458333e-01,1.454447e-01,2.077115e-01,2.300845e-01,4.823142e-01,4.984396e-01,8.767128e-01,1.208565e+00,1.285216e+00,8.106952e-01,8.765261e-01,1.039140e+00,1.717124e+00,1.879127e+00,1.790492e+00,1.166315e+00,1.007875e+00,8.346207e-01,8.418393e-01,1.089122e+00,1.568888e+00,1.719147e+00,1.232530e+00,9.491301e-01,8.737717e-01,6.622574e-01,4.751775e-01,1.030304e-02,4.738906e-03,4.270833e+02,5.937500e+02,1.072917e+03,1.802083e+03,9.908537e-02,5.045268e+00,3.710757e+05,1.239036e+00,4.872710e+00,-2.792853e-03,3.583279e+01,-2.359715e+01,9.725680e+00,-4.408267e+00,-8.934911e-01,-3.983615e+01,1.573252e+01,2.959019e+01,2.195295e+00,-6.245617e+00,-1.023493e+00,-1.741481e+01,0,8.659249e-03,0,0,0,-9.514630e-03,-4.136219e-02,-8.812711e-04,1.458329e-03,-9.290352e-03,-2.178471e-02,-1.431121e-02,-1.737261e-03,-4.676778e-02,-7.309254e-02,-1.232588e-01,-7.270455e-02,2.737117e-02,2.008532e-02,1.834699e-02,-3.524059e-02,-1.990833e-01,-1.849709e-01,2.752525e-02,4.372024e-03,2.137646e-02,3.422867e-02,1.346618e-02,-1.330449e-01,-1.478221e-01,-1.165998e-01,3.919440e-03,8.588791e-03,-2.523533e-02,-4.975467e-02,-8.217491e-04,-3.901629e-04,6.249994e+00,-1.145834e+01,2.812500e+01,-1.354169e+01,-8.153539e-03,4.347124e-02,-5.835447e+03,-1.434823e-02,6.351519e-02,2.816064e-04,-4.775543e-02,-5.711581e-01,-1.079980e+00,-7.062938e-01,8.889406e-01,1.168816e+00,-1.764795e+00,-7.022406e-01,3.257052e+00,8.329214e-01,3.558590e+00,3.147186e+00
fru,0.370000,0,5.883510e-01,0,0,0,3.517260e-01,9.456581e-01,1.141147e-02,1.500000e-01,1.386686e-01,1.908240e-01,2.182218e-01,4.927007e-01,4.694732e-01,8.375979e-01,1.106603e+00,1.191277e+00,8.662605e-01,8.843217e-01,1.047316e+00,1.683039e+00,1.705088e+00,1.623161e+00,1.199710e+00,9.903491e-01,8.609564e-01,8.981109e-01,1.118571e+00,1.462119e+00,1.588121e+00,1.081131e+00,9.694899e-01,8.787944e-01,6.434323e-01,4.417731e-01,8.819173e-03,5.784578e-03,5.104167e+02,6.145833e+02,1.385417e+03,1.822917e+03,8.104201e-02,5.107027e+00,3.731335e+05,9.729181e-01,4.135657e+00,-2.553986e-03,3.508702e+01,-2.606190e+01,4.304341e+00,-5.711114e+00,-9.852417e-01,-4.032690e+01,1.024658e+01,2.938262e+01,6.108496e+00,-2.924058e+00,3.612219e+00,-1.019270e+01,0,1.185439e-02,0,0,0,-1.048683e-02,-3.084718e-02,-5.235571e-04,-5.104168e-03,-2.462098e-03,-1.487738e-02,-1.265286e-02,-2.631649e-03,-1.736530e-02,-3.673341e-02,-9.117197e-02,-8.619256e-02,2.944931e-02,2.438455e-02,1.534567e-02,-2.923149e-02,-1.242100e-01,-1.487293e-01,-3.766537e-03,-2.888254e-02,1.418086e-02,2.737240e-02,4.083364e-02,-1.100349e-01,-1.298536e-01,-8.365669e-02,1.347473e-02,-9.906257e-03,-1.291423e-02,-2.179632e-02,-2.677766e-04,-1.366871e-04,-3.020834e+01,-4.166669e+00,7.291669e+01,-1.979168e+01,-8.609990e-03,1.291628e-02,4.534822e+03,-6.480203e-02,-1.214144e-01,1.506014e-04,-1.088100e-01,3.460857e-01,-1.267434e+00,1.221033e+00,1.962555e+00,1.342565e+00,-1.007991e+00,1.035183e+00,2.766221e+00,1.729502e+00,1.452197e+00,3.503997e+00
fru,0.380000,0,6.010831e-01,0,0,0,3.397956e-01,9.256160e-01,1.112134e-02,1.385417e-01,1.407439e-01,1.754118e-01,2.005573e-01,4.884729e-01,4.853413e-01,8.368093e-01,1.037048e+00,1.108278e+00,8.948568e-01,9.259391e-01,1.080215e+00,1.657041e+00,1.647725e+00,1.502379e+00,1.159484e+00,9.252781e-01,8.742058e-01,9.238365e-01,1.188410e+00,1.390791e+00,1.481449e+00,1.028303e+00,9.927161e-01,8.512626e-01,6.352009e-01,4.342575e-01,9.820567e-03,5.550566e-03,4.166667e+02,6.145833e+02,1.343750e+03,1.729167e+03,7.548285e-02,4.994445e+00,3.520165e+05,1.001504e+00,4.505337e+00,-2.617173e-03,3.591711e+01,-2.475863e+01,4.236142e+00,-4.486729e+00,3.871134e+00,-3.989477e+01,1.131028e+01,3.302609e+01,1.067817e+01,1.488699e+00,6.210705e+00,-6.552542e+00,0,1.154321e-02,0,0,0,-1.673704e-02,-2.606635e-02,-4.890286e-04,-1.177083e-02,4.636849e-03,-5.178395e-03,-7.434762e-03,-1.738670e-02,-6.966772e-03,-3.188602e-02,-7.714134e-02,-7.983996e-02,7.606864e-03,2.421931e-02,1.271797e-02,-4.046655e-02,-7.249012e-02,-1.127484e-01,-3.977498e-02,-4.408604e-02,3.309011e-03,4.948407e-03,4.888957e-02,-9.939788e-02,-1.148680e-01,-1.870983e-02,8.379525e-03,-2.391612e-02,-1.231360e-03,1.090044e-03,-3.640181e-04,-5.493400e-04,-75,-2.708333e+01,-2.604165e+01,-1.770834e+01,-5.853961e-03,-4.857426e-02,1.140062e+04,1.689816e-02,5.832834e-02,1.850537e-04,-1.144852e-01,1.158378e+00,6.239406e-01,2.757469e+00,2.892252e+00,2.694533e+00,1.418456e+00,-2.140078e-01,9.704370e-01,5.463617e-01,-1.529248e+00,1.051338e+00
fru,0.390000,0,6.121522e-01,0,0,0,3.169847e-01,9.037463e-01,1.074077e-02,1.177083e-01,1.496648e-01,1.731422e-01,1.915897e-01,4.569031e-01,4.898659e-01,8.104377e-01,9.753802e-01,1.031538e+00,8.845115e-01,9.657494e-01,1.092669e+00,1.634605e+00,1.636626e+00,1.418280e+00,1.084867e+00,8.657749e-01,8.566310e-01,8.981020e-01,1.246279e+00,1.285447e+00,1.364964e+00,1.065371e+00,9.993384e-01,8.141901e-01,6.461642e-01,4.593097e-01,8.601824e-03,4.543155e-03,2.812500e+02,6.145833e+02,1.333333e+03,1750,7.405335e-02,5.102942e+00,4.000778e+05,9.616743e-01,4.267706e+00,-2.275985e-03,3.509713e+01,-2.241724e+01,4.838546e+00,1.694259e+00,4.298559e+00,-3.475226e+01,1.507415e+01,3.040617e+01,6.118094e+00,-3.893733e-01,-1.615892e+00,-8.246335e+00,0,-1.158605e-01,0,0,0,-2.311668e-02,-2.904578e-02,-5.457733e-04,-1.458333e-02,1.094828e-02,9.526032e-03,6.418998e-03,-3.038341e-02,-2.404238e-02,-5.568116e-02,-8.035620e-02,-7.699535e-02,-2.335816e-02,1.084262e-03,-8.216226e-03,-6.165013e-02,-6.577127e-02,-9.393154e-02,-6.052037e-02,-3.610114e-02,-2.332169e-03,-1.511983e-02,3.450637e-02,-1.008179e-01,-1.016067e-01,3.384896e-02,-4.279351e-03,-2.617754e-02,4.253847e-03,1.156442e-02,-2.967287e-04,-9.357342e-04,-9.583333e+01,-7.187498e+01,-1.250000e+02,-8.333313e+00,-4.097058e-03,-1.371323e-01,1.988411e+04,1.094162e-01,1.718614e-01,2.059237e-04,-2.825851e-01,2.220950e+00,2.923582e+00,4.557028e+00,4.110969e+00,3.891845e+00,2.582093e+00,-5.739740e-01,-7.460874e-01,-2.311544e+00,-4.826484e+00,-2.017105e+00
fru,0.400000,0,6.191797e-01,0,0,0,2.842650e-01,8.701728e-01,9.775170e-03,1.031250e-01,1.631308e-01,1.906604e-01,2.062267e-01,4.132795e-01,4.534093e-01,7.308628e-01,8.884699e-01,9.658856e-01,8.396041e-01,9.569088e-01,1.080054e+00,1.539008e+00,1.550907e+00,1.329191e+00,1.024861e+00,8.497322e-01,8.533284e-01,8.665858e-01,1.269716e+00,1.160234e+00,1.256385e+00,1.146861e+00,9.761035e-01,7.864932e-01,6.547346e-01,4.718595e-01,8.591627e-03,2.612917e-03,1.666667e+02,4.583333e+02,9.687500e+02,1750,7.330990e-02,4.804439e+00,4.146066e+05,1.329149e+00,5.098327e+00,-2.006585e-03,3.525531e+01,-1.962759e+01,1.257828e+01,5.676392e+00,1.092587e+01,-2.915081e+01,2.041102e+01,2.800837e+01,7.042681e+00,-4.781151e+00,-6.055676e+00,-1.313130e+01,0,-5.610526e-02,0,0,0,-2.167225e-02,-3.381516e-02,-5.107630e-04,-1.041666e-02,1.329585e-02,2.582840e-02,2.487018e-02,-3.612440e-02,-5.129172e-02,-8.303896e-02,-9.077241e-02,-7.665701e-02,-4.483979e-02,-3.984004e-02,-3.877549e-02,-8.878000e-02,-8.656605e-02,-8.437993e-02,-6.444238e-02,-1.879445e-02,1.683915e-03,-1.530128e-02,9.334385e-03,-8.869513e-02,-7.738757e-02,4.447684e-02,-9.958113e-03,-1.588879e-02,1.500761e-03,1.135015e-02,-2.848429e-04,-8.660921e-04,-6.458333e+01,-9.270833e+01,-1.697917e+02,1.220703e-05,-5.963300e-03,-2.049933e-01,1.356049e+04,1.667589e-01,2.515727e-01,1.869972e-04,-4.695740e-01,2.137087e+00,3.545939e+00,3.554966e+00,3.968867e+00,3.404356e+00,2.050757e+00,-5.691103e-01,-7.964240e-01,-3.987827e+00,-5.307091e+00,-2.924768e+00
fru,0.410000,0,0,0,0,0,2.639078e-01,8.281508e-01,9.355694e-03,9.479167e-02,1.822165e-01,2.308299e-01,2.474821e-01,3.783804e-01,3.652273e-01,6.121654e-01,7.791107e-01,8.774967e-01,7.770961e-01,8.742582e-01,1.006315e+00,1.433804e+00,1.424640e+00,1.240097e+00,9.644195e-01,8.476164e-01,8.597342e-01,8.511372e-01,1.250449e+00,1.073308e+00,1.192620e+00,1.191096e+00,9.563994e-01,7.802914e-01,6.549347e-01,4.807942e-01,7.950000e-03,2.574731e-03,1.562500e+02,3.333333e+02,9.479167e+02,1.770833e+03,6.164319e-02,4.516369e+00,441259,1.356177e+00,4.698469e+00,-1.829661e-03,3.400500e+01,-1.752267e+01,1.475118e+01,1.199247e+01,1.604223e+01,-2.623965e+01,1.860668e+01,2.902161e+01,4.195805e+00,-1.134685e+01,-1.438701e+01,-1.698885e+01,0,3.641462e-03,0,0,0,-1.743595e-02,-3.426145e-02,-5.402369e-04,-1.562502e-03,1.093955e-02,3.405861e-02,3.592074e-02,-3.318167e-02,-6.215049e-02,-8.805387e-02,-9.246700e-02,-7.344007e-02,-5.018688e-02,-6.752150e-02,-6.523126e-02,-1.096361e-01,-9.366249e-02,-8.159211e-02,-6.324624e-02,-1.308795e-02,6.484330e-03,-2.039146e-03,-1.866984e-03,-5.287199e-02,-4.205447e-02,2.330278e-02,-1.041776e-03,-3.315932e-03,-8.837891e-03,3.982821e-03,-4.270126e-04,-5.755724e-04,-2.604167e+01,-6.666666e+01,-8.854167e+01,-1.562500e+01,-7.291975e-03,-1.794345e-01,3.276359e+03,1.269167e-01,2.237699e-01,1.772558e-04,-4.870613e-01,1.746496e+00,2.337161e+00,1.117935e+00,3.112178e+00,1.619738e+00,7.800611e-01,3.337255e-01,-1.490672e-01,-3.621991e+00,-2.372499e+00,-8.522933e-01
fru,0.420000,0,6.266329e-01,0,0,0,2.579728e-01,7.943379e-01,9.260067e-03,9.791666e-02,1.909473e-01,2.757100e-01,2.969620e-01,3.471123e-01,2.912020e-01,5.207507e-01,6.813205e-01,8.020137e-01,7.243655e-01,7.724845e-01,9.295141e-01,1.313541e+00,1.320887e+00,1.169571e+00,8.974954e-01,8.403851e-01,8.810738e-01,8.708126e-01,1.232997e+00,1.053385e+00,1.180683e+00,1.187824e+00,9.643950e-01,7.887681e-01,6.383195e-01,4.802660e-01,8.722264e-03,2.204317e-03,1.562500e+02,2.916667e+02,6.875000e+02,1.718750e+03,5.187142e-02,4.262765e+00,3.992284e+05,1.638047e+00,5.547820e+00,-1.905348e-03,3.411531e+01,-1.652048e+01,1.700952e+01,8.138997e+00,1.784363e+01,-2.712929e+01,1.979780e+01,3.087282e+01,7.657197e+00,-1.297170e+01,-1.393919e+01,-1.680513e+01,0,-6.117265e-02,0,0,0,-1.279501e-02,-2.867413e-02,-6.275101e-04,6.979165e-03,3.321602e-03,2.646689e-02,3.005620e-02,-2.708141e-02,-4.566692e-02,-6.770017e-02,-7.701795e-02,-6.206518e-02,-4.088895e-02,-6.762867e-02,-7.979717e-02,-1.135485e-01,-6.731506e-02,-7.757858e-02,-5.893935e-02,-1.774302e-02,-9.454488e-05,1.086602e-02,3.527057e-03,-1.454061e-02,-1.019895e-02,-4.030943e-04,1.776581e-02,5.704045e-03,-1.723414e-02,2.207598e-03,-1.087774e-03,-2.734209e-04,-4.166669e+00,5.208331e+00,9.166666e+01,-1.250001e+01,-6.838445e-03,-5.656719e-04,1.510598e+04,-2.753143e-02,-9.594550e-02,2.485550e-04,-8.420159e-01,9.629451e-01,2.542419e-01,-1.037435e+00,4.596460e-01,-4.331617e-01,1.209717e-02,7.655600e-01,2.770581e-01,-1.598528e+00,3.592517e-01,2.124015e+00
fru,0.430000,0,6.266329e-01,0,0,0,2.429511e-01,7.703565e-01,8.297139e-03,1.125000e-01,1.904543e-01,3.009105e-01,3.258258e-01,3.240784e-01,2.602171e-01,4.752244e-01,6.166200e-01,7.462738e-01,6.911964e-01,7.203541e-01,8.417823e-01,1.199158e+00,1.283324e+00,1.090129e+00,8.323190e-01,8.050087e-01,8.751799e-01,8.857929e-01,1.255304e+00,1.074512e+00,1.192542e+00,1.161403e+00,9.999837e-01,7.964731e-01,6.101823e-01,4.750205e-01,6.401442e-03,1.869593e-03,1.562500e+02,3.645833e+02,1.031250e+03,1.687500e+03,4.831271e-02,4.476606e+00,4.241488e+05,1.441809e+00,5.161810e+00,-1.440324e-03,3.323183e+01,-1.523831e+01,1.430873e+01,6.052631e+00,1.640057e+01,-2.766433e+01,1.928106e+01,3.064258e+01,5.065500e+00,-1.440405e+01,-9.536628e+00,-1.067089e+01,0,7.896803e-02,0,0,0,-1.372973e-02,-2.210476e-02,-8.747421e-04,1.041667e-02,-6.022379e-03,5.753082e-03,1.027904e-02,-2.063841e-02,-1.238957e-02,-4.037273e-02,-5.620150e-02,-4.270400e-02,-2.710592e-02,-4.800581e-02,-7.663597e-02,-1.164604e-01,-3.856241e-02,-7.297315e-02,-4.696027e-02,-2.360944e-02,-1.307717e-02,1.930915e-02,1.094471e-02,5.385530e-03,1.080584e-03,-4.022264e-03,2.492311e-02,1.086001e-02,-1.754996e-02,3.252328e-05,-1.511768e-03,-3.245983e-04,-3.125001e+00,2.604167e+01,1.593750e+02,-1.041687e+00,-4.394103e-03,1.076690e-01,2.692612e+04,-8.503725e-02,-1.766412e-01,3.192500e-04,-9.867861e-01,5.714711e-01,-3.077640e-01,-1.629755e+00,-7.132920e-01,-1.098416e+00,-9.628181e-02,-4.177586e-01,2.238385e-01,-7.273548e-01,2.553478e+00,3.515994e+00
fru,0.440000,0,0,0,0,0,2.307684e-01,7.556993e-01,7.166897e-03,1.291667e-01,1.756200e-01,2.879546e-01,3.173359e-01,3.050235e-01,2.775798e-01,4.608324e-01,5.846255e-01,7.211712e-01,6.781092e-01,6.957175e-01,7.633345e-01,1.088588e+00,1.284990e+00,1.016282e+00,7.962150e-01,7.823210e-01,8.451328e-01,9.035880e-01,1.284924e+00,1.086929e+00,1.205429e+00,1.159692e+00,1.043140e+00,8.069226e-01,5.909401e-01,4.857843e-01,3.927036e-03,1.598382e-03,1.458333e+02,4.687500e+02,1.385417e+03,1.729167e+03,4.578292e-02,4.821492e+00,4.986916e+05,1.148676e+00,4.386929e+00,-9.584790e-04,3.143182e+01,-1.595504e+01,1.407071e+01,3.459132e+00,1.304493e+01,-3.060428e+01,2.013431e+01,3.102569e+01,7.993124e+00,-1.124519e+01,-6.684610e+00,-5.670208e+00,3.261189e+01,2.856209e-02,0,0,3.117309e-02,-1.588899e-02,-1.902218e-02,-1.221838e-04,4.583335e-03,-1.160725e-02,-1.496547e-02,-9.541800e-03,-1.207253e-02,1.140320e-02,-2.791229e-02,-4.437745e-02,-3.051267e-02,-2.193121e-02,-3.405442e-02,-6.174903e-02,-1.100158e-01,-3.889303e-02,-6.589293e-02,-3.058271e-02,-2.485186e-02,-2.647463e-02,2.080930e-02,-7.339359e-04,6.583309e-03,-7.034636e-03,5.309391e-03,1.588432e-02,1.726483e-02,-3.510213e-03,4.883200e-03,-1.292379e-03,-3.246309e-04,-3.125001e+00,1.041666e+00,8.229167e+01,-7.187502e+01,-2.215324e-03,2.831984e-02,1.518512e+04,1.340380e-01,1.873802e+00,2.798819e-04,-1.335305e+00,1.288410e+00,-2.916994e-01,5.559493e-01,-6.994090e-01,-1.668373e-01,-1.035715e+00,-1.254942e+00,-9.291061e-01,-1.206895e-01,1.637854e+00,1.715676e+00
fru,0.450000,0,7.081566e-01,0,0,0,2.088614e-01,7.369463e-01,6.028568e-03,1.312500e-01,1.597683e-01,2.534730e-01,2.886904e-01,2.962328e-01,3.100905e-01,4.402609e-01,5.464507e-01,7.043980e-01,6.646947e-01,6.726127e-01,7.062253e-01,9.639788e-01,1.249776e+00,9.518760e-01,7.802584e-01,7.586012e-01,8.123189e-01,9.312952e-01,1.279209e+00,1.083463e+00,1.185650e+00,1.185051e+00,1.041642e+00,8.255141e-01,5.908746e-01,4.781977e-01,2.788773e-03,1.254707e-03,1.458333e+02,375,1.395833e+03,1.760417e+03,4.271693e-02,4.775350e+00,526158,1.175676e+00,4.395708e+00,-7.068459e-04,3.041282e+01,-1.494804e+01,1.468176e+01,6.183623e+00,1.487512e+01,-2.999424e+01,1.795701e+01,2.685638e+01,5.147034e+00,-1.584688e+01,-5.246913e+00,-4.976335e+00,4.935460e+01,9.791042e-02,0,0,4.675963e-02,-3.375479e-03,-1.329117e-02,3.108899e-03,-8.229164e-03,-9.393287e-03,-1.651120e-02,-8.066761e-03,7.259762e-03,2.091167e-02,-2.843699e-02,-3.987820e-02,-2.754504e-02,-2.194083e-02,-3.081346e-02,-3.255238e-02,-9.464485e-02,-7.225536e-02,-4.952430e-02,-1.953143e-02,-1.654227e-02,-1.978717e-02,2.721289e-02,-1.994032e-02,1.422255e-02,-1.661560e-02,1.788975e-02,6.523168e-03,3.102773e-02,2.776645e-02,2.559513e-02,1.606042e-02,-3.001070e-04,0,-5.312500e+01,-1.656250e+02,-2.072917e+02,2.465100e-02,-2.452398e-01,-4.471729e+04,1.231047e+00,2.874126e+01,-2.894092e-03,-6.029693e-01,3.515809e+00,1.196586e+00,2.299711e+00,-1.701482e-01,1.967495e+00,-2.949936e+00,-3.263377e+00,-2.845406e+00,-4.883212e-01,-1.600070e-01,-5.722474e-01
fru,0.460000,1.630594e+02,7.286816e-01,0,0,1.558654e-01,1.955727e-01,7.159321e-01,9.783433e-03,1.114583e-01,1.482541e-01,2.246014e-01,2.678207e-01,3.006725e-01,3.232813e-01,3.986710e-01,4.945179e-01,6.703882e-01,6.279603e-01,6.260831e-01,6.885474e-01,8.810517e-01,1.143196e+00,9.092326e-01,7.706122e-01,7.393296e-01,7.801312e-01,9.521080e-01,1.217374e+00,1.081826e+00,1.148957e+00,1.202547e+00,1.022987e+00,8.605717e-01,6.304223e-01,5.030934e-01,4.066706e-03,8.886061e-04,1.458333e+02,2.916667e+02,9.166667e+02,1.322917e+03,4.359269e-02,4.254992e+00,4.241493e+05,2.441303e+00,1.529988e+01,-8.726777e-04,2.884829e+01,-1.022357e+01,1.536451e+01,1.085325e+01,1.510931e+01,-2.679852e+01,1.528125e+01,2.649121e+01,2.970900e+00,-1.285373e+01,-7.894775e+00,-1.107403e+01,5.059032e+01,1.551126e-01,0,0,4.863460e-02,2.294362e-02,6.368548e-03,8.986262e-03,-2.052083e-02,5.722200e-03,1.630183e-02,3.036721e-02,6.446397e-02,3.249242e-02,-2.687984e-02,-3.323387e-02,-2.719067e-02,-1.247809e-02,-1.374092e-02,8.581733e-03,-7.025374e-02,-1.123614e-01,-3.496381e-02,-1.491647e-02,5.453825e-03,1.814659e-02,4.333375e-02,-1.391572e-02,5.658591e-02,-5.150318e-04,2.523763e-02,1.839731e-02,5.615637e-02,7.391234e-02,7.087867e-02,6.280224e-02,-1.960333e-04,3.125001e+00,-7.708334e+01,-325,-3.635417e+02,5.630807e-02,-4.931334e-01,-1.141436e+05,2.518759e+00,6.392098e+01,-1.142035e-02,8.519667e-01,6.192369e+00,2.899830e+00,2.867568e+00,3.110695e-03,4.220771e+00,-5.632337e+00,-6.373613e+00,-5.831493e+00,7.454075e-01,-1.646418e-01,-1.372745e+00
fru,0.470000,1.652433e+02,7.518442e-01,0,0,1.558654e-01,2.436715e-01,7.237842e-01,2.253337e-02,8.020833e-02,1.571708e-01,2.500311e-01,3.102495e-01,3.625527e-01,3.419248e-01,3.641202e-01,4.622828e-01,6.339400e-01,6.065667e-01,6.011040e-01,7.164139e-01,8.297022e-01,9.929443e-01,8.960323e-01,7.474632e-01,7.437931e-01,8.087449e-01,9.975974e-01,1.189377e+00,1.148177e+00,1.137701e+00,1.229424e+00,1.042676e+00,9.247872e-01,7.292735e-01,5.943416e-01,8.663372e-02,7.239459e-04,1.562500e+02,1.875000e+02,4.375000e+02,8.541667e+02,1.726628e-01,3.533657e+00,2.378334e+05,6.950730e+00,1.434116e+02,-1.595369e-02,3.150874e+01,-5.250041e-01,1.964477e+01,1.385413e+01,1.451764e+01,-1.972973e+01,6.957912e+00,1.659293e+01,-6.650417e+00,-1.604139e+01,-9.731580e+00,-1.083022e+01,3.649577e+01,1.078625e-02,3.016267e-02,0,2.449838e-02,6.555712e-02,5.778750e-02,1.580815e-02,-2.468750e-02,3.568245e-02,8.756612e-02,1.095662e-01,2.045724e-01,8.134420e-02,-2.063641e-03,-1.090323e-02,-1.130282e-02,3.127731e-02,4.458797e-02,6.574661e-02,-3.551977e-02,-1.209400e-01,-2.480397e-02,-3.023624e-03,6.323868e-02,1.033631e-01,9.215731e-02,5.238304e-02,1.545839e-01,7.528359e-02,5.266614e-02,6.990622e-02,1.021552e-01,1.337185e-01,1.512326e-01,1.504419e-01,1.430074e-04,3.125001e+00,-4.895833e+01,-2.947917e+02,-3.791667e+02,8.711815e-02,-5.167086e-01,-1.364494e+05,3.404108e+00,9.521645e+01,-2.742930e-02,2.111754e+00,7.360509e+00,4.071465e+00,8.468862e-01,-5.718972e-01,5.113450e+00,-7.322566e+00,-9.383863e+00,-7.183226e+00,3.059693e+00,9.256685e-01,1.317225e-01
fru,0.480000,1.703300e+02,7.537193e-01,0,0,1.652403e-01,3.280814e-01,7.941231e-01,4.384580e-02,5.208333e-02,2.055297e-01,3.711847e-01,4.583924e-01,5.941834e-01,4.241248e-01,3.645036e-01,4.605401e-01,6.204468e-01,6.447827e-01,6.627672e-01,8.011488e-01,8.044581e-01,8.515997e-01,8.693845e-01,7.380303e-01,8.169942e-01,9.376528e-01,1.087106e+00,1.260262e+00,1.337502e+00,1.226829e+00,1.263693e+00,1.134610e+00,1.038068e+00,8.913024e-01,7.821057e-01,2.760158e-01,8.835958e-04,1.562500e+02,1.770833e+02,2.395833e+02,3.645833e+02,2.623504e-01,2.976672e+00,7.213562e+04,1.085494e+01,2.544839e+02,-5.043679e-02,3.514369e+01,7.795286e+00,2.608836e+01,1.396172e+01,1.323923e+01,-1.463268e+01,-2.527819e+00,4.289349e+00,-1.526562e+01,-7.420899e+00,-5.265485e+00,-9.606993e+00,6.005307e+00,6.710893e-03,4.059293e-02,3.148188e-02,-2.090545e-02,8.991983e-02,1.366208e-01,1.987487e-02,-2.010417e-02,7.369079e-02,1.810195e-01,2.161476e-01,4.342223e-01,1.823045e-01,5.051881e-02,1.788946e-02,2.682083e-02,1.197819e-01,1.461680e-01,1.354770e-01,-2.180099e-03,-8.728121e-02,-1.890932e-02,2.695244e-02,1.512425e-01,2.276834e-01,1.757474e-01,1.809295e-01,2.929702e-01,2.029468e-01,1.106756e-01,1.360997e-01,1.635186e-01,1.879658e-01,2.197397e-01,2.392292e-01,3.990647e-04,2.083334e+00,-2.083333e+01,-1.489583e+02,-2.468750e+02,7.305060e-02,-3.832577e-01,-1.031468e+05,3.118008e+00,9.891713e+01,-4.364235e-02,2.651787e+00,5.962575e+00,4.247721e+00,-1.609437e+00,-2.123328e-01,4.157105e+00,-6.929144e+00,-1.071911e+01,-6.954359e+00,3.398194e+00,3.431711e+00,1.520644e+00
fru,0.490000,1.788436e+02,7.495689e-01,1.508133e-01,0,1.178045e-01,4.703926e-01,9.867883e-01,6.803812e-02,3.750000e-02,3.095427e-01,6.180120e-01,7.412354e-01,1.172339e+00,6.663898e-01,4.470263e-01,5.089235e-01,6.728546e-01,8.126700e-01,8.772104e-01,9.786577e-01,8.246768e-01,7.908744e-01,8.477802e-01,7.814313e-01,1.035962e+00,1.250374e+00,1.324583e+00,1.519681e+00,1.728545e+00,1.523132e+00,1.417809e+00,1.335362e+00,1.247542e+00,1.129027e+00,1.094855e+00,6.190237e-01,1.972249e-03,1.562500e+02,1.875000e+02,2.604167e+02,3.437500e+02,3.689288e-01,2.830967e+00,1.991765e+04,1.398940e+01,3.608860e+02,-1.130713e-01,3.782389e+01,1.284508e+01,2.967716e+01,8.863816e+00,1.295068e+01,-1.050991e+01,-9.751285e+00,-8.962003e+00,-2.165084e+01,-3.264833e+00,-1.933216e+00,-5.051239e+00,6.821528e+00,8.440226e-03,2.657312e-02,3.936503e-02,-3.163169e-02,1.004147e-01,2.170141e-01,2.030195e-02,-1.260417e-02,9.862121e-02,2.514384e-01,3.019651e-01,6.245773e-01,3.044923e-01,1.181930e-01,4.212708e-02,8.191715e-02,2.337577e-01,2.495379e-01,2.068833e-01,4.151720e-02,-2.379159e-02,-5.760759e-03,8.239660e-02,2.394689e-01,3.496135e-01,2.953283e-01,3.523346e-01,4.165453e-01,3.327241e-01,1.841193e-01,1.888416e-01,2.185220e-01,2.148359e-01,2.421613e-01,3.161579e-01,9.745458e-04,0,1.041667e+00,-3.958333e+01,-1.020833e+02,4.335767e-02,-2.149275e-01,-4.870754e+04,1.774380e+00,5.694788e+01,-5.776619e-02,1.779847e+00,2.675389e+00,2.804822e+00,-3.164831e+00,-3.941239e-01,2.837898e+00,-4.955984e+00,-7.393622e+00,-3.442521e+00,1.977278e+00,3.559678e+00,1.975387e+00
fru,0.500000,1.862858e+02,7.633737e-01,1.275580e-01,1.574094e-01,7.036867e-02,5.318113e-01,1.267534e+00,8.640537e-02,3.229167e-02,4.405221e-01,9.457087e-01,1.133066e+00,2.066891e+00,1.072571e+00,6.098120e-01,5.606449e-01,7.850351e-01,1.123818e+00,1.218870e+00,1.234810e+00,8.726639e-01,8.078244e-01,8.388121e-01,8.883904e-01,1.349457e+00,1.697734e+00,1.667352e+00,1.956870e+00,2.256493e+00,1.970975e+00,1.661733e+00,1.557143e+00,1.516787e+00,1.370375e+00,1.351535e+00,9.340177e-01,2.259778e-03,1.562500e+02,1.875000e+02,2.604167e+02,3.437500e+02,3.107127e-01,2.690048e+00,1.737308e+04,1.451201e+01,4.011483e+02,-1.705256e-01,3.894965e+01,1.290427e+01,3.158691e+01,5.301219e+00,1.483112e+01,-1.062291e+01,-1.100987e+01,-1.432690e+01,-2.430068e+01,-2.251041e+00,5.364600e+00,-6.360297e+00,5.499394e+00,1.440457e-02,3.275482e-03,2.700627e-02,-2.344348e-02,1.250252e-01,2.809905e-01,1.769935e-02,-5.208333e-03,9.072169e-02,2.575508e-01,3.249338e-01,6.401930e-01,4.100692e-01,1.873882e-01,7.426973e-02,1.467004e-01,3.488951e-01,3.131356e-01,2.701265e-01,1.165180e-01,6.035069e-02,3.926869e-02,1.569622e-01,2.978547e-01,4.729794e-01,4.734775e-01,5.728336e-01,4.885586e-01,4.149394e-01,2.629583e-01,2.125511e-01,2.406559e-01,2.169614e-01,2.148978e-01,3.455349e-01,5.304073e-03,2.083334e+00,4.166669e+00,5.208336e+00,1.354167e+01,3.480265e-02,-4.610937e-02,-1.702201e+03,4.723511e-02,-1.391309e+00,-6.339117e-02,5.668060e-01,-1.012307e+00,1.076989e+00,-3.888573e+00,-1.460347e+00,1.588258e+00,-3.689042e+00,-2.351936e+00,8.635985e-01,-8.114535e-01,9.930622e-01,1.925856e+00
fru,0.510000,1.913730e+02,7.892182e-01,6.908660e-02,1.181205e-01,4.514277e-02,6.438803e-01,1.572149e+00,1.027633e-01,2.708333e-02,5.327807e-01,1.219961e+00,1.482738e+00,2.749085e+00,1.540163e+00,8.324308e-01,6.228659e-01,9.612316e-01,1.535838e+00,1.570742e+00,1.534000e+00,1.003185e+00,8.958740e-01,8.825148e-01,1.084266e+00,1.674906e+00,2.176772e+00,2.184116e+00,2.602746e+00,2.771408e+00,2.429248e+00,1.951001e+00,1.775618e+00,1.778038e+00,1.563917e+00,1.520433e+00,1.338422e+00,4.908584e-03,1.562500e+02,1.875000e+02,2.291667e+02,3.541667e+02,3.652700e-01,2.602331e+00,2.167697e+04,1.399410e+01,3.548188e+02,-2.447402e-01,3.850499e+01,1.029745e+01,3.091960e+01,2.360227e+00,1.175107e+01,-7.545129e+00,-1.358098e+01,-1.106706e+01,-1.934549e+01,-8.739924e+00,2.751769e+00,-2.576632e+00,2.602055e+00,1.636344e-02,-2.983193e-02,-3.187473e-03,-5.413114e-03,1.755110e-01,3.301992e-01,1.392064e-02,2.395834e-03,4.751881e-02,1.843936e-01,2.623844e-01,4.232451e-01,4.546650e-01,2.667978e-01,1.513231e-01,2.114229e-01,4.507886e-01,3.381648e-01,3.510864e-01,2.700866e-01,1.706430e-01,1.240216e-01,2.545963e-01,3.277569e-01,6.443599e-01,7.490351e-01,8.240268e-01,4.880453e-01,4.366326e-01,3.411196e-01,1.977450e-01,2.222492e-01,2.189227e-01,1.741451e-01,3.148566e-01,2.066944e-02,5.208333e+00,1.770834e+01,3.125000e+01,6.875000e+01,5.243453e-02,1.313941e-01,2.535823e+04,-1.791204e+00,-6.985378e+01,-5.929083e-02,-4.583622e-01,-4.445472e+00,-1.257600e+00,-3.944516e+00,-3.231221e+00,1.033859e+00,-3.393146e+00,2.013005e+00,5.505437e+00,-4.497001e-01,-2.746744e+00,9.534432e-01
fru,0.520000,1.915622e+02,8.059176e-01,5.724077e-02,7.597111e-02,8.435372e-02,8.664637e-01,1.906395e+00,1.149800e-01,3.125000e-02,5.475191e-01,1.357964e+00,1.712310e+00,3.006776e+00,2.037584e+00,1.108742e+00,7.749176e-01,1.209760e+00,2.027674e+00,1.881679e+00,1.874110e+00,1.297794e+00,1.100853e+00,1.048361e+00,1.371424e+00,1.986796e+00,2.839350e+00,3.024727e+00,3.582897e+00,3.258863e+00,2.848468e+00,2.311889e+00,1.977238e+00,1.976100e+00,1.758665e+00,1.643806e+00,1.643991e+00,2.593579e-02,1.666667e+02,1.979167e+02,2.812500e+02,4.270833e+02,4.381930e-01,2.860443e+00,6.274496e+04,1.108877e+01,2.505609e+02,-3.015582e-01,3.763717e+01,4.007568e+00,3.085209e+01,-2.229350e+00,6.537294e+00,-8.173778e+00,-1.905818e+01,-6.417806e+00,-1.210030e+01,-8.740621e+00,-2.642667e+00,-1.215016e+00,-2.044022e-01,1.291364e-02,-2.357066e-02,-3.797889e-02,3.377631e-03,2.487855e-01,4.096630e-01,1.242718e-02,9.375000e-03,-7.776177e-03,6.548693e-02,1.391788e-01,1.178489e-01,4.338660e-01,4.159220e-01,3.506110e-01,2.856887e-01,5.551351e-01,4.202183e-01,5.392392e-01,5.595556e-01,3.115825e-01,2.512441e-01,3.936705e-01,3.775092e-01,9.443046e-01,1.161324e+00,1.091398e+00,4.726400e-01,4.518613e-01,4.586750e-01,1.722740e-01,2.169412e-01,2.822931e-01,1.905425e-01,2.922361e-01,5.392667e-02,2.708333e+01,5.000000e+01,7.187500e+01,1.416667e+02,8.891590e-02,3.116277e-01,4.059766e+04,-2.841843e+00,-1.014674e+02,-5.820329e-02,-1.066183e+00,-6.302952e+00,-4.243753e+00,-4.448156e+00,-4.802059e+00,9.505769e-01,-3.285944e+00,3.625375e+00,8.330145e+00,2.428951e+00,-4.289668e+00,-1.449931e+00
fru,0.530000,1.892157e+02,8.101142e-01,3.681229e-02,2.478177e-02,8.374637e-02,1.180622e+00,2.318354e+00,1.233540e-01,5.000000e-02,4.936383e-01,1.333852e+00,1.763535e+00,2.818622e+00,2.457208e+00,1.531550e+00,1.158403e+00,1.517607e+00,2.614685e+00,2.236630e+00,2.414440e+00,1.962544e+00,1.497575e+00,1.363114e+00,1.812896e+00,2.356078e+00,3.901365e+00,4.391071e+00,4.826801e+00,3.667586e+00,3.267549e+00,2.798329e+00,2.114039e+00,2.129132e+00,2.029495e+00,1.819445e+00,1.838320e+00,9.348144e-02,1.770833e+02,2.708333e+02,4.062500e+02,6.458333e+02,5.673613e-01,3.402740e+00,1.240229e+05,6.744996e+00,8.691082e+01,-3.440092e-01,3.618832e+01,-4.933928e+00,2.375657e+01,-7.093481e+00,9.414847e-01,-6.565183e+00,-2.269286e+01,-2.851522e+00,-2.238477e-01,-2.268544e+00,-1.166330e+01,-2.856664e+00,-2.033917e+00,7.543254e-03,-1.222029e-02,-2.721249e-02,-2.666200e-03,2.742805e-01,5.067746e-01,1.325252e-02,1.385417e-02,-4.923706e-02,-5.092873e-02,-9.450316e-04,-1.030841e-01,3.398221e-01,6.715106e-01,6.876051e-01,3.611957e-01,6.476431e-01,6.694108e-01,8.919111e-01,8.634068e-01,4.188023e-01,3.871117e-01,5.546504e-01,4.384705e-01,1.235678e+00,1.502091e+00,1.220334e+00,4.448747e-01,4.629726e-01,5.546800e-01,1.337720e-01,2.680240e-01,4.015540e-01,2.248127e-01,3.414532e-01,1.041371e-01,5.937500e+01,8.437500e+01,9.791666e+01,1.937500e+02,1.072237e-01,3.415754e-01,3.730195e+04,-2.847360e+00,-8.840943e+01,-7.177579e-02,-9.230407e-01,-6.593637e+00,-6.945967e+00,-4.757364e+00,-4.612547e+00,1.276421e+00,-1.314842e+00,2.401307e+00,8.087082e+00,4.931170e+00,-2.235465e-01,-4.768155e+00
fru,0.540000,1.863425e+02,8.174939e-01,2.584183e-02,1.418429e-02,6.795502e-02,1.507368e+00,2.942747e+00,1.382459e-01,6.770834e-02,4.212124e-01,1.216198e+00,1.688561e+00,2.621367e+00,2.783379e+00,2.339863e+00,2.045932e+00,1.935291e+00,3.360070e+00,2.987018e+00,3.490786e+00,3.190762e+00,2.064886e+00,1.854733e+00,2.492428e+00,2.896417e+00,5.556961e+00,6.370495e+00,6.301835e+00,4.171604e+00,3.811131e+00,3.531444e+00,2.249302e+00,2.425946e+00,2.549051e+00,2.154742e+00,2.145249e+00,2.276067e-01,2.812500e+02,3.958333e+02,5.312500e+02,9.062500e+02,6.542465e-01,3.847982e+00,1.691885e+05,3.927343e+00,2.776557e+01,-4.119076e-01,3.477707e+01,-1.099480e+01,1.394966e+01,-1.221271e+01,-3.774380e+00,-6.359999e+00,-2.288365e+01,-3.077947e-01,7.789223e+00,6.658024e+00,-8.876202e+00,-1.346994e+01,-2.441077e+00,2.180278e-03,-8.435776e-03,-1.238154e-02,-7.997143e-03,2.304956e-01,5.468038e-01,1.465974e-02,1.239583e-02,-6.596258e-02,-1.316102e-01,-1.228544e-01,-2.002558e-01,1.844182e-01,9.330118e-01,9.904140e-01,4.283988e-01,7.039071e-01,1.125480e+00,1.272546e+00,9.504854e-01,3.992702e-01,4.688359e-01,6.643665e-01,4.300761e-01,1.217521e+00,1.499890e+00,1.051518e+00,3.652022e-01,4.080641e-01,5.034227e-01,8.341546e-02,3.596682e-01,4.848813e-01,2.127910e-01,3.307027e-01,1.706534e-01,9.062500e+01,9.687499e+01,1.125000e+02,1.833333e+02,1.174408e-01,2.278323e-01,1.686732e+04,-1.971600e+00,-5.169957e+01,-8.032890e-02,-4.341080e-01,-5.219906e+00,-8.348755e+00,-4.863934e+00,-3.223797e+00,2.740685e+00,1.075362e+00,2.127906e-01,4.351974e+00,4.113770e+00,6.171009e+00,-5.305463e+00
fru,0.550000,1.838133e+02,8.211463e-01,2.368464e-02,1.295145e-02,4.001112e-02,1.694831e+00,3.587846e+00,1.573930e-01,7.812500e-02,3.497488e-01,1.036201e+00,1.489888e+00,2.426369e+00,2.866376e+00,3.574424e+00,3.425385e+00,2.404444e+00,4.107855e+00,4.365127e+00,5.185217e+00,4.373735e+00,2.507869e+00,2.414887e+00,3.297016e+00,3.412448e+00,6.996355e+00,8.021686e+00,7.344947e+00,4.539411e+00,4.262779e+00,4.114624e+00,2.308446e+00,2.893234e+00,3.176493e+00,2.389029e+00,2.795059e+00,4.247586e-01,3.958333e+02,5.104167e+02,5.937500e+02,1.083333e+03,7.933617e-01,3.816438e+00,1.549650e+05,3.338010e+00,2.416933e+01,-5.484445e-01,3.531984e+01,-1.516955e+01,4.640978e+00,-1.643491e+01,-6.155828e+00,-2.069913e+00,-1.824245e+01,-2.115526e+00,1.114516e+01,8.216607e+00,4.750803e+00,-2.028994e+01,-3.247951e+00,-8.687669e-03,-3.370172e-03,7.636289e-04,-1.709332e-03,1.216860e-01,4.371872e-01,1.210731e-02,6.562498e-03,-6.337192e-02,-1.663031e-01,-2.001429e-01,-2.142050e-01,1.869380e-02,1.004067e+00,1.021753e+00,4.689599e-01,6.954466e-01,1.586401e+00,1.347246e+00,6.253296e-01,2.131991e-01,4.322383e-01,6.001749e-01,2.711796e-01,6.963881e-01,9.646017e-01,5.367337e-01,2.027392e-01,2.276031e-01,2.184202e-01,5.109596e-03,3.799372e-01,4.052757e-01,8.939366e-02,2.121390e-01,1.660784e-01,9.375000e+01,75,1.072917e+02,1.093750e+02,8.608145e-02,6.800397e-02,-8.335519e+03,-9.134863e-01,-1.301130e+01,-6.441753e-02,7.025482e-01,-3.163791e+00,-7.295088e+00,-5.133539e+00,-1.524249e+00,3.656812e+00,2.787211e+00,-9.676020e-01,-1.049905e+00,9.950350e-01,1.054708e+01,-2.939030e+00
fru,0.560000,1.820580e+02,8.113029e-01,2.162572e-02,1.997858e-02,6.623563e-02,1.761837e+00,4.005668e+00,1.712592e-01,7.916667e-02,2.896510e-01,8.487387e-01,1.234862e+00,2.201623e+00,2.755091e+00,4.752365e+00,4.593497e+00,2.908335e+00,4.800625e+00,6.444829e+00,6.851449e+00,4.844626e+00,2.592057e+00,2.866654e+00,3.951196e+00,3.608991e+00,7.379460e+00,8.708868e+00,7.581413e+00,4.648962e+00,4.391173e+00,4.170856e+00,2.297112e+00,3.392389e+00,3.609572e+00,2.422969e+00,2.819135e+00,7.135642e-01,5.104167e+02,5.625000e+02,750,1125,9.123968e-01,3.792756e+00,1.316105e+05,2.934260e+00,2.343383e+01,-6.009851e-01,3.590087e+01,-1.697415e+01,-1.333886e+00,-2.187830e+01,-6.033033e+00,3.282010e+00,-1.590657e+01,-5.721851e+00,3.975064e+00,6.585657e+00,2.000533e+01,-1.902569e+01,-4.740503e+00,-2.012969e-02,-1.861977e-03,2.534693e-03,1.257560e-02,8.746862e-04,1.658023e-01,3.790769e-03,9.374983e-04,-5.273546e-02,-1.643588e-01,-2.254681e-01,-2.289896e-01,-1.069658e-01,7.364143e-01,6.432779e-01,4.668646e-01,6.252276e-01,1.680092e+00,8.700142e-01,4.310512e-03,-5.155165e-02,2.588665e-01,3.292328e-01,-1.626148e-02,-1.638905e-01,8.221350e-02,-1.747876e-01,-4.922457e-02,-6.350531e-02,-2.136672e-01,-1.035472e-01,2.198667e-01,1.187062e-01,-1.092715e-01,-8.576515e-02,9.196780e-02,6.354166e+01,3.645833e+01,1.010417e+02,3.125000e+01,3.083975e-02,9.547901e-03,-2.072548e+04,-3.921219e-01,-1.229120e+00,-1.001983e-02,1.677502e+00,-1.489576e+00,-5.012359e+00,-4.548174e+00,-4.038735e-01,4.031514e+00,3.311344e+00,-5.536233e-01,-4.913383e+00,-1.885354e+00,9.318331e+00,1.642080e+00
fru,0.570000,1.751181e+02,7.697713e-01,2.206949e-02,2.570277e-02,7.605940e-02,1.661817e+00,3.972829e+00,1.673840e-01,7.708333e-02,2.425594e-01,6.860662e-01,9.896708e-01,1.957469e+00,2.564821e+00,5.345633e+00,4.993385e+00,3.375884e+00,5.371641e+00,8.439727e+00,7.470340e+00,4.262260e+00,2.299985e+00,3.018345e+00,4.084386e+00,3.355689e+00,6.472056e+00,8.044893e+00,6.870680e+00,4.442603e+00,4.115543e+00,3.570724e+00,2.115682e+00,3.545596e+00,3.525613e+00,2.132300e+00,2.562073e+00,6.808946e-01,5.312500e+02,5.625000e+02,8.333333e+02,1.083333e+03,8.686934e-01,3.770374e+00,1.011342e+05,2.674105e+00,2.402016e+01,-5.715581e-01,3.913916e+01,-1.776321e+01,-5.077093e+00,-2.792838e+01,-5.550436e+00,6.897874e+00,-1.224535e+01,-4.982504e+00,-3.566294e+00,2.742814e+00,2.663132e+01,-1.477394e+01,-6.445788e+00,-2.591917e-02,-7.915705e-04,9.517484e-05,1.696129e-02,-8.751351e-02,-1.523621e-01,-6.080548e-03,-1.666667e-03,-3.843323e-02,-1.355923e-01,-2.010466e-01,-2.361119e-01,-1.570772e-01,2.048925e-01,6.030817e-02,4.083834e-01,4.767500e-01,1.137643e+00,-1.617575e-02,-5.411639e-01,-2.526583e-01,1.728320e-02,-4.179955e-02,-2.832434e-01,-8.904409e-01,-7.115096e-01,-7.528840e-01,-2.856619e-01,-3.526713e-01,-5.588738e-01,-2.032738e-01,-8.850787e-02,-2.474969e-01,-2.720495e-01,-3.647626e-01,-4.931672e-02,2.500000e+01,1.145834e+01,6.041667e+01,-1.875001e+01,-1.587397e-02,6.413531e-02,-1.853765e+04,-2.669070e-01,-6.086720e-01,5.298741e-02,2.305496e+00,-3.876757e-01,-2.126618e+00,-3.386304e+00,-4.802026e-01,3.423460e+00,3.586931e+00,1.482797e+00,-4.888107e+00,-3.257920e+00,5.160079e+00,3.261216e+00
fru,0.580000,1.669875e+02,7.425329e-01,1.733952e-02,2.048209e-02,1.128089e-01,1.528248e+00,3.579267e+00,1.522043e-01,7.291666e-02,2.111298e-01,5.694711e-01,8.113289e-01,1.710869e+00,2.399327e+00,5.136329e+00,4.478321e+00,3.783894e+00,5.854315e+00,9.350175e+00,6.698296e+00,3.268052e+00,1.911070e+00,2.847337e+00,3.744907e+00,2.843489e+00,4.999658e+00,6.769958e+00,5.665030e+00,3.973886e+00,3.567223e+00,2.735057e+00,1.827948e+00,3.199099e+00,2.968022e+00,1.736749e+00,1.832917e+00,5.593777e-01,5.312500e+02,5.520833e+02,9.166667e+02,1.062500e+03,7.707794e-01,3.918754e+00,9.247641e+04,2.298686e+00,2.169456e+01,-4.504499e-01,4.125492e+01,-1.714585e+01,-6.253094e+00,-2.920685e+01,-6.096443e+00,9.313678e+00,-9.325486e+00,-1.642422e+00,-9.421962e+00,-3.184974e-02,2.677519e+01,-8.017543e+00,-6.571271e+00,-2.420877e-02,8.573482e-04,-3.788043e-03,1.071836e-02,-1.203891e-01,-3.868409e-01,-1.280117e-02,-4.166663e-04,-2.331628e-02,-9.711061e-02,-1.513752e-01,-2.306685e-01,-1.621147e-01,-3.311862e-01,-3.667416e-01,2.792416e-01,2.305559e-01,8.211441e-02,-8.366560e-01,-7.582623e-01,-3.180538e-01,-1.867458e-01,-3.327015e-01,-4.059862e-01,-1.167738e+00,-1.129727e+00,-1.012218e+00,-4.517127e-01,-5.482460e-01,-6.646844e-01,-2.478953e-01,-3.909453e-01,-5.068404e-01,-3.288473e-01,-4.514920e-01,-1.513217e-01,2.083334e+00,7.291669e+00,1.250001e+01,-3.333334e+01,-2.525052e-02,1.022281e-01,-1.245974e+04,-1.770856e-01,-1.121462e-01,8.002251e-02,2.032449e+00,5.011553e-01,-4.550737e-01,-1.295694e+00,-1.589875e+00,2.675843e+00,4.463107e+00,2.944357e+00,-2.123287e+00,-3.184626e+00,7.898808e-01,3.187734e+00
fru,0.590000,1.591196e+02,7.259355e-01,2.186988e-02,1.317557e-02,1.015309e-01,1.374058e+00,3.039236e+00,1.365177e-01,7.291666e-02,1.968432e-01,4.978731e-01,6.964211e-01,1.491187e+00,2.258872e+00,4.406904e+00,3.784513e+00,4.008582e+00,5.964760e+00,8.600667e+00,5.180915e+00,2.456203e+00,1.585071e+00,2.510962e+00,3.191163e+00,2.378982e+00,3.734051e+00,5.433592e+00,4.538719e+00,3.448640e+00,2.911398e+00,2.038154e+00,1.526659e+00,2.547340e+00,2.259784e+00,1.371892e+00,1.464355e+00,2.552682e-01,5.104167e+02,5.729167e+02,8.125000e+02,1.020833e+03,7.848006e-01,4.074116e+00,8.184374e+04,2.321262e+00,2.199561e+01,-3.587750e-01,4.417029e+01,-1.702207e+01,-3.532505e+00,-2.970216e+01,-8.525136e+00,1.203155e+01,-3.598341e+00,3.258746e+00,-6.596860e+00,-4.764240e+00,2.716627e+01,-9.487935e+00,-3.600228e+01,-1.779839e-02,-3.546624e-03,-6.458567e-03,-1.578360e-02,-1.173254e-01,-4.696321e-01,-1.489816e-02,2.083335e-03,-1.091311e-02,-6.407081e-02,-1.029064e-01,-2.163649e-01,-1.685531e-01,-6.619684e-01,-4.665268e-01,8.733802e-02,-7.842989e-02,-9.572026e-01,-1.201286e+00,-6.544435e-01,-2.765134e-01,-2.789238e-01,-4.312527e-01,-3.647161e-01,-1.014301e+00,-1.126163e+00,-9.477906e-01,-5.176216e-01,-6.135110e-01,-5.576377e-01,-2.155039e-01,-5.290963e-01,-5.612672e-01,-2.808071e-01,-4.321106e-01,-1.570558e-01,4.166663e+00,1.666667e+01,-7.291663e+00,-3.229168e+01,-1.054963e-02,1.081627e-01,-7.166669e+03,-1.256522e-01,6.348304e-02,8.136304e-02,1.353933e+00,3.802817e-01,3.415660e-01,4.596443e-02,-2.565364e+00,2.078940e+00,5.143258e+00,2.603019e+00,4.333882e-01,-2.701508e+00,-1.180441e+00,1.557564e+00
fru,0.600000,1.572010e+02,7.121770e-01,2.601226e-02,7.301970e-03,1.070917e-01,1.303771e+00,2.538260e+00,1.226865e-01,7.916667e-02,1.959277e-01,4.572822e-01,6.246107e-01,1.281422e+00,2.097492e+00,3.565798e+00,3.364225e+00,3.988194e+00,5.656845e+00,6.774931e+00,3.812882e+00,1.956343e+00,1.359245e+00,2.186616e+00,2.734300e+00,2.067414e+00,2.909774e+00,4.365882e+00,3.686306e+00,2.887380e+00,2.252016e+00,1.613719e+00,1.352147e+00,1.936791e+00,1.708284e+00,1.158937e+00,1.110533e+00,1.697687e-01,5.312500e+02,5.937500e+02,8.229167e+02,9.895833e+02,8.280906e-01,4.152025e+00,7.895709e+04,2.225254e+00,2.388537e+01,-3.072640e-01,4.354755e+01,-1.483894e+01,-4.381547e+00,-2.746988e+01,-1.249506e+01,1.409439e+01,2.085456e+00,4.879309e+00,-5.126088e+00,-5.583946e+00,2.368726e+01,-5.730016e+00,-4.930947e+01,-1.747201e-02,-5.654892e-03,-5.413976e-03,-3.271487e-02,-1.150991e-01,-4.366054e-01,-1.576603e-02,4.062501e-03,-6.212191e-03,-4.852680e-02,-7.479766e-02,-2.019062e-01,-2.075117e-01,-7.292820e-01,-3.401453e-01,-1.228493e-01,-3.654147e-01,-1.524049e+00,-1.099822e+00,-4.513248e-01,-2.046331e-01,-2.713290e-01,-3.855006e-01,-2.487950e-01,-6.996719e-01,-9.291707e-01,-7.446736e-01,-5.010324e-01,-5.627194e-01,-3.763144e-01,-1.337873e-01,-4.800509e-01,-4.517673e-01,-1.904531e-01,-3.236831e-01,-1.197981e-01,1.458333e+01,3.020833e+01,-1.041675e+00,-3.125000e+01,-2.672315e-02,4.116092e-02,-6.438081e+03,6.335302e-02,2.899893e+00,6.641997e-02,-1.031498e-01,1.325523e-01,-8.648270e-01,6.728516e-01,-2.786333e+00,1.073125e+00,5.385032e+00,2.100497e+00,1.212556e+00,-1.949102e+00,-2.806280e+00,5.958236e-01
fru,0.610000,0,6.959574e-01,0,0,0,1.187428e+00,2.145172e+00,1.076521e-01,8.437500e-02,1.955949e-01,4.218065e-01,5.684978e-01,1.090368e+00,1.872973e+00,2.821056e+00,3.217799e+00,3.710424e+00,5.078227e+00,4.941336e+00,2.906617e+00,1.645897e+00,1.193330e+00,1.954086e+00,2.433426e+00,1.920146e+00,2.445492e+00,3.616113e+00,3.121089e+00,2.397747e+00,1.705592e+00,1.343205e+00,1.276063e+00,1.531268e+00,1.349146e+00,1.017171e+00,7.627113e-01,9.042022e-02,5.520833e+02,625,8.437500e+02,9.583333e+02,7.872896e-01,4.194551e+00,7.206055e+04,2.082560e+00,2.324217e+01,-2.363358e-01,4.476251e+01,-1.701526e+01,-4.305036e+00,-2.856704e+01,-1.517795e+01,1.490222e+01,7.765470e+00,4.771724e+00,-3.547290e+00,-7.988679e+00,2.227308e+01,-8.129878e+00,-4.754401e+01,-1.429094e-02,-6.975203e-03,-3.365311e-03,-3.101536e-02,-1.324744e-01,-3.627186e-01,-1.801996e-02,3.958333e-03,-1.026800e-02,-4.946262e-02,-6.602558e-02,-1.910502e-01,-2.703396e-01,-6.395186e-01,-2.543519e-01,-2.982225e-01,-5.549678e-01,-1.511230e+00,-8.015282e-01,-2.981955e-01,-1.411603e-01,-2.316327e-01,-3.027758e-01,-1.569845e-01,-4.455868e-01,-7.037182e-01,-5.729436e-01,-4.499461e-01,-4.378493e-01,-2.296685e-01,-5.695773e-02,-3.439803e-01,-2.999997e-01,-1.123215e-01,-2.862138e-01,-5.825816e-02,1.770834e+01,2.916666e+01,1.562500e+01,-1.979166e+01,-7.350590e-02,1.015487e-02,-1.746305e+03,1.635188e-01,3.444629e+00,6.585375e-02,-1.143754e+00,-3.412202e-01,-1.261146e+00,1.026523e+00,-1.598983e+00,3.719091e-01,4.208722e+00,1.145588e+00,9.018388e-01,-1.388986e+00,-4.213794e+00,3.033069e-01
fru,0.620000,0,6.701619e-01,0,0,0,1.046067e+00,1.843272e+00,8.780692e-02,8.750000e-02,1.806930e-01,3.648704e-01,5.013022e-01,9.017475e-01,1.554718e+00,2.282843e+00,3.060951e+00,3.318726e+00,4.470509e+00,3.559594e+00,2.336334e+00,1.416581e+00,1.083775e+00,1.769129e+00,2.196272e+00,1.828932e+00,2.145578e+00,3.032845e+00,2.650476e+00,1.994170e+00,1.356529e+00,1.200960e+00,1.284309e+00,1.306880e+00,1.164505e+00,9.618438e-01,5.653229e-01,4.281112e-02,5.833333e+02,6.770833e+02,8.958333e+02,9.375000e+02,6.359192e-01,4.064341e+00,6.517759e+04,2.734802e+00,3.557074e+01,-1.795697e-01,4.044306e+01,-1.648650e+01,-1.019096e+01,-2.641015e+01,-1.670170e+01,1.324397e+01,1.191777e+01,8.103573e+00,-4.883970e+00,-8.165142e+00,1.519039e+01,-5.717453e+00,-3.144019e+01,-9.046781e-03,-5.202453e-03,-1.460394e-03,-2.141833e-02,-1.643101e-01,-3.037877e-01,-2.024906e-02,2.916667e-03,-1.848517e-02,-5.589925e-02,-6.566300e-02,-1.817091e-01,-3.235003e-01,-5.237356e-01,-3.097681e-01,-4.183291e-01,-6.568135e-01,-1.184010e+00,-5.523673e-01,-2.158797e-01,-9.836166e-02,-2.147135e-01,-2.683079e-01,-1.342469e-01,-3.136159e-01,-5.380369e-01,-4.763819e-01,-3.818412e-01,-2.942260e-01,-1.473531e-01,-3.033481e-02,-2.274169e-01,-1.915894e-01,-7.589492e-02,-2.484349e-01,-3.768016e-02,0,3.854167e+01,1.145833e+01,-7.291663e+00,-1.150233e-01,1.280351e-02,5.993378e+03,1.154336e-01,2.082091e+00,6.869570e-02,-1.500710e+00,-1.453506e-01,-6.564213e-01,1.802661e+00,9.141914e-01,6.528624e-01,2.362524e+00,4.763021e-01,6.092569e-01,-1.455033e+00,-5.188807e+00,2.667617e-01
fru,0.630000,0,6.754883e-01,0,0,0,8.405378e-01,1.573137e+00,6.385764e-02,8.854166e-02,1.531205e-01,2.967658e-01,4.279474e-01,7.257726e-01,1.178561e+00,1.850788e+00,2.664391e+00,2.852203e+00,3.783089e+00,2.652189e+00,1.911549e+00,1.235106e+00,1.017005e+00,1.561542e+00,1.946298e+00,1.713300e+00,1.888215e+00,2.581520e+00,2.191915e+00,1.645514e+00,1.169895e+00,1.096191e+00,1.275789e+00,1.142394e+00,1.031675e+00,9.088306e-01,3.058913e-01,2.745615e-02,5.729167e+02,6.770833e+02,8.541667e+02,9.479167e+02,5.133568e-01,4.168732e+00,8.000196e+04,2.884082e+00,3.337607e+01,-9.335343e-02,4.000377e+01,-1.790439e+01,-6.933527e+00,-2.509941e+01,-1.441673e+01,1.431631e+01,1.252911e+01,7.374552e+00,-2.208725e+00,-1.041857e+01,1.034573e+01,-7.977682e+00,0,-1.158035e-03,0,0,0,-1.661161e-01,-2.679703e-01,-1.951965e-02,1.875000e-03,-2.318558e-02,-5.352340e-02,-6.079506e-02,-1.665740e-01,-3.271261e-01,-4.377375e-01,-4.307255e-01,-4.808004e-01,-7.041668e-01,-8.237580e-01,-4.111503e-01,-1.709416e-01,-7.575728e-02,-2.276336e-01,-2.767075e-01,-1.660216e-01,-2.605607e-01,-4.216444e-01,-4.212138e-01,-3.174267e-01,-1.822779e-01,-1.065873e-01,-4.568041e-02,-1.675523e-01,-1.394128e-01,-6.826835e-02,-1.877697e-01,-1.882503e-02,-3.541666e+01,25,2.083331e+00,6.250006e+00,-1.305771e-01,6.068807e-02,1.568015e+04,-1.057167e-01,-2.056291e+00,5.772208e-02,-1.098088e+00,6.456748e-01,1.049100e+00,2.326985e+00,3.084821e+00,1.638726e+00,1.526539e-01,-8.779144e-01,8.039950e-01,-1.137929e+00,-4.953114e+00,5.530412e-01
fru,0.640000,0,6.771776e-01,0,0,0,6.556664e-01,1.305339e+00,4.333842e-02,9.166667e-02,1.247391e-01,2.403063e-01,3.665708e-01,5.551737e-01,8.271965e-01,1.432254e+00,2.092088e+00,2.325659e+00,3.020346e+00,1.999455e+00,1.548580e+00,1.082340e+00,9.555998e-01,1.309321e+00,1.636325e+00,1.499602e+00,1.620333e+00,2.192994e+00,1.768983e+00,1.354290e+00,1.048734e+00,1.000461e+00,1.200610e+00,9.941433e-01,9.090729e-01,8.336320e-01,9.676889e-02,1.284993e-02,5.208333e+02,7.604167e+02,875,9.583333e+02,3.899405e-01,4.228952e+00,1.049533e+05,2.401660e+00,2.922888e+01,-3.527671e-02,3.842337e+01,-1.512113e+01,-6.349409e+00,-2.019039e+01,-8.304711e+00,1.765166e+01,1.151625e+01,5.959405e+00,-2.749086e+00,-1.164416e+01,3.706893e+00,-4.472306e+00,0,3.365070e-03,0,0,0,-1.403475e-01,-2.402139e-01,-1.523652e-02,9.375028e-04,-2.050560e-02,-3.759016e-02,-4.560684e-02,-1.407711e-01,-2.711841e-01,-3.803125e-01,-4.910043e-01,-4.965684e-01,-6.945578e-01,-5.402671e-01,-3.317966e-01,-1.366487e-01,-7.497933e-02,-2.408426e-01,-2.898293e-01,-2.047241e-01,-2.289549e-01,-3.324044e-01,-3.577147e-01,-2.592649e-01,-1.265649e-01,-9.527843e-02,-8.644096e-02,-1.466184e-01,-1.289318e-01,-8.619870e-02,-1.284163e-01,-8.368982e-03,-75,7.291675e+00,-1.145834e+01,9.375000e+00,-1.148632e-01,7.463627e-02,1.724728e+04,-3.794369e-01,-5.994668e+00,4.028872e-02,1.114059e-01,1.140582e+00,2.147485e+00,1.987273e+00,4.014700e+00,2.293071e+00,-9.309655e-01,-2.267411e+00,1.639579e+00,-5.203770e-01,-3.470603e+00,3.026360e-01
fru,0.650000,0,6.866593e-01,0,0,0,5.520482e-01,1.074287e+00,3.228809e-02,9.166667e-02,1.076440e-01,2.164716e-01,3.318882e-01,4.307848e-01,6.011037e-01,1.057663e+00,1.548603e+00,1.802956e+00,2.282474e+00,1.602615e+00,1.244742e+00,9.583098e-01,8.786316e-01,1.045823e+00,1.329862e+00,1.254703e+00,1.405311e+00,1.927817e+00,1.455767e+00,1.130554e+00,9.480996e-01,9.105180e-01,1.089511e+00,8.498754e-01,7.797983e-01,7.399349e-01,5.813994e-02,1.127567e-02,4.062500e+02,7.083333e+02,8.645833e+02,9.791667e+02,2.573934e-01,4.415686e+00,1.305735e+05,1.720547e+00,1.613165e+01,-1.987192e-02,4.028191e+01,-1.446957e+01,-9.803162e-01,-2.004199e+01,-3.952339e+00,2.089200e+01,8.729496e+00,1.454235e+00,-5.947570e-01,-1.193881e+01,3.249257e+00,-5.987246e+00,0,-2.230471e-03,0,0,0,-9.527831e-02,-2.011154e-01,-9.694694e-03,1.041688e-04,-1.381009e-02,-1.774139e-02,-2.662867e-02,-1.068703e-01,-1.819194e-01,-3.065741e-01,-4.359389e-01,-4.523161e-01,-6.085575e-01,-3.391935e-01,-2.638417e-01,-1.023395e-01,-8.200686e-02,-2.261203e-01,-2.754057e-01,-2.110560e-01,-1.921367e-01,-2.726766e-01,-2.737021e-01,-1.975012e-01,-1.061492e-01,-8.357827e-02,-1.084943e-01,-1.271902e-01,-1.207487e-01,-9.650170e-02,-5.772842e-02,-4.300082e-03,-8.333334e+01,-2.083332e+01,-2.500001e+01,1.145833e+01,-8.973531e-02,5.928540e-02,1.052101e+04,-3.136075e-01,-4.850023e+00,1.848075e-02,2.655911e-01,1.461898e+00,1.225551e+00,1.190019e+00,3.196776e+00,7.348623e-01,-1.367727e+00,-2.034189e+00,1.960948e+00,7.648951e-01,-2.035302e+00,-6.004907e-01
fru,0.660000,0,6.814017e-01,0,0,0,4.885747e-01,8.916278e-01,2.740912e-02,9.062501e-02,1.009033e-01,2.170667e-01,3.212976e-01,3.453861e-01,4.875264e-01,7.778427e-01,1.163823e+00,1.360508e+00,1.748027e+00,1.383046e+00,1.010754e+00,8.717352e-01,7.780650e-01,8.227760e-01,1.055343e+00,1.034610e+00,1.242255e+00,1.697674e+00,1.229977e+00,9.553257e-01,8.346018e-01,8.174040e-01,9.452437e-01,7.200477e-01,6.457842e-01,6.152981e-01,4.711726e-02,9.056451e-03,2.916667e+02,6.979167e+02,8.333333e+02,9.687500e+02,1.895847e-01,4.314045e+00,1.261282e+05,1.419385e+00,1.421961e+01,-1.486684e-02,4.086102e+01,-1.250100e+01,-2.430146e+00,-1.900249e+01,-1.860399e+00,2.142147e+01,9.162747e+00,-2.733264e-01,2.506940e+00,-1.000691e+01,1.385608e+00,-5.199492e+00,0,-6.998605e-03,0,0,0,-4.617723e-02,-1.471459e-01,-4.603677e-03,4.166678e-04,-8.031470e-03,-4.797335e-03,-1.299661e-02,-6.814702e-02,-9.924774e-02,-2.028698e-01,-3.074257e-01,-3.573740e-01,-4.687639e-01,-1.834832e-01,-1.839903e-01,-6.354073e-02,-7.760932e-02,-1.719164e-01,-2.181924e-01,-1.646215e-01,-1.388581e-01,-2.236217e-01,-1.864226e-01,-1.369841e-01,-9.150942e-02,-6.377965e-02,-1.027199e-01,-9.812240e-02,-9.872732e-02,-9.203914e-02,-1.304940e-02,5.893451e-04,-4.062500e+01,-2.083334e+01,-1.979167e+01,2.291667e+01,-5.782887e-02,5.324478e-02,6.011214e+03,-1.441319e-01,-2.858848e+00,5.651439e-03,1.785503e-01,4.663696e-02,3.908423e-01,9.544188e-01,9.904634e-01,-9.055052e-01,-1.341339e+00,-2.023068e+00,2.023511e+00,2.142200e+00,-8.115600e-02,-1.908864e+00
fru,0.670000,0,6.622239e-01,0,0,0,4.476922e-01,7.744160e-01,2.334883e-02,8.958334e-02,9.598794e-02,2.196787e-01,3.174406e-01,2.963150e-01,4.387994e-01,6.451233e-01,9.488289e-01,1.073198e+00,1.376461e+00,1.264426e+00,8.612533e-01,8.287107e-01,6.957381e-01,6.742128e-01,8.597601e-01,8.905160e-01,1.116570e+00,1.465797e+00,1.092908e+00,8.574906e-01,7.462146e-01,7.698281e-01,8.610012e-01,6.434909e-01,5.595758e-01,5.354890e-01,4.207504e-02,7.852479e-03,2.708333e+02,6.041667e+02,750,1000,1.648582e-01,4.422613e+00,1.220195e+05,1.807182e+00,1.663059e+01,-1.115463e-02,4.011290e+01,-1.190496e+01,-2.765404e+00,-1.974327e+01,-1.655009e+00,1.610571e+01,6.867230e+00,3.199718e-01,4.968001e+00,-7.412725e+00,1.329864e+00,-1.061654e+01,0,-5.460256e-03,0,0,0,1.100666e-02,-8.283434e-02,-2.118187e-04,2.708332e-03,-5.822594e-03,-3.054698e-03,-8.004052e-03,-3.465325e-02,-4.847962e-02,-1.000250e-01,-1.727765e-01,-2.361568e-01,-3.218625e-01,-6.297157e-02,-7.844578e-02,-1.276898e-02,-4.538092e-02,-7.478359e-02,-1.134909e-01,-6.971495e-02,-6.175102e-02,-1.617561e-01,-1.082607e-01,-7.856183e-02,-6.516173e-02,-3.187067e-02,-7.347660e-02,-5.909956e-02,-5.689143e-02,-6.847068e-02,-5.969340e-03,7.364056e-03,3.437500e+01,1.770834e+01,3.333334e+01,1.010417e+02,-1.782384e-02,1.095086e-01,2.024401e+04,-2.453942e-02,-1.072261e+00,1.112171e-03,-6.567959e-01,-2.683698e+00,-1.755750e-01,2.272570e+00,-1.202672e+00,-1.654482e+00,-7.424904e-01,-2.059869e+00,7.430090e-01,2.709763e+00,4.462627e-01,-2.493442e+00
fru,0.680000,0,6.544023e-01,0,0,0,4.769583e-01,7.195451e-01,2.478966e-02,9.479167e-02,9.040973e-02,2.147161e-01,3.088115e-01,2.816735e-01,4.121100e-01,6.241750e-01,8.548470e-01,9.036679e-01,1.129533e+00,1.251134e+00,8.203729e-01,8.294361e-01,6.589999e-01,6.355441e-01,7.804140e-01,8.585882e-01,1.070413e+00,1.305896e+00,1.018300e+00,8.059013e-01,6.921296e-01,7.519072e-01,8.012652e-01,6.067236e-01,5.255476e-01,4.756593e-01,3.955435e-02,1.750825e-02,3.854167e+02,7.083333e+02,8.333333e+02,1.062500e+03,1.470638e-01,4.491713e+00,1.392863e+05,1.637684e+00,1.468517e+01,-1.137816e-02,3.940063e+01,-1.617024e+01,-3.502653e+00,-1.556766e+01,-4.501059e+00,1.551728e+01,5.740694e+00,-3.588803e+00,4.587090e+00,-3.196207e+00,4.260810e+00,-1.170198e+01,3.037525e+01,4.700607e-03,0,0,0,1.005052e-01,7.674337e-04,5.558956e-03,5.729165e-03,-4.934162e-03,-5.957303e-03,-8.188516e-03,-6.723338e-03,-2.139715e-02,-2.596059e-02,-5.931149e-02,-1.097302e-01,-1.954356e-01,6.267128e-02,8.350069e-02,7.112811e-02,2.554065e-02,7.514735e-02,6.675668e-02,9.403229e-02,8.329056e-02,-1.692027e-02,-2.108176e-02,-1.445785e-02,-1.658577e-02,1.678382e-02,-2.109481e-02,-1.115398e-02,3.662109e-03,-2.362717e-02,-2.410033e-03,3.902762e-02,9.687500e+01,7.291666e+01,1.052083e+02,200,2.981631e-02,1.898567e-01,4.084315e+04,-4.664753e-02,-2.022288e+00,-6.572301e-03,-1.698684e+00,-5.812405e+00,4.037398e-02,3.946426e+00,-2.732157e+00,-1.082776e-01,1.740026e-01,-2.659050e+00,4.672525e-01,3.443829e+00,4.552712e-01,-2.496965e+00
fru,0.690000,0,6.728578e-01,0,0,0,6.128897e-01,7.461567e-01,3.253872e-02,1.031250e-01,8.377778e-02,2.023734e-01,2.981110e-01,2.893749e-01,3.964138e-01,6.343718e-01,8.392089e-01,8.505923e-01,9.824085e-01,1.353713e+00,9.477038e-01,9.156144e-01,7.112595e-01,7.655205e-01,8.998726e-01,9.941389e-01,1.182477e+00,1.314926e+00,1.020302e+00,8.124568e-01,6.935270e-01,7.839131e-01,7.941168e-01,6.110396e-01,5.554595e-01,4.674009e-01,3.207469e-02,4.387005e-02,5.312500e+02,7.916667e+02,1.031250e+03,1.437500e+03,1.895347e-01,4.874395e+00,2.252145e+05,1.488701e+00,1.053757e+01,-1.605541e-02,3.772813e+01,-2.605344e+01,-1.321938e+00,-1.039656e+01,-8.645368e+00,1.557169e+01,6.728071e+00,-7.187372e+00,2.080213e+00,-1.795349e+00,4.042969e+00,-1.520321e+01,4.647815e+01,1.532316e-02,0,0,2.870570e-02,2.082860e-01,1.135710e-01,1.272472e-02,9.062499e-03,-2.057265e-03,-5.996548e-03,-6.432012e-03,1.467535e-02,2.310336e-04,1.263136e-02,3.895447e-02,2.036102e-02,-6.810082e-02,2.055356e-01,3.445173e-01,2.327063e-01,1.385068e-01,2.845640e-01,3.488970e-01,3.479704e-01,3.504961e-01,2.630796e-01,9.206605e-02,5.450428e-02,4.655435e-02,7.488175e-02,4.130834e-02,3.492295e-02,6.263451e-02,2.543459e-02,5.644874e-03,1.209159e-01,1.218750e+02,1.239583e+02,1.489583e+02,2.770833e+02,9.500705e-02,1.845100e-01,5.071659e+04,-1.275502e-01,-2.871897e+00,-2.234852e-02,-1.779897e+00,-8.282142e+00,6.560113e-01,4.165180e+00,-2.863865e+00,1.745583e+00,8.100759e-01,-2.665170e+00,1.978925e+00,3.451869e+00,-1.158400e+00,-1.393643e+00
fru,0.700000,1.518763e+02,6.995878e-01,0,0,0,9.085022e-01,9.095946e-01,5.060895e-02,1.125000e-01,8.233752e-02,1.959328e-01,2.900199e-01,3.152395e-01,4.017335e-01,6.534155e-01,9.220760e-01,9.231601e-01,9.678751e-01,1.651758e+00,1.385032e+00,1.183924e+00,8.980076e-01,1.152859e+00,1.369071e+00,1.452960e+00,1.625754e+00,1.688509e+00,1.160872e+00,9.055533e-01,7.780167e-01,8.942807e-01,8.732118e-01,6.805034e-01,6.661529e-01,5.312063e-01,4.006727e-02,1.861858e-01,6.458333e+02,9.687500e+02,1.218750e+03,1750,3.263280e-01,5.037437e+00,2.787465e+05,1.345388e+00,7.154686e+00,-4.527795e-02,3.355998e+01,-3.448879e+01,-2.950009e+00,-3.943715e+00,-1.202601e+01,2.114709e+01,1.010234e+01,-9.814906e+00,6.287097e+00,4.403547e+00,2.305411e+00,-1.539098e+01,4.788523e+01,1.966155e-02,4.738325e-03,0,4.232778e-02,2.848251e-01,2.522387e-01,1.801413e-02,1.104166e-02,3.822776e-03,-1.300389e-03,5.577415e-04,3.292071e-02,2.994977e-02,3.423870e-02,1.268964e-01,1.603316e-01,5.940442e-02,3.184093e-01,6.698918e-01,5.017307e-01,3.001904e-01,5.076634e-01,6.819242e-01,6.674010e-01,7.185113e-01,6.518348e-01,2.549697e-01,1.439748e-01,1.306651e-01,1.589931e-01,1.259868e-01,8.377869e-02,1.123106e-01,8.314612e-02,1.631656e-02,1.974068e-01,1.031250e+02,1.427083e+02,1.333333e+02,2.645833e+02,1.448409e-01,1.464486e-01,4.637961e+04,-1.013372e-01,-2.210681e+00,-3.673280e-02,-2.089438e+00,-7.414285e+00,1.029321e+00,2.732360e+00,-1.504791e+00,1.354297e+00,-2.641446e-01,-1.070481e+00,3.652412e+00,3.027350e+00,-3.163730e+00,1.647696e-01
fru,0.710000,1.564526e+02,7.162469e-01,0,0,1.435285e-01,1.273350e+00,1.247246e+00,7.406277e-02,1.260417e-01,8.973771e-02,1.990876e-01,2.946764e-01,3.529088e-01,4.451428e-01,6.936598e-01,1.109987e+00,1.165257e+00,1.116786e+00,2.091791e+00,2.301510e+00,1.814998e+00,1.268768e+00,1.838376e+00,2.309917e+00,2.333182e+00,2.591380e+00,2.589888e+00,1.481952e+00,1.080186e+00,9.360428e-01,1.073050e+00,1.031570e+00,7.812157e-01,8.024457e-01,6.348885e-01,7.004295e-02,5.280931e-01,750,1.093750e+03,1.302083e+03,2.041667e+03,5.502613e-01,5.072300e+00,3.058723e+05,1.315579e+00,6.036347e+00,-1.059474e-01,3.413374e+01,-4.415640e+01,2.383310e-01,-4.729338e+00,-1.221186e+01,2.201871e+01,8.736787e+00,-9.892826e+00,1.401262e+01,6.046745e+00,-3.484437e+00,-1.574026e+01,3.405151e+01,1.956113e-02,2.241827e-02,1.238404e-02,4.202967e-02,2.870968e-01,3.743918e-01,1.819838e-02,1.010417e-02,1.211194e-02,7.292931e-03,1.314746e-02,5.795808e-02,6.814528e-02,5.766885e-02,1.916821e-01,2.774056e-01,1.556962e-01,3.368499e-01,8.887901e-01,8.247007e-01,5.039687e-01,6.525044e-01,9.135255e-01,9.424381e-01,1.040801e+00,9.918088e-01,4.732581e-01,2.513676e-01,2.299951e-01,2.654542e-01,1.895227e-01,1.259595e-01,1.409814e-01,1.211524e-01,3.394485e-02,2.166628e-01,6.458334e+01,1.072917e+02,1.000000e+02,1.604167e+02,1.502164e-01,9.245553e-02,3.730276e+04,-1.156690e-01,-1.343821e+00,-4.343916e-02,-1.205457e+00,-4.763323e+00,2.494432e+00,6.042227e-01,1.502827e-01,-1.054619e+00,-2.571433e+00,1.535796e+00,4.138110e+00,8.767307e-01,-4.005418e+00,8.827907e-01
fru,0.720000,1.611998e+02,7.310155e-01,2.369163e-02,0,1.398747e-01,1.570854e+00,1.730193e+00,9.409828e-02,1.385417e-01,1.065436e-01,2.098570e-01,3.133175e-01,4.145100e-01,5.374944e-01,7.657245e-01,1.353940e+00,1.547993e+00,1.359367e+00,2.474141e+00,3.492929e+00,2.888398e+00,1.881198e+00,2.637434e+00,3.485013e+00,3.526072e+00,3.958518e+00,3.927588e+00,2.062323e+00,1.391911e+00,1.224197e+00,1.402304e+00,1.312473e+00,9.405290e-01,9.636074e-01,8.076461e-01,1.021530e-01,7.624310e-01,7.916667e+02,1.270833e+03,1.364583e+03,2.083333e+03,6.909049e-01,5.125003e+00,3.308554e+05,1.217558e+00,5.882372e+00,-1.500962e-01,3.075063e+01,-4.419019e+01,8.638174e-01,-4.739471e+00,-1.024177e+01,1.906525e+01,3.415613e+00,-7.588480e+00,1.688295e+01,8.019496e+00,-7.794137e+00,-1.060961e+01,3.774173e+00,1.952612e-02,4.584036e-02,2.182657e-02,4.066638e-02,2.109449e-01,4.187641e-01,1.311024e-02,4.791665e-03,2.069023e-02,1.937692e-02,3.246167e-02,9.696174e-02,1.104445e-01,7.956141e-02,2.054877e-01,3.148812e-01,1.786495e-01,2.128969e-01,7.796153e-01,9.870895e-01,7.077147e-01,6.494339e-01,8.942028e-01,1.023558e+00,1.106634e+00,1.064060e+00,7.067884e-01,3.691777e-01,3.284861e-01,3.720247e-01,1.948520e-01,1.572694e-01,1.510313e-01,1.245160e-01,7.246783e-02,1.209980e-01,-5.208325e+00,6.250000e+00,8.229167e+01,7.187502e+01,9.916247e-02,1.092835e-01,5.246538e+04,-1.154052e-01,-8.246592e-01,-3.518938e-02,-6.324844e-01,-3.904316e-01,4.261382e+00,-4.232461e-01,5.153559e-01,-4.433377e+00,-3.731177e+00,4.449429e+00,1.311795e+00,-2.300000e+00,-2.666988e+00,1.032584e+00
fru,0.730000,1.655957e+02,7.549496e-01,1.002456e-01,6.192020e-02,1.402110e-01,1.717198e+00,2.207816e+00,1.017860e-01,1.406250e-01,1.322344e-01,2.318760e-01,3.521994e-01,5.295300e-01,6.692597e-01,8.665616e-01,1.581687e+00,1.925204e+00,1.565144e+00,2.626771e+00,4.337706e+00,4.186881e+00,2.739508e+00,3.285755e+00,4.409529e+00,4.669774e+00,5.220101e+00,5.154430e+00,2.935866e+00,1.826116e+00,1.620412e+00,1.857172e+00,1.522100e+00,1.110824e+00,1.111639e+00,9.349430e-01,1.707561e-01,8.390616e-01,7.812500e+02,1.177083e+03,1.458333e+03,2.072917e+03,7.583283e-01,5.292890e+00,3.856738e+05,9.742706e-01,4.454618e+00,-1.808421e-01,3.310551e+01,-4.501936e+01,9.243310e+00,-6.977568e+00,-8.786075e+00,1.133951e+01,-2.785732e+00,-6.216033e-01,1.747284e+01,7.803304e-01,-1.093435e+01,-1.317995e+01,2.751179e+00,1.618141e-02,5.453911e-02,3.364921e-02,2.418624e-02,9.981658e-02,3.531910e-01,7.214736e-03,-3.229165e-03,2.850913e-02,3.784585e-02,5.686907e-02,1.459797e-01,1.499878e-01,9.628630e-02,1.655414e-01,2.316631e-01,1.141150e-01,7.863283e-04,2.986797e-01,7.675907e-01,7.962409e-01,5.143488e-01,6.113103e-01,8.410517e-01,8.009928e-01,7.389327e-01,8.749024e-01,4.827710e-01,4.087685e-01,4.550841e-01,1.287363e-01,1.805666e-01,1.601862e-01,9.522022e-02,1.469927e-01,-2.510904e-02,-8.750000e+01,-1.166667e+02,1.875000e+01,-1.041650e+00,2.452285e-02,7.384114e-02,5.940780e+04,-4.299403e-02,-5.468068e-01,-2.520617e-02,-3.309689e-02,3.481409e+00,5.796258e+00,-6.743504e-01,-5.285338e-01,-6.467997e+00,-2.530377e+00,6.648124e+00,-2.637936e+00,-3.643199e+00,1.141907e+00,2.093389e-01
fru,0.740000,1.661756e+02,7.778671e-01,1.790790e-01,7.817274e-02,2.049906e-01,1.741303e+00,2.523130e+00,1.022985e-01,1.291667e-01,1.645403e-01,2.764232e-01,4.235667e-01,7.117376e-01,8.418977e-01,9.647717e-01,1.713664e+00,2.117593e+00,1.636943e+00,2.448753e+00,4.265011e+00,4.933430e+00,3.701211e+00,3.676338e+00,4.790279e+00,5.402455e+00,5.844562e+00,5.726538e+00,3.967856e+00,2.378477e+00,2.078263e+00,2.362343e+00,1.602207e+00,1.302046e+00,1.266713e+00,1.003759e+00,3.520499e-01,6.356916e-01,6.041667e+02,9.583333e+02,1.552083e+03,2.093750e+03,7.181069e-01,5.473560e+00,5.011727e+05,9.390163e-01,3.822255e+00,-1.837775e-01,3.091167e+01,-3.600947e+01,1.385441e+01,-4.935831e+00,-1.116212e+01,4.319811e+00,-2.792286e+00,7.796627e+00,1.111596e+01,-4.463248e+00,-7.304575e+00,-1.150821e+01,2.149979e+00,7.840091e-03,2.797979e-02,2.935358e-02,1.676715e-02,1.174970e-02,2.025541e-01,4.483856e-03,-7.395830e-03,3.462299e-02,6.241724e-02,8.395364e-02,1.895159e-01,1.885854e-01,1.125181e-01,8.220877e-02,5.661178e-02,1.662552e-03,-2.037555e-01,-3.114439e-01,1.721993e-01,6.352585e-01,3.508444e-01,2.417419e-01,4.539023e-01,2.652725e-01,1.561360e-01,8.874760e-01,5.502692e-01,4.303173e-01,4.504282e-01,1.741248e-02,1.676168e-01,1.519068e-01,3.872989e-02,2.635406e-01,-1.181217e-01,-1.479167e+02,-1.968750e+02,-9.687502e+01,-1.041667e+01,-2.971368e-02,-5.723286e-02,5.448086e+04,1.124685e-01,-1.424040e-01,-2.654496e-02,7.229286e-01,5.483908e+00,7.200079e+00,-1.011208e+00,-2.420268e+00,-6.887749e+00,-7.633470e-01,6.421403e+00,-5.973205e+00,-2.776230e+00,5.288206e+00,3.745974e-01
fru,0.750000,1.677207e+02,7.737282e-01,1.950018e-01,1.291597e-01,2.319017e-01,1.687209e+00,2.616733e+00,1.060363e-01,1.145833e-01,2.032850e-01,3.550338e-01,5.238972e-01,9.341936e-01,1.042880e+00,1.075568e+00,1.757832e+00,2.038773e+00,1.548572e+00,2.108417e+00,3.408868e+00,4.630435e+00,4.339966e+00,3.890668e+00,4.713835e+00,5.600249e+00,5.653322e+00,5.385077e+00,4.903697e+00,3.000758e+00,2.552853e+00,2.868451e+00,1.530384e+00,1.503290e+00,1.451824e+00,1.012933e+00,6.800581e-01,4.659176e-01,4.062500e+02,6.666667e+02,1.302083e+03,2.031250e+03,6.592746e-01,5.267228e+00,5.177528e+05,1.239880e+00,4.332371e+00,-2.151375e-01,3.388774e+01,-3.083972e+01,2.272433e+01,-8.002911e+00,-1.439435e+01,-2.948549e+00,-8.111489e-01,1.565524e+01,3.706435e+00,-5.927880e+00,1.980318e+00,-1.424426e+01,2.848164e+00,-1.274127e-03,-1.847899e-02,6.729905e-03,-4.965359e-03,-4.620133e-02,3.576071e-02,4.777584e-03,-8.124999e-03,3.746256e-02,8.479758e-02,1.060075e-01,2.108888e-01,2.208731e-01,1.250446e-01,-2.955654e-02,-1.295954e-01,-1.031112e-01,-3.280765e-01,-7.180654e-01,-5.082310e-01,2.098247e-01,2.127170e-01,-3.445401e-02,1.120377e-03,-2.245784e-01,-3.772467e-01,7.149072e-01,5.598987e-01,3.909145e-01,3.474252e-01,-5.605584e-02,1.142897e-01,1.100211e-01,-7.443386e-03,3.464167e-01,-1.411782e-01,-1.552083e+02,-1.937500e+02,-2.385417e+02,-3.750002e+01,-5.456756e-02,-2.463200e-01,2.276184e+04,3.197784e-01,7.536886e-01,-3.259500e-02,6.688534e-01,6.277073e+00,7.862227e+00,-1.578265e+00,-2.914716e+00,-6.009525e+00,-2.008300e-01,3.909734e+00,-7.376848e+00,-5.861267e-01,7.305126e+00,1.569540e+00
fru,0.760000,1.708873e+02,7.608266e-01,1.162125e-01,1.131482e-01,1.778650e-01,1.644597e+00,2.538506e+00,1.143924e-01,1.145833e-01,2.441333e-01,4.603643e-01,6.472369e-01,1.159758e+00,1.293611e+00,1.223812e+00,1.676912e+00,1.774268e+00,1.375965e+00,1.714541e+00,2.400128e+00,3.527617e+00,4.257261e+00,4.089200e+00,4.541569e+00,5.330346e+00,5.068270e+00,4.592945e+00,5.515788e+00,3.555936e+00,2.909563e+00,3.148806e+00,1.395393e+00,1.582380e+00,1.553049e+00,9.623005e-01,1.165205e+00,3.583945e-01,2.395833e+02,5.416667e+02,9.583333e+02,2.052083e+03,5.918633e-01,4.851670e+00,5.372202e+05,1.647097e+00,5.231475e+00,-2.656732e-01,3.397416e+01,-2.386047e+01,3.012370e+01,-9.282840e+00,-1.953897e+01,-8.229459e+00,-1.388414e+00,1.638011e+01,-6.099879e+00,-2.507550e+00,1.218956e+01,-8.204463e+00,4.537145e+00,-4.274100e-03,-4.724623e-02,-1.583552e-02,-3.342765e-02,-9.641055e-02,-1.009876e-01,5.818958e-03,-1.010417e-02,3.523375e-02,9.447265e-02,1.172225e-01,2.043489e-01,2.143110e-01,1.068111e-01,-1.447769e-01,-2.475826e-01,-1.626816e-01,-3.568288e-01,-7.728847e-01,-8.928462e-01,-3.054703e-01,4.237139e-02,-2.140947e-01,-3.937686e-01,-4.966591e-01,-6.461132e-01,3.685428e-01,4.761233e-01,2.895425e-01,1.390957e-01,-6.884737e-02,1.545938e-02,1.508754e-02,-4.174678e-02,3.649397e-01,-1.091641e-01,-1.072917e+02,-1.541667e+02,-3.010417e+02,-1.604167e+02,-3.953278e-02,-4.305381e-01,-3.495194e+04,8.117028e-01,7.284386e+00,-3.950401e-02,9.500076e-01,5.806024e+00,7.429308e+00,-1.539355e+00,-8.662164e-01,-3.836805e+00,-1.402775e+00,3.750213e-01,-6.488297e+00,-4.706310e-01,4.415331e+00,1.789544e+00
fru,0.770000,1.774807e+02,7.570992e-01,3.928387e-02,7.808201e-02,1.289470e-01,1.534544e+00,2.378932e+00,1.196270e-01,1.072917e-01,2.797507e-01,5.638933e-01,7.704020e-01,1.359964e+00,1.547769e+00,1.362265e+00,1.452281e+00,1.448889e+00,1.180077e+00,1.353495e+00,1.679820e+00,2.348632e+00,3.510607e+00,4.142910e+00,4.361614e+00,4.711430e+00,4.485355e+00,3.834993e+00,5.736436e+00,4.036880e+00,3.159334e+00,3.201067e+00,1.345228e+00,1.542106e+00,1.518577e+00,9.184554e-01,1.496262e+00,2.718193e-01,1.875000e+02,4.166667e+02,5.625000e+02,1.906250e+03,5.486122e-01,4.372235e+00,4.814592e+05,2.219122e+00,7.518451e+00,-3.028692e-01,3.491854e+01,-1.970850e+01,4.041980e+01,-1.269539e+01,-1.917123e+01,-1.243348e+01,-4.491818e+00,1.463532e+01,-1.080348e+01,-3.128152e+00,1.584422e+01,-6.984121e+00,5.649388e+00,1.595140e-03,-4.194818e-02,-3.205758e-02,-3.573563e-02,-1.504050e-01,-1.948698e-01,6.431357e-03,-1.614583e-02,2.770537e-02,8.820231e-02,1.200184e-01,1.671727e-01,1.441530e-01,3.023094e-02,-2.375720e-01,-2.784874e-01,-1.735651e-01,-3.315852e-01,-5.931412e-01,-8.756105e-01,-6.510013e-01,-2.134605e-01,-3.916166e-01,-6.669445e-01,-5.776538e-01,-6.435202e-01,-9.934549e-02,2.955905e-01,1.595990e-01,-1.194110e-01,-1.711193e-02,-8.085351e-02,-9.864403e-02,-4.976390e-02,3.459991e-01,-9.482197e-02,-5.416666e+01,-1.125000e+02,-2.520833e+02,-3.239583e+02,-1.786023e-02,-5.331565e-01,-8.515930e+04,1.718617e+00,2.616920e+01,-4.233664e-02,5.141121e-01,6.356397e+00,5.166002e+00,5.107101e-01,2.555696e+00,-1.494386e+00,-2.890440e+00,-2.588198e+00,-4.627118e+00,-1.648786e+00,-8.425932e-01,1.521800e+00
fru,0.780000,1.839812e+02,7.648111e-01,2.070686e-02,2.453398e-02,8.932976e-02,1.335582e+00,2.137092e+00,1.245980e-01,8.229167e-02,3.024762e-01,6.443567e-01,8.864270e-01,1.520597e+00,1.661008e+00,1.355479e+00,1.142555e+00,1.174622e+00,1.007783e+00,1.042070e+00,1.265111e+00,1.610101e+00,2.588539e+00,3.762074e+00,3.895916e+00,3.878021e+00,3.945250e+00,3.271014e+00,5.394201e+00,4.241032e+00,3.222734e+00,2.891514e+00,1.350548e+00,1.359935e+00,1.308774e+00,8.422640e-01,1.768647e+00,1.869205e-01,1.770833e+02,3.125000e+02,4.166667e+02,1.354167e+03,5.757742e-01,3.768366e+00,3.445597e+05,4.507909e+00,3.865114e+01,-3.374317e-01,3.514631e+01,-1.254496e+01,4.215322e+01,-1.028637e+01,-1.310476e+01,-1.012175e+01,-7.965825e+00,1.018169e+01,-1.407056e+01,-8.216267e+00,7.840131e+00,-6.190564e+00,5.545427e+00,7.860547e-03,-1.680457e-02,-2.581271e-02,-1.991640e-02,-1.908249e-01,-2.564718e-01,6.892637e-03,-2.302083e-02,1.700180e-02,7.240576e-02,1.188959e-01,9.998469e-02,1.569749e-02,-9.199713e-02,-2.672523e-01,-2.452995e-01,-1.595525e-01,-2.764426e-01,-3.822651e-01,-6.112542e-01,-6.968800e-01,-5.228832e-01,-6.262339e-01,-7.885007e-01,-6.224669e-01,-5.604612e-01,-5.857133e-01,3.028746e-02,4.044712e-02,-3.361882e-01,4.551730e-02,-1.287705e-01,-1.710292e-01,-3.531262e-02,3.313584e-01,-8.781745e-02,-1.666666e+01,-9.062500e+01,-1.708333e+02,-4.625000e+02,-2.476854e-02,-5.719317e-01,-1.280593e+05,2.704286e+00,5.114255e+01,-4.806183e-02,6.921185e-01,6.824847e+00,1.638461e+00,2.552810e+00,5.408034e+00,2.517786e-02,-3.250437e+00,-2.650241e+00,-2.473634e+00,-2.702417e+00,-6.924230e+00,-8.095438e-01
fru,0.790000,1.894206e+02,7.797117e-01,3.301374e-02,1.317888e-02,9.749117e-02,1.089691e+00,1.843090e+00,1.330903e-01,5.000000e-02,3.126404e-01,7.040491e-01,1.004394e+00,1.589637e+00,1.579946e+00,1.160889e+00,8.371498e-01,9.461589e-01,8.648375e-01,7.867263e-01,1.010671e+00,1.211141e+00,1.919320e+00,2.986928e+00,3.078579e+00,2.991688e+00,3.326563e+00,2.828441e+00,4.467763e+00,4.136162e+00,3.194262e+00,2.400042e+00,1.467247e+00,1.210245e+00,1.080741e+00,8.241319e-01,2.108333e+00,7.754470e-02,1.666667e+02,2.187500e+02,3.125000e+02,7.604167e+02,5.780180e-01,3.143098e+00,1.882865e+05,8.402556e+00,1.184685e+02,-3.909415e-01,3.587222e+01,-4.715487e+00,4.253958e+01,-4.947597e+00,-4.832977e+00,-9.474332e+00,-1.197464e+01,5.813456e+00,-1.544381e+01,-1.131745e+01,-5.793428e-02,-7.642210e+00,4.663315e+00,8.402961e-03,-2.219120e-04,-1.213826e-02,-5.425216e-03,-1.777417e-01,-2.825424e-01,6.405487e-03,-2.208333e-02,6.004834e-03,5.420969e-02,1.128751e-01,1.314955e-02,-1.048992e-01,-1.965346e-01,-2.324094e-01,-1.859095e-01,-1.396701e-01,-2.098387e-01,-2.380367e-01,-3.298782e-01,-5.297949e-01,-7.174460e-01,-7.974752e-01,-7.587183e-01,-6.722584e-01,-5.073668e-01,-9.340944e-01,-2.570912e-01,-4.833777e-02,-4.483992e-01,7.877193e-02,-1.229357e-01,-1.724160e-01,-7.602423e-03,2.959652e-01,-6.889268e-02,-3.125000e+00,-5.833333e+01,-8.750000e+01,-4.208333e+02,-5.206791e-02,-5.017446e-01,-1.202361e+05,3.022417e+00,6.650164e+01,-4.715500e-02,5.912445e-01,6.583173e+00,-1.300130e+00,4.216883e+00,5.724859e+00,-3.559462e-01,-3.075707e+00,-1.957075e+00,-1.294090e+00,-1.486878e+00,-8.426158e+00,-2.149424e+00
fru,0.800000,1.926445e+02,7.888231e-01,3.532467e-02,1.653622e-02,9.401095e-02,9.128988e-01,1.524067e+00,1.421239e-01,2.812500e-02,3.126974e-01,7.523152e-01,1.124720e+00,1.544845e+00,1.356009e+00,8.645142e-01,6.482158e-01,7.991350e-01,7.358220e-01,6.157115e-01,8.233776e-01,1.040092e+00,1.568504e+00,2.052774e+00,2.051916e+00,2.247713e+00,2.535331e+00,2.293914e+00,3.221557e+00,3.657732e+00,3.094335e+00,1.868377e+00,1.561970e+00,1.104458e+00,9.168210e-01,8.328991e-01,2.515962e+00,1.644454e-02,1.666667e+02,1.875000e+02,2.291667e+02,3.125000e+02,4.533178e-01,2.606580e+00,4.351028e+04,1.207681e+01,2.054692e+02,-4.619462e-01,3.695791e+01,2.767263e+00,3.725612e+01,-3.926842e-01,3.320746e-01,-9.583141e+00,-1.389919e+01,7.539841e+00,-1.614788e+01,-1.192498e+01,-1.448051e+01,-1.192314e+01,4.005792e+00,3.697997e-03,-2.999604e-06,-1.007213e-03,-2.299412e-03,-1.255802e-01,-2.621470e-01,2.907576e-03,-1.447917e-02,-4.737830e-03,3.295420e-02,9.320362e-02,-7.319317e-02,-1.558174e-01,-2.258159e-01,-1.598364e-01,-1.218864e-01,-1.222197e-01,-1.396166e-01,-1.481355e-01,-1.478879e-01,-3.267698e-01,-6.959131e-01,-7.754103e-01,-6.154301e-01,-6.676592e-01,-4.810179e-01,-1.007771e+00,-4.482064e-01,-9.556861e-02,-4.182587e-01,8.029060e-02,-8.287587e-02,-1.227729e-01,1.452817e-02,1.574405e-01,-4.159991e-02,3.125000e+00,-2.604167e+01,-4.895833e+01,-250,-7.276829e-02,-3.429288e-01,-7.876985e+04,2.380833e+00,6.002439e+01,-2.560195e-02,5.834392e-01,4.483346e+00,-2.403646e+00,2.967933e+00,4.760106e+00,-1.847075e+00,-1.525688e+00,-1.561921e+00,-4.211627e-01,1.402946e-01,-6.351817e+00,-3.496970e+00
fru,0.810000,1.964657e+02,7.871079e-01,3.086540e-02,2.138961e-02,9.948033e-02,8.571773e-01,1.272732e+00,1.428915e-01,2.395833e-02,3.046643e-01,7.809625e-01,1.215631e+00,1.413588e+00,1.175772e+00,6.250739e-01,5.374036e-01,7.070851e-01,6.177070e-01,5.174804e-01,7.105034e-01,9.842456e-01,1.371650e+00,1.410329e+00,1.296238e+00,1.732993e+00,1.829022e+00,1.786708e+00,2.152286e+00,3.043075e+00,2.981845e+00,1.470640e+00,1.633376e+00,1.055165e+00,8.524733e-01,8.851257e-01,2.602431e+00,1.259382e-02,1.770833e+02,1.875000e+02,2.187500e+02,3.229167e+02,3.495009e-01,2.444405e+00,3.080330e+04,1.354676e+01,2.566176e+02,-4.763869e-01,3.696896e+01,5.551254e+00,3.636769e+01,3.442187e+00,2.734645e+00,-1.448251e+01,-1.690367e+01,6.170872e+00,-1.623527e+01,-8.708184e+00,-1.512626e+01,-1.486495e+01,3.487785e+00,-2.478010e-03,-5.496947e-03,1.293463e-03,3.237916e-03,-5.691475e-02,-2.043062e-01,-2.199766e-03,-5.520833e-03,-1.553214e-02,4.741526e-03,5.175668e-02,-1.304321e-01,-1.341492e-01,-1.796656e-01,-8.335582e-02,-5.613720e-02,-9.579960e-02,-6.421150e-02,-6.170943e-02,-4.220322e-02,-2.002485e-01,-5.055896e-01,-5.710310e-01,-4.295320e-01,-5.595810e-01,-4.307087e-01,-8.216755e-01,-4.886007e-01,-1.307107e-01,-2.998236e-01,5.973593e-02,-5.251248e-02,-7.656324e-02,1.575130e-03,-6.574275e-02,-9.936184e-03,6.249999e+00,-1.041667e+00,-1.979167e+01,-8.229167e+01,-5.244299e-02,-1.409363e-01,-3.051082e+04,6.824923e-01,2.162267e+01,1.233108e-02,8.348633e-01,1.137331e+00,-3.561826e+00,2.818272e-01,4.758771e+00,-1.942622e+00,3.268434e-01,-3.381597e+00,-4.176537e-01,1.547753e+00,-1.873220e+00,-4.106131e+00
fru,0.820000,2.004877e+02,7.796029e-01,2.176603e-02,1.539255e-02,7.683811e-02,8.239381e-01,1.111536e+00,1.342353e-01,2.291667e-02,2.827751e-01,7.706711e-01,1.246827e+00,1.242656e+00,1.084009e+00,4.943069e-01,4.932459e-01,6.847265e-01,5.202501e-01,4.786099e-01,6.745172e-01,9.841092e-01,1.228526e+00,1.070808e+00,9.100348e-01,1.430219e+00,1.355724e+00,1.386791e+00,1.513086e+00,2.546544e+00,2.851100e+00,1.264922e+00,1.668937e+00,1.023096e+00,8.090436e-01,8.844079e-01,2.308800e+00,1.139638e-02,1.875000e+02,1.979167e+02,2.187500e+02,3.229167e+02,3.261913e-01,2.403068e+00,2.945205e+04,1.383998e+01,2.696985e+02,-4.227188e-01,3.751514e+01,4.738399e+00,3.322093e+01,3.584056e-01,6.911955e+00,-1.685303e+01,-1.312975e+01,2.193379e+00,-1.578064e+01,-8.819427e+00,-1.638479e+01,-2.006404e+01,2.794179e+00,-5.965859e-03,-5.859918e-03,4.184304e-04,3.595672e-03,7.191843e-03,-1.280982e-01,-4.834631e-03,5.208334e-04,-2.528977e-02,-2.674742e-02,1.432419e-04,-1.520029e-01,-8.214091e-02,-9.880195e-02,-2.039337e-02,5.619454e-03,-4.703363e-02,2.608755e-02,5.378999e-02,1.687084e-02,-1.434655e-01,-2.715194e-01,-2.974386e-01,-2.690225e-01,-3.708954e-01,-3.232602e-01,-5.156987e-01,-3.809181e-01,-1.621582e-01,-1.516880e-01,4.875458e-02,-3.895210e-02,-5.996967e-02,-4.442444e-02,-1.941079e-01,1.040282e-02,5.208333e+00,8.333333e+00,0,2.916667e+01,-2.918357e-03,2.262766e-02,4.125904e+03,-1.042041e+00,-2.241396e+01,3.230306e-02,1.320515e+00,-2.229597e+00,-4.382678e+00,-2.985384e+00,5.981941e+00,-8.352262e-01,2.128167e+00,-5.367491e+00,-2.011139e-01,1.758672e+00,1.728715e+00,-4.474110e+00
fru,0.830000,2.029379e+02,7.719317e-01,1.230833e-02,2.021803e-02,1.222672e-01,8.495975e-01,1.027825e+00,1.260358e-01,2.500000e-02,2.499409e-01,7.185788e-01,1.202124e+00,1.088571e+00,1.045201e+00,4.476647e-01,4.978556e-01,7.226772e-01,4.936254e-01,5.342196e-01,7.765536e-01,1.028116e+00,1.088067e+00,9.499630e-01,7.943643e-01,1.252776e+00,1.118462e+00,1.128460e+00,1.213622e+00,2.248753e+00,2.662326e+00,1.202652e+00,1.712443e+00,9.883639e-01,7.518137e-01,8.062531e-01,1.883200e+00,3.038786e-02,1.875000e+02,2.083333e+02,2.187500e+02,3.437500e+02,3.793662e-01,2.540172e+00,4.276150e+04,1.093343e+01,1.944672e+02,-3.488998e-01,3.976793e+01,-1.439794e-02,2.674805e+01,-3.914006e+00,1.567094e+01,-1.555249e+01,-1.072514e+01,-8.421298e+00,-1.771570e+01,-5.131465e+00,-8.471894e+00,-2.410242e+01,1.545430e+00,-6.593239e-03,-3.425153e-03,1.092750e-03,1.051755e-02,7.739458e-02,-5.316893e-02,-2.192491e-03,3.437500e-03,-3.078492e-02,-4.984437e-02,-3.956548e-02,-1.439117e-01,-4.787487e-02,-2.735064e-02,5.043464e-02,7.983613e-02,3.325827e-02,1.463471e-01,2.014676e-01,7.044817e-02,-9.923364e-02,-1.118675e-01,-8.801527e-02,-1.485230e-01,-1.806216e-01,-1.986087e-01,-2.337179e-01,-2.009229e-01,-1.808042e-01,-2.149015e-02,3.661718e-02,-3.896417e-02,-6.338128e-02,-9.531993e-02,-1.453725e-01,2.828974e-02,2.083334e+00,8.333333e+00,1.562500e+01,7.291667e+01,1.285234e-02,1.363722e-01,1.814325e+04,-2.336342e+00,-5.805968e+01,1.634141e-02,1.568688e+00,-4.465428e+00,-5.376805e+00,-5.396162e+00,6.181521e+00,2.554290e+00,2.486901e+00,-4.600565e+00,-2.783231e-01,1.483410e+00,1.077556e+00,-4.947755e+00
fru,0.840000,2.033792e+02,7.665820e-01,1.530362e-02,1.921416e-02,1.005959e-01,9.526480e-01,1.006030e+00,1.263786e-01,3.020833e-02,2.136102e-01,6.497700e-01,1.132190e+00,9.473384e-01,1.010590e+00,4.592090e-01,5.660229e-01,8.194363e-01,5.626947e-01,7.377796e-01,1.059302e+00,1.102511e+00,9.929674e-01,9.253604e-01,8.156600e-01,1.142709e+00,1.036135e+00,1.006738e+00,1.112396e+00,2.150302e+00,2.443303e+00,1.243931e+00,1.766209e+00,9.430985e-01,6.673024e-01,6.502132e-01,1.905038e+00,5.956163e-02,1.875000e+02,2.187500e+02,2.291667e+02,4.479167e+02,4.237933e-01,2.671835e+00,5.816070e+04,8.173265e+00,1.244746e+02,-3.641745e-01,4.216100e+01,-5.597894e+00,2.015256e+01,-1.164151e+01,2.377363e+01,-1.322428e+01,-6.347613e+00,-1.200153e+01,-1.641324e+01,-4.919984e+00,-9.164119e+00,-2.967496e+01,2.439407e-01,-6.068492e-03,1.913781e-04,3.131454e-03,3.802871e-03,1.408241e-01,2.096770e-02,3.239483e-03,6.041666e-03,-2.909581e-02,-5.524905e-02,-5.344193e-02,-1.186006e-01,-3.223804e-02,2.129518e-02,1.349627e-01,1.703963e-01,1.347539e-01,2.748141e-01,3.432092e-01,1.360831e-01,-3.315939e-02,-2.433912e-02,4.183193e-02,-4.968075e-02,-8.959937e-03,-6.720326e-02,-8.761001e-03,1.155679e-02,-1.436908e-01,7.806295e-02,2.280140e-02,-3.505575e-02,-5.667466e-02,-1.084574e-01,7.003045e-03,4.026518e-02,0,5.208333e+00,3.437500e+01,1.114583e+02,6.849495e-03,1.976712e-01,3.480752e+04,-2.492414e+00,-6.290858e+01,-1.804810e-02,7.814575e-01,-5.046992e+00,-3.774723e+00,-6.226987e+00,4.204705e+00,4.783254e+00,1.480191e+00,-1.481951e+00,-5.597916e-02,3.189749e-01,-8.068256e-01,-3.947613e+00
fru,0.850000,2.027471e+02,7.606522e-01,1.697084e-02,2.494255e-02,1.401892e-01,1.179795e+00,1.059641e+00,1.358574e-01,3.750000e-02,1.853221e-01,5.921912e-01,1.075122e+00,8.416882e-01,9.731066e-01,5.058696e-01,7.531883e-01,1.038911e+00,7.627761e-01,1.119631e+00,1.525449e+00,1.277286e+00,9.932606e-01,9.237158e-01,9.033489e-01,1.134132e+00,1.085709e+00,9.836917e-01,1.184042e+00,2.236581e+00,2.281722e+00,1.373684e+00,1.767826e+00,9.003431e-01,6.064374e-01,5.256234e-01,2.077449e+00,1.299599e-01,1.875000e+02,2.187500e+02,2.916667e+02,625,3.649616e-01,2.991882e+00,1.071652e+05,4.698403e+00,3.893120e+01,-4.239520e-01,4.248947e+01,-1.160774e+01,1.601785e+01,-1.753866e+01,2.521141e+01,-3.525436e+00,-7.860237e+00,-9.734498e+00,-1.731059e+01,-3.240857e+00,-1.334881e+01,-3.479827e+01,-4.525879e-01,-4.233867e-03,2.480485e-03,2.438770e-03,-7.855777e-03,1.779035e-01,9.543713e-02,6.266299e-03,1.020833e-02,-2.257738e-02,-4.634852e-02,-4.535013e-02,-8.941408e-02,-2.567831e-02,4.808563e-02,2.195518e-01,2.652240e-01,2.280504e-01,3.569616e-01,3.991838e-01,2.129328e-01,6.549520e-02,2.002300e-02,1.233735e-01,5.164012e-02,1.648266e-01,7.828031e-02,2.054333e-01,2.472682e-01,-3.695245e-02,1.495912e-01,1.823394e-02,-1.028077e-02,-2.630753e-02,-6.988039e-02,6.945816e-02,5.421562e-02,2.083334e+00,4.166669e+00,7.291666e+01,1.312500e+02,-6.108287e-03,2.305191e-01,5.100001e+04,-1.780989e+00,-4.325948e+01,-3.555138e-02,-9.100590e-01,-4.437575e+00,-1.554973e+00,-5.483445e+00,7.375584e-01,6.090685e+00,6.411175e-02,1.848972e+00,6.646290e-01,-2.265912e+00,-3.365437e+00,-2.460876e+00
fru,0.860000,2.018028e+02,7.549002e-01,2.039167e-02,2.868756e-02,8.689146e-02,1.362960e+00,1.200467e+00,1.455219e-01,4.687500e-02,1.696055e-01,5.576196e-01,1.043118e+00,7.730944e-01,9.588657e-01,5.716804e-01,1.040393e+00,1.378591e+00,1.059444e+00,1.559975e+00,2.016115e+00,1.539940e+00,1.110132e+00,9.622361e-01,1.064702e+00,1.241137e+00,1.327301e+00,1.123159e+00,1.484071e+00,2.610414e+00,2.322948e+00,1.569720e+00,1.755252e+00,8.918274e-01,5.983585e-01,4.824356e-01,2.246691e+00,1.629363e-01,1.875000e+02,2.187500e+02,3.541667e+02,7.395833e+02,3.676411e-01,3.165569e+00,1.712878e+05,4.495422e+00,3.292363e+01,-4.754332e-01,4.006166e+01,-1.469989e+01,1.971241e+01,-2.396420e+01,2.316524e+01,1.049706e+00,-7.161245e+00,-4.559778e+00,-1.626310e+01,-8.169857e+00,-1.798046e+01,-3.445417e+01,-5.786301e-01,-2.587908e-03,3.509469e-04,7.359667e-04,-7.494187e-03,1.658034e-01,1.575852e-01,4.707433e-03,1.510417e-02,-1.517380e-02,-3.507044e-02,-3.824140e-02,-6.145780e-02,-2.368837e-02,5.002375e-02,2.627947e-01,3.220759e-01,2.902793e-01,3.481899e-01,3.185481e-01,2.894796e-01,1.758541e-01,5.420573e-02,1.802265e-01,1.475349e-01,3.437646e-01,2.343561e-01,4.195893e-01,4.468661e-01,9.275577e-02,1.894493e-01,4.840636e-02,3.903518e-02,2.154703e-02,-4.135943e-03,-3.987660e-02,6.707884e-02,3.125001e+00,5.208333e+00,1.062500e+02,1.520833e+02,-2.331430e-03,2.409320e-01,6.340480e+04,-1.072599e+00,-2.283328e+01,-1.663608e-02,-2.228673e+00,-3.584208e+00,2.945299e-01,-3.358996e+00,-7.868805e-01,5.042539e+00,5.469894e-02,2.194846e+00,1.786008e+00,-5.367505e+00,-3.482850e+00,1.130989e-01
fru,0.870000,2.014632e+02,7.566032e-01,2.216673e-02,2.767518e-02,8.984049e-02,1.533959e+00,1.407792e+00,1.477956e-01,6.770834e-02,1.590564e-01,5.329114e-01,1.019909e+00,7.286229e-01,9.426715e-01,6.318572e-01,1.358429e+00,1.769220e+00,1.385502e+00,1.907930e+00,2.294066e+00,1.874066e+00,1.356961e+00,1.031640e+00,1.286711e+00,1.461762e+00,1.797011e+00,1.461651e+00,2.054950e+00,3.255038e+00,2.537742e+00,1.787713e+00,1.809092e+00,9.625956e-01,6.547480e-01,5.407400e-01,2.059664e+00,2.497786e-01,1.979167e+02,2.291667e+02,5.208333e+02,8.541667e+02,3.769009e-01,3.445901e+00,241198,3.867408e+00,2.394531e+01,-4.710274e-01,3.626730e+01,-1.765128e+01,1.919325e+01,-2.516989e+01,1.966292e+01,7.763940e+00,-9.997768e+00,-2.897315e+00,-1.446763e+01,-1.483609e+01,-2.089091e+01,-3.401719e+01,2.868433e+00,-2.026123e-03,8.234172e-03,1.404430e-02,-2.461696e-03,1.186596e-01,1.842413e-01,3.871918e-04,1.770833e-02,-1.041403e-02,-2.981106e-02,-4.235268e-02,-4.595261e-02,-3.101416e-02,2.717560e-02,2.326665e-01,2.975991e-01,3.017248e-01,2.542848e-01,1.237144e-01,3.416073e-01,2.730735e-01,8.096831e-02,2.085906e-01,1.999811e-01,4.655808e-01,3.611593e-01,5.535458e-01,5.191609e-01,1.749762e-01,2.026567e-01,1.162707e-01,1.005598e-01,6.737552e-02,4.714768e-02,-1.637658e-01,7.029922e-02,3.125001e+00,6.249999e+00,1.229167e+02,150,6.690407e-03,2.064826e-01,6.274787e+04,-5.209699e-01,-6.612535e+00,9.347266e-03,-2.752310e+00,-2.442831e+00,2.963766e-01,-6.468874e-01,-1.716820e-01,2.953908e+00,1.021754e+00,1.145524e+00,2.284373e+00,-6.924219e+00,-3.431178e+00,1.885260e+00
fru,0.880000,2.011280e+02,7.556669e-01,1.446041e-02,2.152768e-02,8.829930e-02,1.604583e+00,1.619880e+00,1.439466e-01,9.062500e-02,1.508741e-01,5.040576e-01,9.685890e-01,6.965821e-01,9.073661e-01,6.463339e-01,1.577376e+00,2.064662e+00,1.702728e+00,2.084580e+00,2.267734e+00,2.251519e+00,1.690388e+00,1.142427e+00,1.525112e+00,1.716569e+00,2.399307e+00,1.939539e+00,2.774888e+00,3.875404e+00,2.779073e+00,1.984163e+00,1.987608e+00,1.107148e+00,7.508823e-01,6.219752e-01,1.714547e+00,3.350464e-01,1.979167e+02,2.395833e+02,6.458333e+02,1.093750e+03,4.061665e-01,3.649486e+00,3.081683e+05,3.225766e+00,1.780112e+01,-4.238172e-01,3.412872e+01,-2.049717e+01,2.003751e+01,-2.462088e+01,2.261347e+01,6.343728e+00,-5.005352e+00,-4.445890e+00,-8.904679e+00,-2.595989e+01,-2.280732e+01,-2.950001e+01,7.914366e+00,-2.305508e-03,1.182559e-02,2.060113e-02,2.086124e-02,7.007192e-02,1.644811e-01,-3.289156e-03,1.531250e-02,-7.794213e-03,-3.092622e-02,-5.829210e-02,-4.052612e-02,-4.415550e-02,-1.047618e-02,1.490128e-01,2.040715e-01,2.643375e-01,1.329997e-01,-9.405873e-02,3.567640e-01,3.243038e-01,8.534966e-02,2.070150e-01,2.016348e-01,4.640427e-01,3.816597e-01,5.300680e-01,4.137602e-01,1.608001e-01,2.162533e-01,1.729177e-01,1.432439e-01,9.293833e-02,6.156737e-02,-2.515047e-01,5.765578e-02,2.083334e+00,3.645834e+01,1.072917e+02,1.572917e+02,3.747973e-03,1.770362e-01,5.628012e+04,-4.803785e-01,-5.133870e+00,2.876179e-02,-2.231257e+00,-1.610604e+00,6.636047e-02,5.938599e-01,7.234518e-01,6.484720e-01,3.222935e+00,4.135598e-01,1.258667e+00,-5.425656e+00,-2.820266e+00,2.581182e+00
fru,0.890000,2.174266e+02,7.501383e-01,6.110733e-02,9.874401e-02,1.271768e-01,1.652281e+00,1.771141e+00,1.385810e-01,1.041667e-01,1.426176e-01,4.699169e-01,9.006231e-01,6.501813e-01,8.437856e-01,6.044208e-01,1.648029e+00,2.183871e+00,1.949758e+00,2.128752e+00,2.018212e+00,2.629533e+00,2.068500e+00,1.238462e+00,1.716097e+00,1.896322e+00,2.877610e+00,2.381298e+00,3.306362e+00,4.199890e+00,2.928541e+00,2.179746e+00,2.233002e+00,1.295482e+00,8.670531e-01,6.915920e-01,1.524692e+00,3.954009e-01,1.979167e+02,2.395833e+02,7.604167e+02,1.197917e+03,3.791510e-01,3.782337e+00,3.524643e+05,2.728381e+00,1.342978e+01,-4.030237e-01,3.169439e+01,-2.092326e+01,1.733719e+01,-2.044476e+01,2.462888e+01,8.597093e+00,-3.829412e+00,-4.063822e+00,-9.567932e+00,-2.896693e+01,-2.809128e+01,-2.784906e+01,1.275880e+01,-4.660982e-03,1.217097e-02,2.163082e-02,2.252478e-02,3.117720e-02,1.082083e-01,-4.855746e-03,9.375000e-03,-5.509208e-03,-3.361519e-02,-7.584686e-02,-3.513952e-02,-4.719754e-02,-3.917672e-02,6.166215e-02,9.130315e-02,1.812148e-01,2.649128e-02,-2.473136e-01,2.994358e-01,2.973887e-01,6.380187e-02,1.980872e-01,1.666805e-01,3.311867e-01,2.812669e-01,3.402897e-01,1.958925e-01,7.884264e-02,2.510938e-01,1.689264e-01,1.361062e-01,8.436398e-02,4.318119e-02,-2.524925e-01,2.078469e-02,4.166666e+00,8.020833e+01,6.250000e+01,1.281250e+02,-6.840187e-03,1.322468e-01,4.094399e+04,-2.894681e-01,-2.782090e+00,3.285187e-02,-1.373046e+00,-7.393110e-01,4.117252e-01,-1.520096e-01,-3.890116e-01,-1.711377e+00,4.716635e+00,9.961435e-01,-5.098436e-01,-1.912497e+00,-2.163241e+00,2.860537e+00
fru,0.900000,2.333929e+02,7.466052e-01,6.004931e-02,9.615877e-02,1.725295e-01,1.654158e+00,1.841198e+00,1.336835e-01,1.052083e-01,1.388538e-01,4.344858e-01,8.113010e-01,6.096845e-01,7.875312e-01,5.330176e-01,1.640657e+00,2.191622e+00,2.099004e+00,2.114562e+00,1.683749e+00,2.946027e+00,2.375881e+00,1.285573e+00,1.885084e+00,2.032031e+00,3.107215e+00,2.571633e+00,3.508705e+00,4.206789e+00,2.931549e+00,2.454970e+00,2.407886e+00,1.441604e+00,9.568976e-01,7.148464e-01,1.256653e+00,3.784040e-01,1.979167e+02,3.958333e+02,7.708333e+02,1.354167e+03,3.852560e-01,3.882532e+00,3.970552e+05,2.663042e+00,1.251204e+01,-3.656261e-01,3.119183e+01,-2.111692e+01,2.097225e+01,-2.335747e+01,2.429952e+01,3.875489e+00,5.869251e+00,-1.908725e+00,-1.241961e+01,-2.823272e+01,-2.848161e+01,-2.463233e+01,1.266059e+01,-7.321835e-03,-4.502721e-05,-2.065619e-03,1.605875e-02,1.705418e-02,4.176396e-02,-4.922357e-03,4.687502e-03,-4.273203e-03,-3.568146e-02,-8.646589e-02,-2.361010e-02,-3.125216e-02,-3.033065e-02,1.534660e-02,1.140883e-02,6.824042e-02,-4.768605e-02,-2.982370e-01,1.765850e-01,2.012184e-01,2.631944e-02,2.091379e-01,1.354838e-01,1.322462e-01,1.108348e-01,8.203201e-02,-2.449174e-02,-2.243354e-02,2.921475e-01,9.257674e-02,7.455038e-02,4.530793e-02,1.688844e-02,-2.448236e-01,-3.746778e-04,2.083333e+01,1.270833e+02,4.270834e+01,1.020834e+02,-4.860005e-03,1.345489e-01,2.019635e+04,-1.877889e-01,-1.501936e+00,3.259030e-02,-4.385962e-01,-8.022526e-01,1.993349e-01,-1.599591e+00,-2.992311e+00,-3.882434e+00,4.433816e+00,1.705032e+00,-8.666357e-01,2.496500e+00,-1.029144e+00,2.298506e+00
fru,0.910000,2.491248e+02,7.378292e-01,6.022711e-02,9.851375e-02,1.603493e-01,1.665058e+00,1.838175e+00,1.286484e-01,1.072917e-01,1.375205e-01,3.996214e-01,7.193191e-01,5.963740e-01,7.666013e-01,4.926318e-01,1.635099e+00,2.162255e+00,2.093438e+00,2.025395e+00,1.349491e+00,3.023991e+00,2.501158e+00,1.279076e+00,2.097161e+00,2.137434e+00,3.098990e+00,2.551938e+00,3.389490e+00,4.068808e+00,2.855717e+00,2.807779e+00,2.443585e+00,1.475899e+00,9.735603e-01,7.102104e-01,1.026149e+00,3.320233e-01,2.187500e+02,5.520833e+02,7.708333e+02,1.364583e+03,3.531553e-01,3.990612e+00,4.014745e+05,2.701429e+00,1.267940e+01,-3.358636e-01,3.087052e+01,-2.103796e+01,2.078451e+01,-2.656164e+01,1.687484e+01,4.411753e-01,8.148107e+00,8.148198e-01,-1.525938e+01,-2.326216e+01,-2.886997e+01,-2.214834e+01,-4.196643e+01,-1.071340e-02,-1.675886e-02,-2.823321e-02,-2.748763e-02,7.552016e-03,-1.398551e-02,-4.571059e-03,2.395835e-03,-4.525046e-03,-3.659425e-02,-8.860450e-02,-6.450260e-03,4.646516e-03,3.058261e-02,1.052010e-03,-3.684182e-02,-3.942157e-02,-9.710546e-02,-2.524348e-01,2.781854e-02,7.317903e-02,3.152966e-03,2.249374e-01,1.170813e-01,-4.296451e-02,-4.349768e-02,-1.264397e-01,-2.008728e-01,-1.078343e-01,2.876059e-01,-1.960795e-02,-1.483424e-02,-8.127188e-03,-7.524854e-03,-1.765135e-01,-9.894034e-03,2.812499e+01,1.114583e+02,2.291666e+01,6.458335e+01,9.768290e-03,1.431978e-01,-5.351331e+03,-1.173147e-01,-6.072475e-01,2.909061e-02,5.371645e-01,-1.113080e+00,-4.222380e-01,-2.113611e+00,-4.544771e+00,-5.670957e+00,2.273231e+00,1.214154e+00,1.019837e+00,5.709307e+00,1.164758e+00,2.162072e+00
fru,0.920000,2.485819e+02,7.252123e-01,1.467539e-02,1.131472e-02,1.520068e-01,1.683466e+00,1.795183e+00,1.243011e-01,1.125000e-01,1.320567e-01,3.607981e-01,6.269116e-01,6.054352e-01,7.896975e-01,5.505752e-01,1.660574e+00,2.132514e+00,1.972090e+00,1.897828e+00,1.110909e+00,2.937215e+00,2.480151e+00,1.253717e+00,2.380269e+00,2.273432e+00,2.949847e+00,2.408393e+00,3.143484e+00,3.818486e+00,2.703317e+00,3.130884e+00,2.345200e+00,1.389691e+00,9.241684e-01,6.971082e-01,7.397005e-01,3.648619e-01,2.916667e+02,7.187500e+02,8.541667e+02,1.520833e+03,3.948644e-01,4.218093e+00,3.846450e+05,2.300298e+00,1.066663e+01,-2.944457e-01,3.234767e+01,-2.445108e+01,1.931052e+01,-2.956039e+01,1.152894e+01,-8.990486e+00,1.117497e+01,1.639948e+00,-1.039213e+01,-1.632978e+01,-2.756370e+01,-2.085784e+01,-7.159106e+01,-1.223585e-02,-1.803257e-02,-2.908313e-02,-5.054083e-02,-1.876404e-02,-5.548175e-02,-3.903056e-03,-7.291667e-04,-5.693691e-03,-3.458101e-02,-7.961527e-02,4.219192e-03,4.991045e-02,1.327333e-01,-2.700763e-02,-9.275520e-02,-1.171575e-01,-1.250626e-01,-1.290019e-01,-9.743538e-02,-3.666198e-02,4.058289e-03,1.794902e-01,7.024083e-02,-1.587340e-01,-1.415258e-01,-2.512048e-01,-3.480891e-01,-1.646260e-01,1.930390e-01,-1.156482e-01,-8.343761e-02,-4.530072e-02,-2.267938e-02,-3.185164e-02,-1.699252e-02,2.187500e+01,3.958333e+01,0,-2.812499e+01,2.585300e-02,9.904587e-02,-3.445724e+04,5.070376e-03,7.738835e-01,1.950872e-02,1.193327e+00,-4.809689e-01,-1.641870e+00,-5.861843e-01,-3.434393e+00,-5.973177e+00,-1.243404e+00,-5.849115e-01,3.879105e+00,8.081209e+00,3.800169e+00,1.966679e+00
fru,0.930000,0,7.072677e-01,0,0,0,1.675388e+00,1.724221e+00,1.204168e-01,1.125000e-01,1.233910e-01,3.237894e-01,5.497953e-01,6.200547e-01,8.659350e-01,7.485551e-01,1.643331e+00,2.029217e+00,1.816107e+00,1.751592e+00,1.042457e+00,2.773031e+00,2.382260e+00,1.270155e+00,2.593191e+00,2.361028e+00,2.741471e+00,2.245430e+00,2.856774e+00,3.389677e+00,2.503485e+00,3.279819e+00,2.166305e+00,1.247267e+00,8.427817e-01,6.628368e-01,9.006007e-01,3.527018e-01,2.916667e+02,6.354167e+02,8.333333e+02,1.437500e+03,4.231882e-01,4.330546e+00,3.319128e+05,2.323180e+00,1.131625e+01,-2.931608e-01,3.380229e+01,-2.482158e+01,1.605686e+01,-2.791135e+01,8.290317e+00,-1.332470e+01,4.883887e+00,2.326138e-01,-5.482481e+00,-6.371867e+00,-2.272644e+01,-1.892594e+01,-7.468314e+01,-1.172591e-02,-1.351296e-02,-2.083422e-02,-4.727054e-02,-7.251684e-02,-8.970199e-02,-3.369742e-03,-6.979166e-03,-4.087635e-03,-2.628414e-02,-6.104801e-02,3.298366e-03,8.900932e-02,2.313828e-01,-9.682211e-02,-1.779361e-01,-1.592055e-01,-1.325380e-01,1.653790e-02,-1.762790e-01,-1.107598e-01,1.930524e-02,2.844038e-02,-2.957375e-02,-2.183865e-01,-2.107688e-01,-3.090321e-01,-4.716881e-01,-2.029468e-01,2.444637e-02,-1.686178e-01,-1.038573e-01,-5.310565e-02,-3.173459e-02,1.341517e-01,-4.143295e-02,-6.249997e+00,-50,-5.312500e+01,-1.385417e+02,4.549121e-02,-2.950745e-02,-5.604357e+04,2.565707e-01,3.000891e+00,7.175404e-03,1.599051e+00,1.492026e+00,-1.395509e+00,2.138511e+00,-6.815111e-01,-5.191942e+00,-3.451133e+00,-2.115805e+00,5.302367e+00,8.135227e+00,5.610387e+00,2.842085e+00
fru,0.940000,0,7.007067e-01,0,0,0,1.555173e+00,1.620767e+00,1.182840e-01,9.895834e-02,1.174501e-01,2.994967e-01,4.979865e-01,6.189402e-01,9.874166e-01,1.068722e+00,1.501503e+00,1.794366e+00,1.651882e+00,1.626150e+00,1.192256e+00,2.584329e+00,2.252020e+00,1.310326e+00,2.534519e+00,2.271438e+00,2.492305e+00,2.017258e+00,2.519039e+00,2.805909e+00,2.284534e+00,3.184145e+00,1.968285e+00,1.138732e+00,7.957832e-01,6.251363e-01,1.160169e+00,2.831022e-01,2.708333e+02,5.520833e+02,7.395833e+02,1.177083e+03,4.795045e-01,4.207794e+00,2.595499e+05,2.877519e+00,1.706303e+01,-2.894339e-01,3.569258e+01,-2.162995e+01,1.512672e+01,-2.561353e+01,1.141982e+01,-1.910746e+01,1.284340e+00,-4.542179e+00,2.087467e+00,3.728179e+00,-1.255252e+01,-1.641013e+01,-4.971638e+01,-8.730221e-03,-2.935077e-03,-2.262943e-03,-3.040136e-02,-1.385705e-01,-1.249530e-01,-4.313474e-03,-1.416667e-02,2.272122e-03,-1.153306e-02,-3.678568e-02,-3.522754e-03,9.569688e-02,2.565019e-01,-1.876985e-01,-2.680203e-01,-1.794752e-01,-1.298883e-01,1.135897e-01,-2.543336e-01,-1.736627e-01,2.244445e-02,-1.936737e-01,-1.735461e-01,-2.517352e-01,-2.643578e-01,-3.431295e-01,-5.351655e-01,-2.221852e-01,-1.603231e-01,-1.832417e-01,-8.722462e-02,-4.494769e-02,-3.483149e-02,1.740225e-01,-7.256737e-02,-3.229166e+01,-1.104167e+02,-1.166667e+02,-2.281250e+02,3.611999e-02,-1.951937e-01,-64704,5.251350e-01,5.500434e+00,7.064947e-03,1.677605e+00,3.570344e+00,-4.771434e-01,3.819707e+00,2.231854e+00,-2.388035e+00,-3.477842e+00,-2.990675e+00,3.486292e+00,5.899465e+00,5.422118e+00,4.047445e+00
fru,0.950000,0,6.914524e-01,0,0,0,1.366620e+00,1.476873e+00,1.148083e-01,7.916667e-02,1.243856e-01,2.988514e-01,4.785416e-01,6.061134e-01,1.112788e+00,1.390472e+00,1.230524e+00,1.441648e+00,1.457515e+00,1.498544e+00,1.391507e+00,2.319039e+00,2.061424e+00,1.347298e+00,2.162237e+00,1.990562e+00,2.235830e+00,1.693661e+00,2.156552e+00,2.216656e+00,2.050374e+00,2.903380e+00,1.788954e+00,1.082092e+00,7.722246e-01,5.875234e-01,1.486673e+00,1.657383e-01,1.979167e+02,3.854167e+02,5.625000e+02,8.437500e+02,5.382912e-01,3.848224e+00,1.838042e+05,3.695672e+00,2.448566e+01,-3.024925e-01,3.719333e+01,-1.498839e+01,1.589887e+01,-1.784252e+01,1.352185e+01,-2.046005e+01,-4.162245e+00,-6.673143e+00,5.012657e+00,7.384997e+00,-8.323617e+00,-1.016177e+01,0,-4.340947e-03,0,0,0,-1.774673e-01,-1.562546e-01,-7.630137e-03,-1.572917e-02,1.008728e-02,2.297759e-03,-1.619009e-02,-1.225249e-02,4.672376e-02,1.685524e-01,-2.438218e-01,-3.080435e-01,-1.899694e-01,-1.236676e-01,1.178085e-01,-3.344606e-01,-2.272323e-01,7.352352e-04,-3.760341e-01,-2.864661e-01,-2.791174e-01,-2.965789e-01,-3.566699e-01,-5.141852e-01,-2.311292e-01,-2.971224e-01,-1.771613e-01,-6.967839e-02,-3.981233e-02,-2.923108e-02,2.708769e-02,-7.446903e-02,-3.229167e+01,-1.114583e+02,-1.062500e+02,-1.708333e+02,2.320525e-02,-2.309169e-01,-4.834693e+04,4.367530e-01,4.709739e+00,2.439934e-02,1.267977e+00,3.842833e+00,7.224588e-02,4.350046e+00,3.426193e+00,9.114733e-01,-1.203668e+00,-2.019030e+00,1.895378e-01,2.401010e+00,2.385787e+00,3.823223e+00
fru,0.960000,0,6.894688e-01,0,0,0,1.144997e+00,1.294092e+00,1.055380e-01,5.833334e-02,1.429200e-01,3.156018e-01,4.786100e-01,5.947921e-01,1.144755e+00,1.512126e+00,9.284850e-01,1.086196e+00,1.254010e+00,1.374911e+00,1.504333e+00,1.892543e+00,1.772255e+00,1.327368e+00,1.627378e+00,1.590934e+00,1.943992e+00,1.362488e+00,1.777947e+00,1.729169e+00,1.818947e+00,2.517488e+00,1.617667e+00,1.036156e+00,7.347085e-01,5.606075e-01,1.316777e+00,9.550676e-02,1.770833e+02,2.916667e+02,4.062500e+02,6.770833e+02,5.179128e-01,3.483285e+00,1.351793e+05,4.239727e+00,3.158410e+01,-2.544551e-01,3.904018e+01,-1.151595e+01,1.700380e+01,-1.549628e+01,2.007245e+01,-1.736299e+01,-1.691177e+00,-9.860550e+00,1.791757e+00,6.289116e+00,-7.654520e+00,-5.002698e+00,0,-3.603786e-03,0,0,0,-1.731190e-01,-1.716253e-01,-1.291745e-02,-8.125002e-03,1.309062e-02,5.587721e-03,-8.062157e-03,-2.234113e-02,-4.690827e-02,-2.998626e-03,-2.295170e-01,-2.715080e-01,-1.837257e-01,-1.135646e-01,5.429991e-02,-3.970009e-01,-2.613287e-01,-3.310255e-02,-4.343229e-01,-3.085375e-01,-2.878834e-01,-2.741753e-01,-3.341924e-01,-4.243174e-01,-2.284517e-01,-3.600751e-01,-1.661918e-01,-7.505997e-02,-4.950936e-02,-2.246343e-02,-1.919852e-01,-5.339022e-02,-2.083334e+01,-8.437499e+01,-4.479166e+01,-2.187502e+01,-1.779642e-02,-1.054374e-01,-1.310516e+04,6.294284e-02,1.082472e+00,4.936662e-02,5.338055e-01,2.123097e+00,-2.951994e-02,2.473778e+00,3.092412e+00,4.293803e+00,1.206448e+00,-1.374157e+00,-2.328888e+00,-4.344645e-01,-6.715156e-01,2.015317e+00
fru,0.970000,0,6.911819e-01,0,0,0,9.931394e-01,1.106285e+00,8.863914e-02,5.416666e-02,1.610924e-01,3.272257e-01,4.785331e-01,5.708663e-01,1.020885e+00,1.369615e+00,7.107312e-01,8.430839e-01,1.065196e+00,1.258874e+00,1.475462e+00,1.446621e+00,1.485981e+00,1.265310e+00,1.166592e+00,1.268950e+00,1.620040e+00,1.089921e+00,1.443970e+00,1.357121e+00,1.580633e+00,2.127535e+00,1.455807e+00,9.501628e-01,6.742575e-01,5.489458e-01,9.577353e-01,7.415438e-02,1.770833e+02,2.083333e+02,4.687500e+02,8.333333e+02,5.200103e-01,3.538216e+00,1.523635e+05,3.825841e+00,2.760441e+01,-1.886535e-01,3.846838e+01,-1.066441e+01,1.547955e+01,-1.121975e+01,2.109496e+01,-9.639571e+00,3.533039e-01,-7.203349e+00,-4.386937e+00,4.352715e+00,-1.324651e+01,-5.513543e+00,0,-3.472960e-03,0,0,0,-1.320899e-01,-1.595255e-01,-1.632837e-02,3.541664e-03,7.136957e-03,-5.308190e-03,-1.441056e-02,-3.552263e-02,-1.380649e-01,-1.633765e-01,-1.585844e-01,-1.809208e-01,-1.603868e-01,-9.628318e-02,4.487002e-03,-3.953726e-01,-2.536177e-01,-6.004173e-02,-3.674937e-01,-2.433250e-01,-2.673695e-01,-1.984517e-01,-2.724200e-01,-3.070534e-01,-2.051921e-01,-3.447888e-01,-1.389865e-01,-8.589745e-02,-5.148373e-02,-1.493747e-02,-3.312727e-01,-2.483264e-02,0,-3.645833e+01,3.437500e+01,1.187500e+02,-6.259813e-02,9.592269e-02,2.441838e+04,-2.710398e-01,-2.467495e+00,6.408261e-02,-9.132320e-01,5.972143e-01,-1.317329e+00,6.599100e-01,1.644806e+00,4.457084e+00,1.946917e+00,-1.298818e+00,-1.873471e+00,-1.605994e+00,-1.646875e+00,-9.794950e-01
fru,0.980000,0,6.828230e-01,0,0,0,8.763180e-01,9.479337e-01,6.678130e-02,7.083333e-02,1.645498e-01,3.132481e-01,4.576800e-01,5.248581e-01,7.988271e-01,1.064158e+00,6.138148e-01,7.361076e-01,9.294131e-01,1.178163e+00,1.421779e+00,1.035533e+00,1.233098e+00,1.185807e+00,8.607278e-01,1.089557e+00,1.360782e+00,9.482517e-01,1.204368e+00,1.114089e+00,1.377146e+00,1.771692e+00,1.303899e+00,8.293967e-01,5.972200e-01,5.321079e-01,4.647118e-01,6.194304e-02,1.770833e+02,2.187500e+02,5.625000e+02,1.072917e+03,3.996629e-01,3.835611e+00,2.097444e+05,3.127149e+00,2.091601e+01,-9.952026e-02,3.772408e+01,-1.317646e+01,1.518878e+01,-1.655602e+01,2.309532e+01,-3.048681e+00,5.058805e+00,-1.114786e+01,-4.857178e+00,3.071998e+00,-1.344865e+01,-8.657657e+00,0,-5.656481e-06,0,0,0,-7.567712e-02,-1.175147e-01,-1.577807e-02,1.468750e-02,-4.950273e-03,-2.302264e-02,-2.685799e-02,-4.713859e-02,-1.763561e-01,-2.307023e-01,-7.944825e-02,-8.991481e-02,-1.279150e-01,-8.202436e-02,-7.412970e-03,-3.149890e-01,-2.057264e-01,-6.524460e-02,-2.407282e-01,-1.420265e-01,-2.041554e-01,-9.931467e-02,-1.745445e-01,-1.837285e-01,-1.503046e-01,-2.445390e-01,-6.185760e-02,-5.819090e-02,-1.299818e-02,-1.291239e-03,-2.971848e-01,-1.149545e-02,6.250003e+00,-3.125000e+00,8.541666e+01,2.593750e+02,-8.640020e-02,2.607161e-01,1.294845e+05,-3.863498e-01,-4.361010e+00,5.532224e-02,-3.041687e+00,8.506926e-01,-2.175957e+00,-4.431142e-01,2.343657e-01,2.023042e+00,1.149387e+00,-2.132099e+00,2.916485e-01,-2.844413e+00,-1.122334e+00,-2.441587e+00
fru,0.990000,0,6.774105e-01,0,0,0,8.405102e-01,8.523243e-01,5.254482e-02,9.062500e-02,1.492555e-01,2.734873e-01,4.169538e-01,4.634672e-01,5.954278e-01,7.975742e-01,5.949374e-01,7.120884e-01,8.178791e-01,1.115502e+00,1.455219e+00,7.706807e-01,1.062914e+00,1.117870e+00,7.080939e-01,1.024626e+00,1.190587e+00,9.085210e-01,1.081242e+00,9.889293e-01,1.245314e+00,1.552334e+00,1.250905e+00,7.559845e-01,5.835502e-01,5.270858e-01,2.563418e-01,5.835700e-02,1.979167e+02,2.395833e+02,6.562500e+02,1.239583e+03,2.844255e-01,4.151674e+00,2.686135e+05,2.896762e+00,1.748222e+01,-5.954692e-02,3.328521e+01,-1.117207e+01,1.021974e+01,-1.401309e+01,2.023444e+01,-5.331783e+00,2.197350e+00,-1.252358e+01,-1.030230e+00,9.635894e-01,-1.366092e+01,-1.323176e+01,5.481205e+01,1.306870e-02,0,0,0,-4.174405e-02,-6.113499e-02,-1.147365e-02,1.885417e-02,-1.630531e-02,-3.587797e-02,-3.547637e-02,-4.753973e-02,-1.526671e-01,-1.971734e-01,-3.020909e-02,-3.690638e-02,-9.309499e-02,-7.983948e-02,-1.865793e-02,-1.994525e-01,-1.489311e-01,-5.468062e-02,-1.203961e-01,-6.666881e-02,-1.213713e-01,-6.900770e-03,-7.262971e-02,-6.565180e-02,-7.030077e-02,-8.450145e-02,5.344075e-02,2.597346e-02,6.961523e-02,1.669425e-02,-1.886153e-01,-1.053035e-02,8.333334e+00,1.666667e+01,6.145833e+01,2.302083e+02,-8.469860e-02,2.644911e-01,1.678587e+05,-1.256008e-01,-2.302134e+00,3.653840e-02,-4.156193e+00,1.884535e+00,-2.166580e+00,-1.029416e+00,-1.351091e+00,-1.389503e+00,7.783144e-01,-2.204447e+00,1.399886e+00,-4.310512e+00,3.997996e-01,-2.448492e+00
fru,1.000000,0,6.963262e-01,0,0,0,8.429260e-01,8.334987e-01,4.469480e-02,1.135417e-01,1.240871e-01,2.273578e-01,3.751097e-01,4.127986e-01,4.757030e-01,6.446353e-01,5.891407e-01,7.021199e-01,7.380939e-01,1.036475e+00,1.477389e+00,6.555688e-01,9.551565e-01,1.074865e+00,6.529855e-01,1.002963e+00,1.137942e+00,9.566147e-01,1.086589e+00,9.946221e-01,1.235083e+00,1.582394e+00,1.410830e+00,8.422902e-01,7.150712e-01,5.650813e-01,1.815494e-01,4.592821e-02,1.979167e+02,2.604167e+02,7.395833e+02,1.770833e+03,2.037042e-01,4.480136e+00,7.244768e+05,2.772517e+00,1.484014e+01,-4.239723e-02,2.642332e+01,-7.008658e+00,8.753922e+00,-1.631518e+01,2.167454e+01,-9.401675e+00,3.133733e+00,-1.786093e+01,1.571646e+00,-6.238386e+00,-1.305898e+01,-1.335152e+01,8.210386e+01,3.037511e-02,1.205181e-02,0,7.501254e-02,-2.234231e-02,-1.297314e-02,-5.800734e-03,1.427083e-02,-2.185054e-02,-3.959942e-02,-3.832984e-02,-3.744595e-02,-9.837808e-02,-1.068260e-01,-1.166388e-02,-1.948991e-02,-5.766901e-02,-8.413105e-02,-7.392500e-02,-8.729928e-02,-1.010675e-01,-4.109775e-02,-3.344695e-02,-2.776635e-02,-5.351058e-02,5.006465e-02,7.108689e-04,2.473127e-02,3.812873e-03,6.096046e-02,1.384494e-01,1.266435e-01,1.554577e-01,3.536601e-02,-7.008656e-02,-9.421256e-03,2.812500e+01,3.437500e+01,4.479166e+01,1.395833e+02,-2.834240e-02,1.334289e-01,1.379138e+05,1.898677e-01,1.379031e+00,1.515148e-02,-3.726470e+00,1.294232e+00,-2.583832e+00,-2.512584e+00,-3.931567e+00,-2.236474e+00,8.971502e-01,-2.857426e-01,1.107404e+00,-3.051388e+00,1.708583e+00,-1.161016e+00
fru,1.010000,2.740602e+02,7.497738e-01,0,0,0,8.011152e-01,8.578277e-01,4.231414e-02,1.270833e-01,9.979721e-02,1.907810e-01,3.424364e-01,3.891973e-01,4.191110e-01,5.935096e-01,5.720228e-01,6.755459e-01,6.953809e-01,9.305205e-01,1.354367e+00,6.393409e-01,8.802962e-01,1.047378e+00,6.684828e-01,9.789021e-01,1.124604e+00,1.051235e+00,1.139711e+00,1.088596e+00,1.300161e+00,1.799677e+00,1.669545e+00,1.073583e+00,9.634080e-01,6.159304e-01,1.562398e-01,2.951006e-02,2.083333e+02,2.708333e+02,6.875000e+02,1.635417e+03,1.944966e-01,4.538409e+00,7.342909e+05,3.375153e+00,1.913168e+01,-3.452300e-02,2.333779e+01,-4.325637e+00,7.864077e+00,-1.648726e+01,1.504990e+01,-1.341059e+01,5.207412e+00,-1.486905e+01,-6.019166e-01,-1.254465e+01,-1.144235e+01,-1.540907e+01,8.190639e+01,4.026806e-02,1.611616e-02,4.678135e-03,9.540790e-02,-2.052280e-02,4.859090e-03,-1.040225e-03,4.791667e-03,-2.125046e-02,-3.708059e-02,-4.048596e-02,-2.583407e-02,-4.881378e-02,-1.329013e-02,-1.120627e-04,-4.122966e-03,-1.285474e-02,-6.779812e-02,-1.549993e-01,-2.029805e-02,-7.684527e-02,-4.056611e-02,1.039715e-02,-9.661716e-03,-1.605428e-02,6.298745e-02,2.011391e-02,6.063238e-02,3.019710e-02,8.301723e-02,1.029837e-01,1.530516e-01,1.605526e-01,3.247092e-02,-2.343912e-02,-4.774740e-03,7.395833e+01,7.395834e+01,1.979166e+01,-6.770835e+01,2.541810e-02,-6.928878e-02,-2.748268e+04,4.503769e-01,6.136640e+00,2.974741e-03,-9.779461e-01,-1.614765e+00,-3.258086e+00,-5.528648e+00,-5.719469e+00,7.141774e-01,1.563774e+00,1.778216e+00,-1.282290e-01,5.985833e-01,2.450125e+00,5.858208e-01
fru,1.020000,2.734892e+02,7.985169e-01,6.025906e-02,0,3.750627e-01,7.843040e-01,8.803163e-01,4.289297e-02,1.239583e-01,8.002619e-02,1.566042e-01,3.032895e-01,3.747633e-01,3.950951e-01,6.320599e-01,5.669526e-01,6.569294e-01,7.023172e-01,8.499983e-01,1.102580e+00,6.647069e-01,8.190698e-01,1.015564e+00,7.132986e-01,9.735869e-01,1.126221e+00,1.127218e+00,1.178688e+00,1.187913e+00,1.368787e+00,1.952823e+00,1.786826e+00,1.303815e+00,1.184579e+00,6.645157e-01,1.643299e-01,2.926023e-02,3.125000e+02,375,7.708333e+02,1.572917e+03,3.029153e-01,4.309389e+00,6.664749e+05,3.837292e+00,2.698644e+01,-3.627484e-02,2.406544e+01,-1.012851e+01,3.447447e+00,-2.788186e+01,6.029757e+00,-1.019165e+01,8.039525e+00,-1.140384e+01,4.656881e-01,-5.430820e+00,-6.015026e+00,-1.337408e+01,5.441438e+01,3.798691e-02,9.907013e-03,6.066945e-03,6.346796e-02,-3.648353e-03,-6.245315e-03,4.050733e-03,-5.729167e-03,-1.736357e-02,-3.318648e-02,-4.450493e-02,-2.194389e-02,-1.872679e-02,5.322564e-02,2.383905e-02,4.715955e-02,4.355903e-02,-9.972626e-03,-1.823861e-01,6.874084e-03,-6.754752e-02,-5.726257e-02,1.653083e-02,3.616780e-03,-1.088778e-02,3.243414e-02,-7.186151e-03,3.281394e-02,-2.509332e-03,-3.449263e-02,-5.183041e-02,6.765050e-02,6.123183e-02,8.486783e-03,-1.151467e-02,3.248120e-03,1.302083e+02,1.218750e+02,2.187501e+01,-2.156250e+02,6.330586e-02,-2.932681e-01,-1.878935e+05,5.361233e-01,1.103463e+01,-8.510977e-03,1.571137e+00,-4.219691e+00,-5.099041e+00,-6.885020e+00,-4.531154e+00,5.110328e+00,1.093972e+00,2.724761e+00,-1.438171e+00,3.921851e+00,4.556299e-01,9.949976e-01
fru,1.030000,2.727873e+02,8.276555e-01,5.045126e-02,2.339068e-02,2.895082e-01,7.672072e-01,8.532109e-01,4.824461e-02,1.093750e-01,6.503364e-02,1.234612e-01,2.504341e-01,3.533145e-01,3.916628e-01,7.374113e-01,6.054711e-01,7.140688e-01,7.714937e-01,8.697500e-01,8.676271e-01,6.646214e-01,7.467315e-01,9.446898e-01,7.299231e-01,9.910056e-01,1.116176e+00,1.138157e+00,1.135762e+00,1.195446e+00,1.329447e+00,1.782206e+00,1.577826e+00,1.290480e+00,1.151559e+00,6.397232e-01,1.477559e-01,4.281729e-02,5.104167e+02,5.520833e+02,7.395833e+02,1000,3.619104e-01,3.890604e+00,1.602011e+05,4.616259e+00,4.209227e+01,-4.773441e-02,2.957442e+01,-1.768596e+01,-3.417454e+00,-3.587299e+01,-5.405150e-01,-1.365910e+00,7.563326e+00,-6.861040e+00,-1.118396e+00,3.552723e+00,-4.932273e+00,-1.029138e+01,-2.205414e-01,2.667562e-02,-3.812388e-04,3.677534e-03,6.549130e-03,3.093265e-02,-2.185308e-02,9.493223e-03,-9.062498e-03,-1.227958e-02,-2.762476e-02,-4.599817e-02,-2.678208e-02,-6.193775e-03,7.238161e-02,5.627515e-02,1.522507e-01,1.162707e-01,8.152832e-02,-1.130212e-01,2.420375e-02,-6.119706e-02,-8.196581e-02,-3.633559e-03,1.295030e-02,-1.180943e-02,-1.190355e-02,-3.496331e-02,-2.246219e-02,-5.356707e-02,-1.887958e-01,-2.092503e-01,-7.525812e-02,-8.105996e-02,-1.627543e-02,-2.497893e-02,1.352442e-02,1.552083e+02,1.437500e+02,3.645834e+01,-1.916667e+02,5.652248e-02,-3.965980e-01,-1.954773e+05,5.705568e-01,1.591958e+01,-2.293373e-02,2.186521e+00,-4.786572e+00,-5.776610e+00,-6.237234e+00,5.436544e-01,9.248250e+00,1.064371e+00,2.198969e+00,-1.420088e+00,4.218533e+00,-2.788010e+00,5.880868e-01
fru,1.040000,2.727084e+02,8.473199e-01,2.430943e-02,1.863939e-02,1.725857e-01,8.416383e-01,8.045805e-01,6.198323e-02,9.375000e-02,5.465103e-02,9.508529e-02,1.985862e-01,3.210206e-01,3.957931e-01,8.388126e-01,6.916118e-01,9.186562e-01,9.178326e-01,1.016997e+00,8.088286e-01,6.772990e-01,6.842012e-01,8.398960e-01,7.049195e-01,1.014996e+00,1.087717e+00,1.075325e+00,1.052633e+00,1.105267e+00,1.207893e+00,1.418666e+00,1.197537e+00,1.072094e+00,9.271548e-01,5.956188e-01,1.282180e-01,5.551520e-02,6.979167e+02,7.291667e+02,8.229167e+02,1.010417e+03,4.365266e-01,3.337698e+00,7.205410e+04,4.832580e+00,5.853298e+01,-7.834641e-02,3.116069e+01,-2.142695e+01,-1.110052e+01,-4.104741e+01,6.813981e+00,1.012762e+01,7.425638e+00,-8.241127e+00,-5.360970e+00,5.322183e+00,-1.403587e+01,-1.093538e+01,1.834168e-01,1.404457e-02,-1.416720e-02,-2.655341e-04,-6.996619e-02,6.170862e-02,-1.868718e-02,1.434429e-02,-5.833331e-03,-6.760851e-03,-1.753325e-02,-3.749804e-02,-3.199855e-02,-6.711426e-03,3.600422e-02,8.070903e-02,2.871919e-01,1.942503e-01,1.583255e-01,1.876795e-02,6.301243e-02,-4.721358e-02,-9.581465e-02,-2.535117e-02,8.133203e-03,-1.207107e-02,-3.607332e-02,-2.378306e-02,-5.071507e-02,-7.466011e-02,-2.467453e-01,-2.577661e-01,-1.715314e-01,-1.666512e-01,-2.338347e-02,-3.623386e-02,1.881787e-02,1.260417e+02,1.135417e+02,2.500001e+01,-1.416667e+02,1.075045e-02,-4.245172e-01,-1.357913e+05,7.765440e-01,2.127576e+01,-3.928853e-02,1.289147e+00,-3.307363e+00,-4.799854e+00,-3.551839e+00,5.744257e+00,9.766368e+00,7.228090e-01,2.020742e+00,-1.326643e+00,5.256798e-01,-5.737212e+00,-1.340102e+00
fru,1.050000,2.733479e+02,8.587504e-01,1.606862e-02,9.067980e-03,1.339842e-01,9.271113e-01,7.864302e-01,8.023513e-02,9.687500e-02,5.108688e-02,8.341664e-02,1.647972e-01,2.821583e-01,3.877931e-01,8.520412e-01,7.910690e-01,1.305936e+00,1.168977e+00,1.254663e+00,9.361364e-01,7.540636e-01,6.417452e-01,7.253830e-01,6.545045e-01,1.022949e+00,1.084809e+00,1.017664e+00,1.027922e+00,1.017608e+00,1.112772e+00,1.122777e+00,9.179378e-01,8.131530e-01,6.868205e-01,5.690017e-01,4.940112e-02,8.400466e-02,7.916667e+02,8.125000e+02,8.437500e+02,9.583333e+02,4.103034e-01,3.041264e+00,5.411493e+04,5.730293e+00,8.295631e+01,-1.281558e-01,3.072277e+01,-2.260928e+01,-1.374499e+01,-4.109065e+01,1.737606e+01,2.267103e+01,1.083621e+01,-5.455559e+00,-4.789029e+00,3.171512e+00,-2.137198e+01,-1.368799e+01,4.789459e-01,1.823992e-03,-1.122420e-02,-5.197409e-03,-5.263798e-02,8.236735e-02,9.573353e-03,1.633900e-02,-9.374999e-04,-1.493808e-03,-4.857454e-03,-2.075425e-02,-3.182214e-02,-1.702660e-02,-3.073949e-02,8.826239e-02,3.914892e-01,2.547198e-01,1.782753e-01,1.376842e-01,1.306129e-01,-1.861850e-02,-8.528043e-02,-3.022220e-02,-2.655298e-03,-1.394343e-03,-1.835794e-02,4.693707e-02,-1.635224e-02,-3.556788e-02,-1.663589e-01,-1.806306e-01,-1.627654e-01,-1.481152e-01,-6.060732e-03,-3.266219e-02,1.897557e-02,7.083333e+01,6.041667e+01,2.291667e+01,-3.750000e+01,-2.880118e-02,-3.557331e-01,-2.716518e+04,9.457170e-01,2.171751e+01,-5.065345e-02,-3.201429e-01,-1.963300e+00,-2.574395e+00,-1.946397e+00,8.111928e+00,8.156957e+00,3.516653e-01,2.619171e+00,-4.016089e-01,-2.949303e+00,-6.726918e+00,-2.597604e+00
fru,1.060000,2.741259e+02,8.531923e-01,6.614398e-03,5.833678e-03,1.029938e-01,1.012895e+00,8.202708e-01,9.861919e-02,1.010417e-01,5.319531e-02,8.896017e-02,1.586178e-01,2.503487e-01,3.634728e-01,7.547660e-01,8.776988e-01,1.796955e+00,1.474827e+00,1.449169e+00,1.162165e+00,9.350479e-01,6.354951e-01,6.461442e-01,6.242520e-01,9.982811e-01,1.081549e+00,1.007098e+00,1.113693e+00,1.023256e+00,1.103824e+00,1.048811e+00,8.279397e-01,6.848214e-01,5.836926e-01,5.829591e-01,3.233800e-02,1.027559e-01,8.020833e+02,8.125000e+02,8.437500e+02,8.854167e+02,3.324711e-01,2.611473e+00,4.056141e+04,7.162995e+00,1.129332e+02,-1.925068e-01,2.993700e+01,-2.420367e+01,-1.538806e+01,-4.303223e+01,2.579276e+01,2.662173e+01,1.001713e+01,-2.002868e+00,-4.332209e+00,-2.611816e+00,-2.648123e+01,-1.837629e+01,4.584625e-01,-1.211265e-02,-5.487366e-03,-3.931825e-03,-3.324711e-02,8.107109e-02,4.383691e-02,1.392919e-02,1.875000e-03,2.779045e-03,6.590093e-03,-2.451025e-03,-2.357760e-02,-2.799141e-02,-8.064477e-02,7.968932e-02,4.038533e-01,2.670513e-01,1.424758e-01,1.859205e-01,1.881431e-01,2.293487e-02,-4.954410e-02,-1.751202e-02,-8.704936e-03,1.766120e-02,4.050086e-02,1.439600e-01,6.870893e-02,4.002216e-02,-3.836238e-02,-6.697766e-02,-9.274083e-02,-7.567584e-02,1.365218e-02,-1.880978e-02,2.339787e-02,2.499999e+01,1.666666e+01,4.166663e+00,-2.083333e+01,-4.966693e-02,-2.118056e-01,-5.360358e+03,8.528332e-01,1.406153e+01,-4.945462e-02,-6.364666e-01,-1.408023e+00,8.963127e-02,-1.078067e+00,6.665530e+00,5.249522e+00,-1.155058e+00,3.784759e+00,-4.641280e-01,-4.630193e+00,-5.170859e+00,-2.027376e+00
fru,1.070000,2.744733e+02,8.338392e-01,3.177752e-03,3.806486e-03,6.111425e-02,1.093416e+00,8.932325e-01,1.116216e-01,1.010417e-01,5.829246e-02,1.022364e-01,1.666471e-01,2.295398e-01,3.226900e-01,6.257371e-01,9.537395e-01,2.232366e+00,1.766595e+00,1.545040e+00,1.379380e+00,1.188811e+00,6.779920e-01,6.151636e-01,6.191458e-01,9.860864e-01,1.112288e+00,1.080480e+00,1.339918e+00,1.154690e+00,1.203643e+00,1.135339e+00,8.594722e-01,6.702895e-01,5.827140e-01,6.157494e-01,3.238500e-02,1.140748e-01,8.125000e+02,8.125000e+02,8.437500e+02,875,2.699323e-01,2.475052e+00,4.012152e+04,8.179637e+00,1.234797e+02,-2.439214e-01,2.858555e+01,-2.611411e+01,-1.414566e+01,-4.461257e+01,3.052974e+01,3.117182e+01,8.025908e+00,3.115687e+00,-3.640821e+00,-7.226791e+00,-3.234418e+01,-1.955895e+01,3.290344e-01,-2.561157e-02,-2.557667e-03,-1.739126e-03,-2.363165e-02,6.951894e-02,6.502744e-02,7.868005e-03,1.458332e-03,5.212704e-03,1.275400e-02,1.260949e-02,-7.916620e-03,-3.211898e-02,-7.939560e-02,6.185713e-02,3.026257e-01,2.169005e-01,8.764899e-02,1.683966e-01,2.035683e-01,7.506080e-02,-6.555915e-04,1.515019e-03,4.053116e-07,3.441192e-02,1.114365e-01,2.090896e-01,1.635469e-01,1.139328e-01,4.752020e-02,4.907906e-04,-2.733232e-02,-1.288652e-02,2.244088e-02,4.166693e-03,2.738215e-02,5.208331e+00,0,2.083337e+00,2.500001e+01,-2.315022e-02,-3.327682e-02,4.763462e+03,2.545067e-01,-1.432774e+00,-3.059871e-02,-3.433210e-01,-1.348582e+00,1.451886e+00,-7.254826e-01,4.271267e+00,2.034996e+00,-2.989658e+00,3.803118e+00,-1.074251e+00,-3.420529e+00,-3.605096e+00,-1.146619e+00
fru,1.080000,2.744380e+02,7.992122e-01,3.318038e-03,1.611007e-03,4.278510e-02,1.163842e+00,9.703639e-01,1.159360e-01,1.010417e-01,6.494346e-02,1.186258e-01,1.854061e-01,2.294418e-01,2.883876e-01,5.487408e-01,1.008723e+00,2.474708e+00,1.954280e+00,1.584187e+00,1.516809e+00,1.400641e+00,7.807521e-01,6.472852e-01,6.350388e-01,9.899023e-01,1.162283e+00,1.246421e+00,1.616435e+00,1.380270e+00,1.362569e+00,1.220573e+00,8.918819e-01,6.798219e-01,6.008289e-01,6.405058e-01,4.267718e-02,1.574695e-01,8.125000e+02,8.125000e+02,8.437500e+02,9.479167e+02,2.583775e-01,2.561776e+00,5.224901e+04,7.872074e+00,1.085789e+02,-2.677367e-01,2.904697e+01,-2.671465e+01,-1.045202e+01,-4.467679e+01,3.356479e+01,3.212484e+01,3.055500e+00,6.397043e+00,-8.255713e+00,-1.262963e+01,-3.440407e+01,-1.813678e+01,2.471771e-01,-3.587004e-02,-6.067802e-05,-8.594327e-04,-1.168584e-02,5.313227e-02,6.800868e-02,7.130831e-04,1.770832e-03,6.009364e-03,1.292437e-02,2.116731e-02,1.202293e-02,-2.626811e-02,-2.772118e-02,3.639632e-02,1.250630e-01,1.276725e-01,4.847337e-02,1.288558e-01,1.740825e-01,1.258533e-01,4.796461e-02,1.994927e-02,2.009758e-02,4.371604e-02,1.674508e-01,2.054370e-01,2.294556e-01,1.650485e-01,6.360675e-02,1.001972e-02,-2.554506e-03,1.317191e-02,2.033086e-02,1.161659e-02,3.344225e-02,2.083337e+00,4.166663e+00,9.375006e+00,8.645833e+01,2.928692e-02,2.072491e-01,1.546029e+04,-4.623099e-01,-1.602254e+01,-1.842636e-03,-6.061020e-02,-1.322057e+00,1.411432e+00,-1.538425e-01,1.639071e+00,-1.140526e+00,-4.316144e+00,3.382320e+00,-1.327479e+00,-3.003077e-01,-8.366073e-01,1.781103e-01
fru,1.090000,2.748371e+02,7.576826e-01,4.928462e-03,2.483686e-03,4.593023e-02,1.199233e+00,1.036521e+00,1.109168e-01,1.041667e-01,7.127633e-02,1.323538e-01,2.144505e-01,2.530286e-01,2.647408e-01,5.580758e-01,1.034842e+00,2.480188e+00,2.013753e+00,1.625399e+00,1.600797e+00,1.539109e+00,9.444206e-01,7.215345e-01,6.566862e-01,1.027141e+00,1.216501e+00,1.455185e+00,1.821999e+00,1.656835e+00,1.553063e+00,1.274497e+00,8.884206e-01,6.789911e-01,6.138198e-01,6.524327e-01,6.506500e-02,1.935586e-01,8.125000e+02,8.125000e+02,8.541667e+02,1.052083e+03,3.315991e-01,2.899728e+00,7.208844e+04,6.648287e+00,7.796957e+01,-2.435344e-01,2.945119e+01,-2.809670e+01,-8.953578e+00,-4.389578e+01,3.484638e+01,3.009445e+01,-6.312652e-01,9.360078e+00,-8.198531e+00,-8.922225e+00,-3.543604e+01,-1.954084e+01,-5.482046e+01,-3.727632e-02,-4.237889e-04,-7.026065e-04,-1.128570e-02,3.599510e-02,5.821561e-02,-3.929819e-03,3.229165e-03,5.180495e-03,8.406259e-03,2.356403e-02,3.392156e-02,-1.027791e-02,4.405636e-02,8.251643e-03,-6.013901e-02,3.752705e-02,2.505095e-02,1.049282e-01,1.299744e-01,1.566601e-01,9.091045e-02,4.783491e-02,4.296865e-02,3.002211e-02,1.809427e-01,1.277833e-01,2.355825e-01,1.755430e-01,4.359462e-02,-1.000175e-02,2.964556e-03,2.550986e-02,1.284638e-02,1.564447e-02,3.191674e-02,0,8.333331e+00,2.083333e+01,1.031250e+02,6.617485e-02,3.663684e-01,1.878397e+04,-8.853771e-01,-2.094331e+01,2.139187e-02,2.277546e-02,-1.305753e+00,9.082890e-02,7.320625e-01,-1.343859e+00,-4.529786e+00,-4.259997e+00,1.387135e+00,-1.461152e+00,1.759139e+00,2.583526e+00,-2.104448e-01
fru,1.100000,2.751799e+02,7.119204e-01,5.435653e-03,2.197915e-03,5.215657e-02,1.225648e+00,1.088670e+00,1.025370e-01,1.083333e-01,7.675020e-02,1.385234e-01,2.405526e-01,2.987189e-01,2.611068e-01,6.499907e-01,1.019129e+00,2.298359e+00,1.989611e+00,1.651357e+00,1.695735e+00,1.630312e+00,1.131547e+00,8.327818e-01,7.052281e-01,1.078242e+00,1.248023e+00,1.656999e+00,1.899837e+00,1.919462e+00,1.754356e+00,1.297266e+00,8.635641e-01,6.676981e-01,6.339993e-01,6.662717e-01,7.408096e-02,2.302253e-01,8.125000e+02,8.333333e+02,8.854167e+02,1.229167e+03,4.480723e-01,3.435380e+00,1.018794e+05,5.617120e+00,5.557557e+01,-2.019135e-01,2.920114e+01,-2.982265e+01,-1.092694e+01,-4.415983e+01,3.182979e+01,2.145778e+01,-7.235010e+00,1.178654e+01,-8.690750e+00,-3.265638e+00,-2.911834e+01,-1.749479e+01,-8.237132e+01,-2.619175e-02,-1.156454e-03,-5.705701e-04,-1.315004e-02,4.681938e-02,4.913960e-02,-3.905033e-03,5.312500e-03,3.182010e-03,2.190077e-03,2.044437e-02,5.727937e-02,1.147672e-02,9.820087e-02,-1.347790e-02,-1.956808e-01,-1.556094e-02,8.108163e-03,1.101838e-01,1.165631e-01,1.589961e-01,1.337828e-01,1.103328e-01,8.158159e-02,3.978288e-03,1.548952e-01,2.596264e-02,1.767267e-01,1.477399e-01,3.272279e-02,-2.551736e-02,1.817123e-02,4.757204e-02,7.775545e-03,1.567942e-02,6.606270e-02,2.083337e+00,2.812500e+01,5.520834e+01,9.687500e+01,8.897684e-02,4.654028e-01,1.931131e+04,-1.005984e+00,-1.831375e+01,2.454670e-02,-1.379570e-01,-1.630759e+00,-5.706644e-01,2.557148e+00,-3.738982e+00,-6.396553e+00,-2.955495e+00,-1.353583e+00,-2.283840e+00,2.616528e+00,5.137311e+00,-7.108420e-01
fru,1.110000,0,6.911035e-01,0,0,0,1.242488e+00,1.125157e+00,9.867200e-02,1.135417e-01,7.829157e-02,1.343190e-01,2.568940e-01,3.645091e-01,2.849408e-01,7.953939e-01,9.897948e-01,2.019845e+00,1.936565e+00,1.636710e+00,1.814558e+00,1.723848e+00,1.285895e+00,9.769676e-01,8.232257e-01,1.156760e+00,1.219529e+00,1.779905e+00,1.837133e+00,2.063007e+00,1.885464e+00,1.314966e+00,8.236224e-01,6.911742e-01,6.936781e-01,6.670983e-01,9.490544e-02,2.372806e-01,8.125000e+02,8.437500e+02,9.270833e+02,1250,5.059592e-01,3.870092e+00,1.092262e+05,4.880229e+00,4.526484e+01,-1.698737e-01,2.862235e+01,-3.108887e+01,-1.345406e+01,-4.121074e+01,2.467794e+01,1.385642e+01,-8.128823e+00,7.356616e+00,-1.072906e+01,-3.113093e+00,-2.206942e+01,-2.093217e+01,-4.200140e+01,-5.073833e-03,-1.529258e-03,-7.165287e-04,-1.440170e-02,1.008109e-01,5.478848e-02,1.100865e-03,7.916668e-03,1.456448e-03,2.795160e-04,1.668481e-02,8.463103e-02,4.029590e-02,1.198792e-01,-1.681785e-02,-2.523803e-01,-2.162995e-02,9.962630e-03,1.286724e-01,1.379436e-01,1.536003e-01,2.015772e-01,2.481750e-01,1.604627e-01,-5.859804e-03,1.287509e-01,-4.640418e-02,7.187043e-02,8.777555e-02,3.893783e-02,-2.336357e-02,5.937054e-02,8.906075e-02,1.156947e-02,3.682890e-02,1.240193e-01,-1.041669e+00,3.750001e+01,9.062501e+01,7.708333e+01,9.099557e-02,4.825648e-01,2.052823e+04,-9.728673e-01,-1.301225e+01,1.891293e-03,-8.468628e-02,-1.732209e+00,-2.711846e-01,5.183441e+00,-6.306575e+00,-6.335632e+00,-6.240423e-01,-3.929012e+00,-2.843434e+00,1.616205e+00,6.880966e+00,-9.272173e-01
fru,1.120000,0,7.015430e-01,0,0,0,1.376311e+00,1.171744e+00,1.025332e-01,1.229167e-01,7.734589e-02,1.285936e-01,2.664063e-01,4.600984e-01,3.356712e-01,9.210861e-01,9.638575e-01,1.726476e+00,1.915069e+00,1.619072e+00,1.960848e+00,1.891087e+00,1.404996e+00,1.188483e+00,1.103433e+00,1.333001e+00,1.180661e+00,1.858537e+00,1.738681e+00,2.060818e+00,1.935068e+00,1.363952e+00,7.966943e-01,7.645865e-01,7.987599e-01,6.720507e-01,1.061540e-01,4.659220e-01,8.229167e+02,9.375000e+02,1.083333e+03,1.333333e+03,6.160817e-01,4.403608e+00,1.302367e+05,3.726183e+00,3.336255e+01,-1.818336e-01,2.877160e+01,-3.337236e+01,-1.105511e+01,-3.323358e+01,1.995410e+01,8.261089e+00,-7.973195e+00,6.308581e-01,-1.840965e+01,-2.451558e+00,-1.540082e+01,-2.099533e+01,5.720956e+00,1.566794e-02,-1.087131e-03,-4.395830e-04,-1.043131e-02,1.970286e-01,8.770504e-02,9.804103e-03,9.166668e-03,1.737995e-03,8.001000e-03,2.042373e-02,1.151935e-01,7.659872e-02,1.178090e-01,8.848822e-03,-2.394837e-01,-2.916348e-03,5.104589e-02,1.541962e-01,1.960043e-01,1.917249e-01,3.088187e-01,4.867170e-01,3.149473e-01,3.668258e-02,1.492321e-01,-4.765563e-02,-2.600129e-02,1.802398e-02,5.251922e-02,-3.119254e-03,1.231458e-01,1.431141e-01,2.472258e-02,9.317191e-02,2.798257e-01,-1.354167e+01,4.583334e+01,1.197917e+02,7.395834e+01,1.098889e-01,4.604332e-01,2.928126e+04,-1.021962e+00,-1.112852e+01,-4.299609e-02,2.308002e-01,-2.119487e+00,1.370125e+00,7.145308e+00,-7.214115e+00,-4.853249e+00,3.426753e-01,-4.727276e+00,-1.458401e+00,3.622301e-01,5.988412e+00,-1.906109e+00
fru,1.130000,2.024200e+02,7.375022e-01,0,0,0,1.627956e+00,1.268927e+00,1.164230e-01,1.364583e-01,7.826072e-02,1.387162e-01,2.849477e-01,5.954940e-01,4.289381e-01,1.021924e+00,9.783890e-01,1.504228e+00,1.942874e+00,1.691354e+00,2.111603e+00,2.098439e+00,1.575698e+00,1.551570e+00,1.698459e+00,1.702075e+00,1.220883e+00,1.998170e+00,1.670556e+00,1.945509e+00,1.901585e+00,1.435842e+00,8.050377e-01,9.273996e-01,9.767432e-01,7.073906e-01,2.331729e-01,6.958069e-01,8.020833e+02,9.479167e+02,1.208333e+03,1.385417e+03,7.025723e-01,4.828438e+00,1.605510e+05,2.729419e+00,2.401484e+01,-2.441179e-01,2.924252e+01,-3.498289e+01,-1.024542e+01,-2.344171e+01,9.251348e+00,5.014637e+00,-3.382385e+00,-4.707140e+00,-1.755625e+01,-1.248240e+00,-7.889966e+00,-2.242666e+01,6.086803e+01,2.424638e-02,0,0,0,2.840282e-01,1.487344e-01,1.823164e-02,6.145835e-03,4.904114e-03,2.566394e-02,3.541176e-02,1.481391e-01,1.240268e-01,1.268207e-01,6.882627e-02,-1.862497e-01,7.729232e-03,1.010662e-01,1.733181e-01,2.699034e-01,3.135254e-01,4.544199e-01,7.830535e-01,5.370652e-01,1.492731e-01,2.435490e-01,4.749764e-02,-6.078192e-02,-2.322612e-02,5.428793e-02,3.112155e-02,1.919337e-01,1.950408e-01,5.077394e-02,2.646633e-01,3.603765e-01,-3.645833e+01,9.375006e+00,1.114583e+02,1.135417e+02,1.294971e-01,3.703259e-01,5.062553e+04,-8.963553e-01,-9.895276e+00,-9.311931e-02,4.254971e-01,-1.779854e+00,3.080796e+00,6.656966e+00,-8.507201e+00,-4.008309e+00,-7.559453e-01,-2.259044e+00,1.761357e+00,-8.325383e-01,4.555146e+00,-2.412986e+00
fru,1.140000,2.025747e+02,7.670608e-01,0,0,0,2.018057e+00,1.455311e+00,1.426820e-01,1.427083e-01,8.545560e-02,1.763297e-01,3.286444e-01,7.591942e-01,5.721018e-01,1.125770e+00,1.069076e+00,1.358748e+00,1.971875e+00,1.879264e+00,2.318194e+00,2.423038e+00,1.945270e+00,2.089574e+00,2.701197e+00,2.380321e+00,1.430758e+00,2.294027e+00,1.744847e+00,1.848204e+00,1.836416e+00,1.499423e+00,8.572602e-01,1.165314e+00,1.208037e+00,7.697385e-01,4.708067e-01,1.400091e+00,750,1.010417e+03,1.343750e+03,1.531250e+03,8.992104e-01,5.258373e+00,2.226233e+05,1.582715e+00,1.055799e+01,-3.797718e-01,3.004505e+01,-3.847308e+01,-5.680636e+00,-1.731780e+01,3.472511e+00,1.612427e+00,-7.894853e+00,-5.817968e+00,-1.256916e+01,-2.386914e+00,-6.266011e+00,-2.627809e+01,4.063663e+01,1.957781e-02,0,0,0,3.124463e-01,2.169607e-01,2.481338e-02,-1.041667e-03,9.956468e-03,4.757340e-02,5.970611e-02,1.748828e-01,1.833347e-01,1.775710e-01,1.571378e-01,-1.286717e-01,-2.531301e-02,1.041367e-01,1.566362e-01,2.982956e-01,4.856490e-01,6.018151e-01,1.007539e+00,7.535771e-01,3.057789e-01,3.886921e-01,2.350898e-01,-9.419298e-03,-2.339183e-02,3.837449e-02,6.889974e-02,2.603250e-01,2.381557e-01,7.464702e-02,5.460748e-01,3.403789e-01,-6.354166e+01,-4.687500e+01,3.958332e+01,1.437500e+02,1.172701e-01,1.918867e-01,7.314890e+04,-5.642053e-01,-7.133733e+00,-1.333813e-01,2.689781e-01,-5.537430e-01,4.815032e+00,4.110927e+00,-8.886932e+00,-4.039348e+00,-2.240840e+00,8.612178e-01,5.333775e+00,-2.255113e+00,3.886549e+00,-3.356246e+00
fru,1.150000,2.030528e+02,7.795765e-01,0,0,0,2.341756e+00,1.727046e+00,1.697558e-01,1.343750e-01,9.875729e-02,2.387706e-01,4.028337e-01,9.556565e-01,7.868595e-01,1.327155e+00,1.281317e+00,1.272460e+00,1.946808e+00,2.011945e+00,2.502476e+00,2.807389e+00,2.583385e+00,2.798522e+00,3.939612e+00,3.318426e+00,1.840845e+00,2.779905e+00,2.071538e+00,1.865404e+00,1.818660e+00,1.518670e+00,9.489472e-01,1.450479e+00,1.464244e+00,8.721241e-01,1.235896e+00,1.572079e+00,6.666667e+02,8.541667e+02,1.354167e+03,1.718750e+03,1.011880e+00,5.294339e+00,3.161605e+05,1.470186e+00,7.190741e+00,-5.365011e-01,3.011311e+01,-3.743778e+01,-7.373133e-01,-1.588379e+01,-9.617270e+00,-2.860796e+00,-1.194772e+01,-7.141929e-01,-4.842519e+00,-7.308107e+00,-3.861093e+00,-3.035571e+01,-5.278015e-02,9.148168e-03,2.737487e-03,0,2.836073e-02,2.665929e-01,2.572720e-01,2.647198e-02,-7.812501e-03,1.543285e-02,6.784066e-02,8.919388e-02,1.850478e-01,2.443390e-01,2.547356e-01,2.402147e-01,-9.130695e-02,-9.952763e-02,1.669762e-02,7.307365e-02,2.239500e-01,5.828546e-01,7.197272e-01,1.039159e+00,8.408810e-01,4.411803e-01,4.972948e-01,4.720777e-01,1.108524e-01,1.174078e-02,1.725502e-02,9.820389e-02,2.981141e-01,2.534185e-01,8.662037e-02,9.321001e-01,1.836343e-01,-7.187499e+01,-9.479167e+01,-5.729168e+01,1.625000e+02,8.409813e-02,-1.042295e-02,8.073159e+04,-2.032886e-01,-4.046868e+00,-1.726876e-01,1.125170e-01,1.441204e+00,6.346222e+00,1.698747e+00,-8.482107e+00,-4.326856e+00,-2.376304e+00,4.137714e+00,4.807617e+00,-3.372206e+00,3.331441e+00,-3.160414e+00
fru,1.160000,2.028668e+02,7.783949e-01,0,0,0,2.581642e+00,2.027488e+00,1.999337e-01,1.187500e-01,1.168799e-01,3.164334e-01,5.059938e-01,1.154431e+00,1.073384e+00,1.656325e+00,1.598083e+00,1.199001e+00,1.786537e+00,1.979460e+00,2.548593e+00,3.028090e+00,3.329397e+00,3.574082e+00,5.020551e+00,4.292711e+00,2.399574e+00,3.411130e+00,2.713639e+00,2.053774e+00,1.859572e+00,1.514411e+00,1.069238e+00,1.804672e+00,1.745788e+00,9.629191e-01,2.335167e+00,1.729681e+00,5.729167e+02,750,1.208333e+03,1.885417e+03,1.047778e+00,5.130092e+00,4.181764e+05,1.534773e+00,6.105927e+00,-7.025484e-01,2.968120e+01,-3.491364e+01,8.266004e+00,-1.645790e+01,-1.504625e+01,-7.997930e+00,-1.489473e+01,2.940473e+00,1.902360e+00,-1.069719e+01,2.017484e+00,-3.381203e+01,-1.571060e-01,8.017778e-04,4.549805e-03,0,4.833193e-02,1.474237e-01,2.359096e-01,2.336051e-02,-1.062500e-02,2.048254e-02,8.399732e-02,1.180157e-01,1.752246e-01,2.917662e-01,2.991681e-01,2.661241e-01,-7.309643e-02,-1.804575e-01,-1.187567e-01,-7.441978e-02,2.265019e-02,4.680621e-01,7.619265e-01,8.461477e-01,6.736647e-01,4.637560e-01,4.579061e-01,6.216543e-01,2.210098e-01,3.994722e-02,5.596387e-03,1.164316e-01,2.922475e-01,2.454366e-01,8.916437e-02,1.133056e+00,-3.795294e-02,-8.229167e+01,-1.208333e+02,-1.593750e+02,1.197917e+02,7.115813e-02,-1.843014e-01,5.854739e+04,1.091048e-01,-7.805840e-01,-1.773698e-01,1.570217e-01,3.860054e+00,5.799831e+00,1.241808e+00,-6.960137e+00,-3.963510e+00,-6.197996e-01,4.571442e+00,1.830991e+00,-3.551220e+00,4.201094e+00,-2.062629e+00
fru,1.170000,2.020101e+02,7.775760e-01,1.368744e-02,0,1.418036e-01,2.679128e+00,2.269198e+00,2.201571e-01,1.093750e-01,1.397128e-01,4.078677e-01,6.422424e-01,1.323115e+00,1.399992e+00,2.030325e+00,1.914959e+00,1.127567e+00,1.537905e+00,1.724744e+00,2.361771e+00,2.915663e+00,3.797908e+00,4.407952e+00,5.734578e+00,4.950285e+00,2.942377e+00,3.926093e+00,3.546549e+00,2.396986e+00,1.948711e+00,1.514624e+00,1.190068e+00,2.098292e+00,1.974960e+00,1.043902e+00,3.961493e+00,1.449183e+00,5.312500e+02,6.041667e+02,9.895833e+02,2.020833e+03,1.048779e+00,4.840464e+00,4.664323e+05,1.736947e+00,6.006526e+00,-9.461675e-01,2.998703e+01,-2.955659e+01,1.451237e+01,-1.537792e+01,-2.389981e+01,-1.181446e+01,-1.176397e+01,1.160221e+01,-7.539290e-01,-1.395413e+01,4.625492e+00,-3.446176e+01,2.111160e-01,-3.507829e-03,8.121224e-03,3.015301e-03,4.854180e-02,9.401416e-03,1.448154e-01,1.698175e-02,-1.104167e-02,2.455330e-02,9.524613e-02,1.405813e-01,1.490323e-01,3.080310e-01,2.365929e-01,1.954477e-01,-6.601299e-02,-2.268710e-01,-2.215815e-01,-2.120834e-01,-2.143759e-01,1.252412e-01,6.642994e-01,5.186104e-01,2.427254e-01,3.245824e-01,2.299365e-01,5.517292e-01,2.462635e-01,3.739214e-02,-1.036000e-03,1.251968e-01,2.147129e-01,1.941393e-01,8.284701e-02,1.132761e+00,-1.603681e-01,-8.541667e+01,-1.010417e+02,-2.041667e+02,-2.812500e+01,5.235275e-02,-2.728871e-01,6.955156e+03,2.661080e-01,8.756068e-01,-1.692093e-01,6.496433e-01,5.248632e+00,4.319224e+00,1.764930e+00,-3.484764e+00,-3.352542e+00,1.805142e-01,2.867954e+00,-2.613825e+00,-2.456713e+00,3.774428e+00,-4.720222e-01
fru,1.180000,2.023105e+02,7.720700e-01,1.590531e-02,0,1.707578e-01,2.586489e+00,2.363782e+00,2.342839e-01,1.020833e-01,1.673906e-01,5.117678e-01,7.990187e-01,1.451588e+00,1.724367e+00,2.270026e+00,2.082875e+00,1.065713e+00,1.274039e+00,1.429081e+00,2.016447e+00,2.482152e+00,3.678319e+00,5.094492e+00,6.034452e+00,4.932715e+00,3.198773e+00,4.010463e+00,4.115613e+00,2.687462e+00,1.971126e+00,1.529428e+00,1.318858e+00,2.302646e+00,2.179862e+00,1.129671e+00,4.773288e+00,1.271774e+00,4.062500e+02,5.312500e+02,7.291667e+02,1.979167e+03,1.236552e+00,4.563803e+00,4.402243e+05,1.994859e+00,7.247175e+00,-1.061787e+00,3.089320e+01,-2.311340e+01,1.569368e+01,-1.136170e+01,-2.418691e+01,-1.372829e+01,-1.108573e+01,1.088104e+01,-5.458498e+00,-1.682000e+01,1.049617e+01,-3.453822e+01,1.511386e+00,-4.327041e-03,1.177693e-02,5.096710e-03,3.033310e-02,-1.341327e-01,6.312990e-03,8.369118e-03,-1.260416e-02,2.663295e-02,9.878831e-02,1.488508e-01,1.177783e-01,2.761722e-01,5.538075e-02,4.464871e-02,-6.185032e-02,-2.141277e-01,-2.487478e-01,-2.753533e-01,-3.658641e-01,-2.930691e-01,3.547121e-01,1.296934e-01,-3.120910e-01,6.231720e-02,-1.085050e-01,2.237611e-01,1.400642e-01,6.867981e-03,-1.215590e-02,1.376127e-01,7.176106e-02,8.479247e-02,7.607017e-02,7.772812e-01,-2.782418e-01,-9.375002e+01,-9.791666e+01,-1.916667e+02,-2.093750e+02,3.536631e-02,-3.304461e-01,-4.716533e+04,4.763173e-01,3.315809e+00,-1.005697e-01,1.107081e+00,6.003103e+00,1.866730e+00,2.120804e+00,9.715902e-01,-2.082180e+00,3.436353e-01,-1.071517e+00,-4.784306e+00,-1.227402e+00,1.046913e+00,2.160995e+00
fru,1.190000,2.043865e+02,7.651998e-01,3.265347e-02,1.507650e-02,1.573301e-01,2.386339e+00,2.282975e+00,2.374894e-01,8.750000e-02,1.962685e-01,6.173341e-01,9.592276e-01,1.552239e+00,2.001523e+00,2.203269e+00,2.016159e+00,1.009039e+00,1.068702e+00,1.179227e+00,1.708131e+00,2.008479e+00,3.035130e+00,5.359814e+00,6.025713e+00,4.212051e+00,3.064158e+00,3.629921e+00,4.129197e+00,2.779878e+00,1.949843e+00,1.505981e+00,1.450121e+00,2.275057e+00,2.217903e+00,1.202983e+00,5.680640e+00,9.991919e-01,3.229167e+02,4.583333e+02,5.729167e+02,1.531250e+03,1.179257e+00,4.213048e+00,3.399123e+05,2.570683e+00,1.099815e+01,-1.202928e+00,3.275533e+01,-1.709473e+01,1.714497e+01,-9.607244e+00,-2.247076e+01,-1.675833e+01,-1.294965e+01,9.655295e+00,-1.423121e+01,-1.653027e+01,1.077170e+01,-3.235273e+01,2.860507e+00,-2.319360e-03,1.369064e-02,5.347016e-03,-1.271911e-02,-2.269537e-01,-1.339139e-01,4.133357e-03,-1.604167e-02,2.601851e-02,9.211576e-02,1.406660e-01,7.317302e-02,1.780113e-01,-1.723509e-01,-1.171119e-01,-5.993372e-02,-1.608032e-01,-2.038183e-01,-2.558356e-01,-3.858030e-01,-5.698932e-01,-1.435730e-01,-3.106927e-01,-7.507902e-01,-2.060239e-01,-3.889230e-01,-2.183976e-01,-4.862053e-02,-2.033944e-02,-2.564433e-02,1.591310e-01,-8.942971e-02,-7.380970e-02,5.091780e-02,6.209594e-01,-3.013666e-01,-8.645833e+01,-8.645834e+01,-1.562500e+02,-3.833333e+02,-2.298474e-04,-4.079416e-01,-8.456912e+04,9.145595e-01,1.165663e+01,-7.506038e-02,1.363958e+00,5.699611e+00,6.999515e-01,9.389600e-01,6.184693e+00,-3.612744e-01,8.447876e-01,-3.944746e+00,-4.271773e+00,-6.193984e-01,-3.792815e+00,3.979825e+00
fru,1.200000,2.092355e+02,7.629477e-01,4.940163e-02,1.794530e-02,1.439023e-01,2.057373e+00,2.052164e+00,2.331132e-01,6.666667e-02,2.217668e-01,7.056418e-01,1.091756e+00,1.628760e+00,2.153479e+00,1.846757e+00,1.770726e+00,9.490137e-01,9.504995e-01,1.008480e+00,1.498646e+00,1.652362e+00,2.245441e+00,4.871712e+00,5.523450e+00,3.101373e+00,2.650270e+00,3.016691e+00,3.541121e+00,2.562649e+00,1.893346e+00,1.457953e+00,1.627275e+00,2.075094e+00,2.048279e+00,1.263729e+00,5.362000e+00,5.634677e-01,2.083333e+02,3.333333e+02,4.583333e+02,1.083333e+03,1.159371e+00,3.791569e+00,2.456098e+05,3.499491e+00,2.018916e+01,-1.077017e+00,3.383245e+01,-1.112905e+01,1.628335e+01,-8.739215e+00,-1.090283e+01,-1.593690e+01,-1.258371e+01,-1.443656e+00,-1.528053e+01,-1.554613e+01,4.178941e+00,-2.406157e+01,3.335995e+00,3.157210e-03,1.112612e-02,4.428107e-03,-1.923584e-02,-2.549589e-01,-2.304572e-01,5.277456e-03,-1.739583e-02,2.277234e-02,7.712533e-02,1.225910e-01,-3.066659e-04,9.552335e-03,-3.356635e-01,-2.174026e-01,-5.889971e-02,-9.128155e-02,-1.374340e-01,-2.033129e-01,-3.175669e-01,-5.988066e-01,-6.371215e-01,-7.463850e-01,-8.955523e-01,-3.698830e-01,-5.035978e-01,-5.537370e-01,-2.173509e-01,-3.031539e-02,-2.684936e-02,1.694981e-01,-2.185199e-01,-2.380808e-01,4.641437e-03,7.670619e-01,-2.944611e-01,-5.625000e+01,-8.125000e+01,-1.104167e+02,-4.125000e+02,-5.315615e-02,-4.791048e-01,-9.332991e+04,1.499229e+00,2.553632e+01,-1.061173e-01,1.279333e+00,4.781560e+00,2.554550e-02,2.329006e-02,9.233467e+00,2.024324e+00,2.523213e+00,-3.962641e+00,-2.709143e+00,-1.431787e+00,-8.067962e+00,4.241189e+00
fru,1.210000,2.128501e+02,7.705403e-01,6.539249e-02,1.776243e-02,9.163588e-02,1.808918e+00,1.755438e+00,2.414093e-01,4.687500e-02,2.426172e-01,7.715095e-01,1.199204e+00,1.600394e+00,2.075492e+00,1.380205e+00,1.485474e+00,8.862481e-01,8.956587e-01,9.159533e-01,1.341494e+00,1.401544e+00,1.664881e+00,3.801477e+00,4.436615e+00,2.112005e+00,2.186509e+00,2.478364e+00,2.741807e+00,2.216290e+00,1.885904e+00,1.422140e+00,1.831514e+00,1.764919e+00,1.671703e+00,1.231462e+00,6.771935e+00,2.965033e-01,1.979167e+02,2.708333e+02,3.437500e+02,5.520833e+02,1.086220e+00,3.186873e+00,1.408940e+05,5.557428e+00,5.781871e+01,-1.313855e+00,3.533719e+01,-7.050716e+00,1.771729e+01,-1.199437e+01,3.816166e-01,-1.251653e+01,-6.791040e+00,-1.959174e+00,-1.720178e+01,-1.768806e+01,-1.117997e+01,-1.980096e+01,2.608835e+00,8.434516e-03,2.426114e-03,1.148804e-03,-1.437086e-02,-2.269002e-01,-2.616300e-01,1.212049e-02,-1.479167e-02,1.799765e-02,5.965780e-02,1.046902e-01,-9.588309e-02,-1.868911e-01,-3.710520e-01,-2.386999e-01,-5.909330e-02,-3.599525e-02,-7.910239e-02,-1.648949e-01,-2.353463e-01,-4.431442e-01,-9.005631e-01,-1.056517e+00,-7.502464e-01,-4.092622e-01,-4.719206e-01,-6.599392e-01,-2.956049e-01,-4.319596e-02,9.825944e-04,1.434506e-01,-2.594773e-01,-3.220498e-01,-5.028085e-02,1.187043e+00,-2.175361e-01,-2.916666e+01,-5.937500e+01,-8.333334e+01,-3.218750e+02,-9.023182e-02,-5.012823e-01,-7.782144e+04,1.966992e+00,3.927987e+01,-1.891523e-01,7.462753e-01,3.728106e+00,-1.423276e-01,1.042500e+00,9.882669e+00,2.806621e+00,3.417532e+00,-2.862089e+00,-1.079797e+00,-2.202583e+00,-8.987844e+00,1.599589e+00
fru,1.220000,2.147587e+02,7.851858e-01,5.516641e-02,2.079757e-02,1.074257e-01,1.600406e+00,1.475265e+00,2.587113e-01,3.541667e-02,2.580779e-01,8.203067e-01,1.291986e+00,1.425978e+00,1.735144e+00,1.003241e+00,1.261205e+00,8.326096e-01,9.041529e-01,8.735480e-01,1.183201e+00,1.197785e+00,1.369411e+00,2.688053e+00,3.097076e+00,1.504977e+00,1.788182e+00,2.068253e+00,2.040623e+00,1.882502e+00,1.851519e+00,1.437102e+00,1.975652e+00,1.465115e+00,1.262558e+00,1.138639e+00,8.062950e+00,1.508129e-01,1.875000e+02,2.187500e+02,2.916667e+02,4.062500e+02,1.017289e+00,2.681367e+00,7.308396e+04,7.997633e+00,1.115185e+02,-1.536911e+00,3.599893e+01,-4.227608e+00,1.553524e+01,-1.005169e+01,1.055424e+01,-5.727571e+00,-1.548965e+00,-3.124929e+00,-1.751893e+01,-2.340004e+01,-1.886781e+01,-1.960816e+01,1.325835e+00,1.047294e-02,-6.794144e-03,1.356468e-03,-5.595267e-03,-1.528603e-01,-2.328637e-01,1.892786e-02,-9.895834e-03,1.231311e-02,4.324117e-02,9.037460e-02,-1.750118e-01,-3.263982e-01,-2.953732e-01,-2.093024e-01,-6.191186e-02,-1.159047e-02,-4.644984e-02,-1.330837e-01,-1.626265e-01,-2.517081e-01,-8.283806e-01,-1.081157e+00,-4.667984e-01,-3.651086e-01,-3.767098e-01,-5.546967e-01,-2.757775e-01,-6.656486e-02,3.368615e-02,6.577308e-02,-2.217768e-01,-2.974369e-01,-9.198276e-02,1.602040e+00,-1.058554e-01,-5.208333e+00,-2.812500e+01,-5.416667e+01,-1.958333e+02,-1.628944e-01,-4.185160e-01,-5.338166e+04,1.982930e+00,4.423167e+01,-2.739282e-01,3.830578e-01,2.530775e+00,8.852176e-02,2.653868e+00,7.128886e+00,1.413052e+00,1.894449e+00,-1.281967e+00,4.462624e-02,-1.504097e+00,-5.821928e+00,-1.638864e+00
fru,1.230000,2.146691e+02,7.962534e-01,4.190165e-02,1.939439e-02,1.037141e-01,1.480322e+00,1.263274e+00,2.852928e-01,2.916667e-02,2.681012e-01,8.582906e-01,1.382564e+00,1.174215e+00,1.276235e+00,7.697673e-01,1.077420e+00,7.717748e-01,9.118993e-01,8.511813e-01,1.041380e+00,1.059036e+00,1.257424e+00,1.948828e+00,1.956316e+00,1.259017e+00,1.448891e+00,1.744537e+00,1.579750e+00,1.641927e+00,1.754777e+00,1.521319e+00,1.993186e+00,1.282660e+00,1.000515e+00,1.014124e+00,1.026538e+01,1.178390e-01,1.875000e+02,2.187500e+02,2.395833e+02,2.604167e+02,7.991387e-01,2.261737e+00,3.706803e+04,1.015657e+01,1.617328e+02,-1.918743e+00,3.540347e+01,-1.904924e+00,1.680739e+01,-3.738504e+00,1.621405e+01,-7.829887e+00,-1.379362e+00,-3.814511e+00,-1.851100e+01,-2.361623e+01,-2.264414e+01,-2.658150e+01,7.163193e-01,8.244884e-03,-1.245252e-02,3.561515e-04,-4.325069e-03,-9.006657e-02,-1.722389e-01,1.993456e-02,-5.104167e-03,6.294906e-03,2.612520e-02,6.923457e-02,-1.920239e-01,-3.389441e-01,-1.804617e-01,-1.722523e-01,-6.869707e-02,-1.858807e-02,-4.048671e-02,-8.996245e-02,-8.668055e-02,-1.296925e-01,-5.487105e-01,-8.329898e-01,-2.208873e-01,-2.878350e-01,-2.860266e-01,-3.674319e-01,-2.191994e-01,-9.823585e-02,4.769585e-02,-2.601246e-02,-1.343464e-01,-1.930922e-01,-9.500510e-02,1.525188e+00,-4.002945e-02,-2.083334e+00,-1.041667e+01,-2.604167e+01,-7.604166e+01,-1.865405e-01,-2.603307e-01,-2.728688e+04,1.766422e+00,4.879276e+01,-2.610584e-01,3.014793e-02,2.057287e+00,3.331513e-01,3.938848e+00,3.412500e+00,-1.054447e+00,-1.055277e+00,-1.601402e+00,1.268637e+00,1.976233e-01,-1.700532e+00,-2.280380e+00
fru,1.240000,2.149552e+02,8.024559e-01,2.717633e-02,2.391166e-02,1.098869e-01,1.457369e+00,1.133927e+00,3.058107e-01,2.604167e-02,2.705904e-01,8.784571e-01,1.451949e+00,9.667905e-01,9.211165e-01,6.751096e-01,9.282412e-01,6.966910e-01,8.844269e-01,8.086169e-01,9.832848e-01,1.010483e+00,1.190629e+00,1.656133e+00,1.357817e+00,1.193875e+00,1.193536e+00,1.500056e+00,1.348666e+00,1.470943e+00,1.626085e+00,1.576794e+00,1.875305e+00,1.207340e+00,8.966889e-01,9.124847e-01,1.162547e+01,1.235229e-01,1.875000e+02,2.187500e+02,2.395833e+02,250,4.884396e-01,2.161557e+00,3.061442e+04,1.111457e+01,1.893904e+02,-2.144214e+00,3.571461e+01,-1.048072e+00,1.718091e+01,4.021932e-01,1.682539e+01,-1.121496e+01,-5.817304e+00,-6.925823e+00,-1.440279e+01,-2.010253e+01,-1.919861e+01,-2.886562e+01,1.038060e+00,3.182834e-03,-1.163440e-02,-1.712511e-03,-1.696019e-02,-5.032028e-02,-1.103232e-01,1.585419e-02,-2.187500e-03,5.897611e-04,6.364739e-03,3.550116e-02,-1.451527e-01,-2.269320e-01,-8.713242e-02,-1.400202e-01,-7.521312e-02,-5.154036e-02,-5.436792e-02,-4.304538e-02,-1.777687e-02,-8.379532e-02,-2.684540e-01,-4.835995e-01,-9.133917e-02,-1.989808e-01,-2.092070e-01,-1.988948e-01,-1.626111e-01,-9.904959e-02,2.397193e-02,-8.528991e-02,-5.134020e-02,-8.683674e-02,-7.425358e-02,1.244777e+00,-1.560742e-02,0,0,-8.333331e+00,-3.229166e+01,-1.698223e-01,-1.194071e-01,-1.179364e+04,1.704853e+00,6.088380e+01,-2.122154e-01,7.719536e-02,2.119195e+00,1.347515e+00,2.887357e+00,1.103515e-01,-3.835210e+00,-3.163903e+00,-1.020615e+00,2.202221e+00,1.531587e+00,5.017471e-01,-1.462875e+00
fru,1.250000,2.163335e+02,8.031297e-01,1.712494e-02,1.798614e-02,6.877995e-02,1.430103e+00,1.064912e+00,3.175323e-01,2.604167e-02,2.678355e-01,8.730603e-01,1.465395e+00,8.698678e-01,7.877852e-01,6.419623e-01,7.906945e-01,6.107221e-01,8.125814e-01,7.459853e-01,9.916396e-01,1.061792e+00,1.105809e+00,1.573884e+00,1.141296e+00,1.163119e+00,1.044658e+00,1.332329e+00,1.250627e+00,1.326072e+00,1.507442e+00,1.590773e+00,1.751626e+00,1.222074e+00,8.891769e-01,8.695138e-01,1.261661e+01,1.100010e-01,1.875000e+02,2.187500e+02,2.395833e+02,250,4.179428e-01,2.145124e+00,2.569439e+04,1.283107e+01,2.628466e+02,-2.315495e+00,3.563009e+01,1.645949e+00,1.856021e+01,2.472932e+00,1.430854e+01,-1.504507e+01,-9.933254e+00,-8.065736e+00,-1.241667e+01,-1.834870e+01,-1.951723e+01,-2.657413e+01,2.140547e+00,-1.839858e-03,-9.534081e-03,-3.324191e-03,-2.323800e-02,-4.787388e-02,-6.675216e-02,7.802129e-03,-4.166670e-04,-4.449722e-03,-1.551147e-02,-9.640241e-03,-7.745460e-02,-7.653636e-02,-3.629651e-02,-1.029109e-01,-7.019786e-02,-8.156104e-02,-7.405785e-02,-2.010518e-02,8.379364e-03,-7.754216e-02,-1.075167e-01,-2.062580e-01,-6.133318e-02,-1.089434e-01,-1.438222e-01,-9.441104e-02,-1.172614e-01,-6.970324e-02,-2.377931e-02,-9.155063e-02,-2.563167e-03,-2.572430e-02,-4.480501e-02,5.648870e-01,-1.908675e-02,0,0,3.125001e+00,-2.083331e+00,-9.485437e-02,-3.965344e-02,-5.048720e+03,1.883605e+00,7.941302e+01,-9.357481e-02,-1.382332e-01,2.529246e+00,1.560461e+00,1.043053e+00,-1.974643e+00,-3.497994e+00,-1.818878e+00,1.745128e-01,1.733310e+00,3.875982e-01,4.729668e-01,-3.485516e-01
fru,1.260000,2.191168e+02,7.976618e-01,9.382767e-03,1.293914e-02,4.009183e-02,1.373914e+00,1.022830e+00,3.218624e-01,2.604167e-02,2.611596e-01,8.447456e-01,1.428075e+00,8.523877e-01,8.447089e-01,6.314816e-01,7.044665e-01,5.370704e-01,6.961101e-01,6.543064e-01,9.928444e-01,1.107522e+00,1.026241e+00,1.533255e+00,1.086588e+00,1.096230e+00,9.953950e-01,1.228322e+00,1.210711e+00,1.227374e+00,1.479939e+00,1.522235e+00,1.669982e+00,1.238707e+00,8.840432e-01,8.396762e-01,1.311122e+01,7.669478e-02,1.875000e+02,2.187500e+02,250,250,3.587756e-01,2.142638e+00,1.980260e+04,1.518465e+01,3.653806e+02,-2.399611e+00,3.627159e+01,4.592929e+00,2.139641e+01,1.279376e+00,1.205875e+01,-2.129603e+01,-1.309153e+01,-6.102391e+00,-9.554986e+00,-1.837587e+01,-1.792253e+01,-2.692622e+01,3.596721e+00,-5.408180e-03,-5.643979e-03,-4.301938e-03,-2.217020e-02,-5.207045e-02,-4.432240e-02,-1.050320e-03,3.124997e-04,-9.022504e-03,-3.544105e-02,-5.154441e-02,-3.148266e-02,2.148970e-02,-2.255651e-02,-6.234773e-02,-5.125656e-02,-9.343147e-02,-8.417810e-02,-3.615280e-02,-2.232552e-02,-7.581813e-02,-6.519683e-02,-7.372174e-02,-6.335388e-02,-3.282781e-02,-9.066890e-02,-4.471504e-02,-6.382483e-02,-2.401721e-02,-5.788032e-02,-6.483191e-02,1.554307e-02,-4.874349e-03,-2.794490e-02,-1.027089e-01,-2.299120e-02,2.083334e+00,0,3.125001e+00,0,-1.027333e-02,-2.576151e-02,-2.391978e+03,1.724417e+00,6.975925e+01,2.300048e-02,-6.658222e-01,2.415984e+00,2.233600e+00,-1.140089e+00,-2.532682e+00,-1.867954e+00,5.202557e-01,8.234017e-01,-5.095100e-02,-1.062895e+00,-9.729652e-02,-9.994682e-01
fru,1.270000,2.232910e+02,7.894511e-01,3.128028e-03,8.259697e-03,2.242156e-02,1.282680e+00,9.850622e-01,3.162776e-01,2.708333e-02,2.505680e-01,7.975890e-01,1.346299e+00,8.441436e-01,9.317573e-01,6.100988e-01,6.747530e-01,5.005959e-01,5.982525e-01,5.580474e-01,9.360738e-01,1.052413e+00,9.519069e-01,1.472684e+00,1.060640e+00,1.001174e+00,1.003244e+00,1.161293e+00,1.176672e+00,1.177405e+00,1.479334e+00,1.429702e+00,1.638094e+00,1.254160e+00,8.782163e-01,8.265032e-01,1.234694e+01,4.581934e-02,1.875000e+02,2.187500e+02,250,250,3.896988e-01,2.072930e+00,1.723033e+04,1.753956e+01,4.708029e+02,-2.258918e+00,3.443381e+01,7.920805e+00,2.250194e+01,1.038168e+00,8.724156e+00,-2.027932e+01,-6.836638e+00,-3.353663e+00,-1.226835e+01,-2.254156e+01,-2.091735e+01,-2.929395e+01,4.880798e+00,-5.498946e-03,-1.865534e-03,-2.198523e-03,-9.725424e-03,-2.881662e-02,-3.003501e-02,-1.110176e-02,5.208328e-04,-1.476085e-02,-5.203039e-02,-8.039321e-02,-1.767189e-02,3.200898e-02,-2.205333e-02,-2.752958e-02,-2.593534e-02,-7.952274e-02,-7.934427e-02,-7.393449e-02,-8.932003e-02,-7.135511e-02,-6.833897e-02,-2.357473e-02,-4.657390e-02,4.357203e-02,-1.608944e-02,-2.275991e-03,1.454130e-02,1.836190e-02,-6.014260e-02,-3.490113e-02,2.151540e-02,1.619166e-03,-2.678111e-02,-8.758017e-01,-6.374179e-03,5.208333e+00,0,2.083334e+00,2.083331e+00,5.577125e-02,-3.565264e-03,1.518693e+04,2.830857e-01,1.053544e+01,1.612763e-01,-1.797839e+00,1.404651e+00,3.683863e+00,-3.491208e+00,-3.880805e+00,1.219126e+00,1.943732e+00,-5.374172e-01,-1.313091e+00,-3.366650e+00,2.860258e-01,-5.479132e-01
fru,1.280000,2.294600e+02,7.822543e-01,5.954893e-03,7.265192e-03,2.221505e-02,1.270729e+00,9.522403e-01,3.011865e-01,2.708333e-02,2.341116e-01,7.389874e-01,1.253775e+00,8.222393e-01,9.565790e-01,5.782588e-01,6.744733e-01,4.954714e-01,5.244340e-01,4.816954e-01,8.303037e-01,9.035450e-01,8.884897e-01,1.380749e+00,1.029536e+00,9.580781e-01,1.050103e+00,1.132230e+00,1.162068e+00,1.226153e+00,1.520053e+00,1.367928e+00,1.607911e+00,1.269012e+00,8.777974e-01,7.942654e-01,1.124677e+01,4.065770e-02,1.979167e+02,2.187500e+02,250,250,4.511949e-01,2.068847e+00,2.288655e+04,1.738241e+01,4.342085e+02,-2.057500e+00,3.298364e+01,7.894420e+00,2.637805e+01,-4.580868e+00,6.954173e+00,-1.793760e+01,-4.764334e+00,-5.164850e+00,-1.473170e+01,-2.332057e+01,-1.898503e+01,-3.250305e+01,5.595067e+00,-2.017409e-03,1.077782e-03,-2.509775e-05,-2.361486e-03,2.825097e-02,-5.550909e-03,-2.081376e-02,1.145833e-03,-2.239763e-02,-6.643107e-02,-9.666283e-02,-1.433181e-02,-1.037964e-02,-2.020559e-02,-1.920993e-02,-7.635689e-03,-4.604296e-02,-5.562850e-02,-1.007171e-01,-1.372326e-01,-6.567874e-02,-6.568451e-02,2.601370e-02,7.622844e-03,1.563959e-01,1.363725e-01,8.594929e-02,1.218901e-01,4.746901e-02,-1.992656e-02,1.929247e-03,3.864429e-02,1.364647e-02,-3.209200e-02,-1.475811e+00,3.016312e-02,8.333333e+00,2.083334e+00,2.083331e+00,7.291666e+00,9.841901e-02,6.006103e-02,4.969788e+04,-1.807977e+00,-6.934713e+01,2.696251e-01,-3.093214e+00,-6.435724e-01,5.440858e+00,-5.195634e+00,-4.779078e+00,2.621677e+00,4.242209e-01,-4.575284e+00,-1.990883e+00,-4.938253e+00,2.343708e+00,1.066323e+00
fru,1.290000,2.355658e+02,7.833387e-01,9.511208e-03,9.830502e-03,2.909123e-02,1.337613e+00,9.500321e-01,2.723615e-01,2.812500e-02,2.075552e-01,6.657874e-01,1.150580e+00,7.965825e-01,8.918951e-01,5.583071e-01,6.680432e-01,5.018449e-01,5.008057e-01,4.355694e-01,7.032375e-01,7.171804e-01,8.179097e-01,1.308442e+00,1.051948e+00,9.993257e-01,1.235164e+00,1.299928e+00,1.263568e+00,1.399389e+00,1.579194e+00,1.367214e+00,1.608156e+00,1.314499e+00,9.003956e-01,7.583136e-01,9.169833e+00,9.614865e-02,2.083333e+02,2.187500e+02,250,2.604167e+02,6.505894e-01,2.164193e+00,1.000871e+05,1.314762e+01,2.811098e+02,-1.680169e+00,2.828487e+01,7.018461e+00,3.448871e+01,-1.205298e+01,-2.543195e+00,-1.062865e+01,-4.378193e+00,-1.122159e+01,-1.639377e+01,-3.270959e+01,-1.755585e+01,-2.652528e+01,5.362479e+00,3.644335e-03,4.367072e-03,4.687173e-03,4.152261e-03,9.162929e-02,3.780254e-02,-2.553756e-02,2.916667e-03,-3.049758e-02,-7.798043e-02,-1.021674e-01,2.177250e-03,-4.369487e-02,-6.528908e-03,-3.793436e-02,-7.000533e-03,-1.731398e-02,-2.362664e-02,-9.896564e-02,-1.348848e-01,-5.479428e-02,-3.780308e-02,1.319759e-01,8.297549e-02,3.303939e-01,3.973226e-01,2.497464e-01,2.474570e-01,6.641810e-02,3.655894e-02,6.396253e-02,6.294227e-02,2.557009e-02,-4.144267e-02,-1.658585e+00,7.901971e-02,8.333333e+00,5.208333e+00,5.208334e+00,2.395833e+01,9.595467e-02,1.473594e-01,9.090923e+04,-3.547623e+00,-1.218616e+02,3.018588e-01,-3.843474e+00,-2.497838e+00,6.956178e+00,-5.349112e+00,-5.990543e+00,7.984641e-01,-3.017555e+00,-8.369883e+00,-8.095225e-01,-5.013521e+00,4.958144e+00,2.071023e+00
fru,1.300000,2.409547e+02,7.906310e-01,1.158008e-02,1.202825e-02,2.494957e-02,1.487702e+00,1.012590e+00,2.397517e-01,3.125000e-02,1.706778e-01,5.784910e-01,1.042621e+00,8.045092e-01,8.127418e-01,5.563495e-01,6.117718e-01,4.982674e-01,5.146187e-01,4.374028e-01,6.056771e-01,5.889753e-01,7.648461e-01,1.286954e+00,1.221003e+00,1.135268e+00,1.661415e+00,1.840867e+00,1.597009e+00,1.725832e+00,1.667354e+00,1.453846e+00,1.694598e+00,1.401759e+00,9.411859e-01,7.133110e-01,7.320723e+00,2.023457e-01,2.187500e+02,2.291667e+02,2.604167e+02,2.812500e+02,7.204254e-01,2.397311e+00,2.268636e+05,8.340736e+00,1.134915e+02,-1.340860e+00,2.387999e+01,1.826239e+00,4.260732e+01,-1.815322e+01,-6.202967e+00,-1.301298e+01,-1.219965e+01,-2.504484e+01,-1.744669e+01,-3.798312e+01,-7.884743e+00,-2.297894e+01,4.339369e+00,7.457739e-03,4.166038e-03,6.181124e-03,5.620951e-03,1.275477e-01,9.080407e-02,-2.304241e-02,6.562500e-03,-3.551162e-02,-8.381748e-02,-1.006090e-01,3.073839e-02,-4.711984e-02,1.683777e-02,-6.169074e-02,-1.636976e-02,-1.984459e-03,4.822132e-03,-6.899656e-02,-8.819960e-02,-4.135324e-02,6.610131e-03,3.039363e-01,1.552040e-01,5.209790e-01,6.892697e-01,4.489265e-01,3.466895e-01,6.666322e-02,8.515686e-02,1.608919e-01,8.465207e-02,3.176749e-02,-4.658598e-02,-1.457076e+00,1.161215e-01,5.208333e+00,8.333333e+00,8.333334e+00,1.552083e+02,4.938472e-02,1.985178e-01,1.229069e+05,-3.672455e+00,-1.099430e+02,2.627688e-01,-3.677673e+00,-3.374575e+00,5.984306e+00,-4.438598e+00,-5.916010e+00,-1.520856e+00,-3.595002e+00,-9.374118e+00,2.180673e-01,-3.655679e+00,5.322069e+00,-1.351318e-02
fru,1.310000,2.443561e+02,8.034844e-01,2.215079e-02,2.931404e-02,4.181561e-02,1.632340e+00,1.143900e+00,2.193072e-01,3.958333e-02,1.297970e-01,4.879351e-01,9.410391e-01,8.638949e-01,7.852015e-01,5.884089e-01,5.164320e-01,4.641952e-01,5.165902e-01,4.620605e-01,5.535589e-01,5.352736e-01,7.397572e-01,1.330566e+00,1.624786e+00,1.327456e+00,2.349558e+00,2.793587e+00,2.207934e+00,2.164850e+00,1.737774e+00,1.569538e+00,1.914563e+00,1.502498e+00,9.743726e-01,6.597671e-01,6.017038e+00,3.600739e-01,2.187500e+02,2.395833e+02,2.708333e+02,3.541667e+02,7.348569e-01,2.645494e+00,3.697880e+05,4.322278e+00,2.185323e+01,-1.107944e+00,1.976826e+01,-1.534296e+00,4.916820e+01,-1.892122e+01,-1.464999e+01,-1.874931e+01,-1.820675e+01,-3.526308e+01,-1.495846e+01,-4.027789e+01,-1.676776e+00,-2.370089e+01,3.222046e+00,7.152414e-03,2.662943e-03,4.825850e-03,1.167469e-02,1.243076e-01,1.279045e-01,-1.257223e-02,9.375000e-03,-3.407677e-02,-7.975350e-02,-8.995661e-02,5.469052e-02,-2.661803e-02,4.349066e-02,-6.525928e-02,-2.106836e-02,-7.072496e-03,2.071944e-02,-2.298830e-02,-2.257747e-02,-2.895615e-02,3.242766e-02,4.818576e-01,2.173082e-01,6.185991e-01,8.347080e-01,5.812733e-01,3.783293e-01,5.955400e-02,1.027160e-01,2.392869e-01,8.449866e-02,2.356553e-02,-4.917917e-02,-9.174129e-01,1.241257e-01,4.166669e+00,8.333333e+00,8.333334e+00,3.385417e+02,-2.103466e-02,1.764784e-01,1.248222e+05,-2.515130e+00,-6.393407e+01,1.624957e-01,-2.452696e+00,-3.031633e+00,4.068641e+00,-3.638727e+00,-4.987854e+00,-3.203030e+00,-2.451785e+00,-6.968780e+00,1.243373e+00,4.902267e-03,3.311182e+00,-4.244787e+00
fru,1.320000,2.467618e+02,8.094701e-01,2.046529e-02,2.842904e-02,4.395762e-02,1.761103e+00,1.309327e+00,2.125016e-01,5.416666e-02,9.543264e-02,4.088262e-01,8.555003e-01,9.422751e-01,7.743266e-01,6.473967e-01,4.418252e-01,4.324474e-01,5.066194e-01,4.925605e-01,5.601602e-01,5.535004e-01,7.207997e-01,1.402738e+00,2.262798e+00,1.570033e+00,3.097801e+00,3.831748e+00,2.934518e+00,2.576870e+00,1.774079e+00,1.692550e+00,2.259167e+00,1.598273e+00,9.996464e-01,6.106088e-01,5.537780e+00,4.893025e-01,2.187500e+02,250,2.812500e+02,9.791667e+02,6.559847e-01,2.820785e+00,5.025704e+05,3.432807e+00,1.412174e+01,-1.029768e+00,1.885358e+01,-4.702077e+00,4.895984e+01,-2.333974e+01,-1.657248e+01,-2.148156e+01,-1.582507e+01,-4.001470e+01,-1.435902e+01,-3.781482e+01,-3.142217e-01,-3.398281e+01,2.451878e+00,3.916127e-03,-1.690961e-03,-1.613518e-03,1.203707e-02,9.041528e-02,1.271880e-01,2.597441e-03,8.645833e-03,-2.607740e-02,-6.468521e-02,-7.030685e-02,5.637413e-02,-1.169900e-02,6.322781e-02,-3.637383e-02,-7.992432e-03,-1.925545e-02,2.051767e-02,1.417461e-02,2.876393e-02,-2.491107e-02,1.751288e-02,5.515375e-01,2.735944e-01,5.471848e-01,7.202505e-01,5.582375e-01,3.183821e-01,6.141614e-02,8.160947e-02,2.399602e-01,5.570988e-02,3.681576e-03,-4.394527e-02,-7.485680e-02,8.925934e-02,3.125001e+00,5.208333e+00,3.125003e+00,3.770833e+02,4.544020e-03,6.715868e-02,7.952834e+04,-1.069237e+00,-2.041496e+01,9.371484e-03,-1.060140e+00,-1.572194e+00,2.277496e+00,-3.207497e+00,-3.632552e+00,-1.601506e+00,5.680865e-01,-2.727805e+00,7.265032e-01,2.217063e+00,-8.357979e-01,-6.445970e+00
fru,1.330000,2.487725e+02,8.096812e-01,1.838332e-02,2.575935e-02,7.796063e-02,1.822450e+00,1.441187e+00,2.231253e-01,6.354167e-02,7.479396e-02,3.518523e-01,7.943569e-01,1.001152e+00,7.780125e-01,7.302367e-01,4.267201e-01,4.294131e-01,4.694428e-01,5.115878e-01,6.110545e-01,6.220306e-01,6.951521e-01,1.412688e+00,2.940338e+00,1.868484e+00,3.609966e+00,4.478028e+00,3.501180e+00,2.865517e+00,1.823601e+00,1.761442e+00,2.522305e+00,1.638735e+00,9.889930e-01,5.637689e-01,5.474240e+00,5.732986e-01,2.291667e+02,250,2.812500e+02,1.604167e+03,5.776364e-01,2.834848e+00,5.863448e+05,3.025934e+00,1.112434e+01,-1.023237e+00,1.853460e+01,-4.875546e+00,5.165565e+01,-2.765336e+01,-2.229771e+01,-2.240951e+01,-1.482441e+01,-3.858056e+01,-1.172074e+01,-3.276924e+01,-4.785199e+00,-4.224728e+01,2.104842e+00,6.159305e-04,-4.658976e-03,-6.864420e-03,1.524371e-02,4.639288e-02,8.730529e-02,1.556173e-02,3.124999e-03,-1.473297e-02,-4.242894e-02,-4.407194e-02,3.974112e-02,-1.342990e-02,6.282320e-02,9.269500e-03,2.359477e-02,-2.235981e-02,1.730367e-02,3.187294e-02,5.379661e-02,-2.027672e-02,-2.607344e-02,4.309711e-01,3.137426e-01,3.171668e-01,3.775249e-01,3.740355e-01,1.905755e-01,8.186406e-02,3.877696e-02,1.423306e-01,3.801870e-03,-2.293389e-02,-3.294573e-02,8.710238e-01,2.071803e-02,3.125001e+00,2.083334e+00,-1.041666e+00,1.687500e+02,3.327454e-02,-6.464777e-02,-1.209366e+03,1.443786e-01,1.909133e+00,-1.585402e-01,2.457745e-01,-5.667313e-01,1.056669e+00,-2.394034e+00,-1.003411e+00,6.872234e-02,1.858363e+00,8.555603e-02,-8.665514e-01,2.087634e+00,-3.637578e+00,-5.179215e+00
fru,1.340000,2.510059e+02,8.071132e-01,5.009017e-03,5.737996e-03,6.706239e-02,1.844724e+00,1.499887e+00,2.508298e-01,6.250000e-02,6.779235e-02,3.231063e-01,7.644279e-01,1.017751e+00,7.578413e-01,8.015746e-01,4.747585e-01,4.756963e-01,4.419152e-01,5.152275e-01,6.478024e-01,6.894165e-01,6.625933e-01,1.333457e+00,3.320914e+00,2.232726e+00,3.767135e+00,4.599899e+00,3.741573e+00,2.967409e+00,1.931520e+00,1.765942e+00,2.590528e+00,1.612190e+00,9.522836e-01,5.415838e-01,7.217838e+00,5.420300e-01,2.291667e+02,250,2.708333e+02,1.541667e+03,8.217557e-01,2.638428e+00,5.162269e+05,3.642724e+00,1.678113e+01,-1.336357e+00,1.919612e+01,-4.364104e+00,5.275107e+01,-2.982463e+01,-2.054187e+01,-1.919041e+01,-1.105039e+01,-3.702513e+01,-1.543304e+01,-3.065214e+01,-1.050952e+01,-4.593560e+01,1.612071e+00,-3.477931e-04,-4.206478e-03,-6.293184e-03,1.383902e-02,-9.016442e-03,2.654817e-02,1.841595e-02,-4.166665e-03,-4.631663e-03,-1.990170e-02,-1.766165e-02,2.182003e-02,-2.644471e-02,3.814276e-02,3.753643e-02,4.896514e-02,-1.431605e-02,1.771938e-02,2.497745e-02,4.813962e-02,-7.154000e-03,-5.916999e-02,1.524806e-01,3.014134e-01,3.586910e-02,-1.896839e-02,1.201646e-01,4.348004e-02,8.774475e-02,-3.825569e-03,2.738070e-03,-5.308587e-02,-4.899102e-02,-1.678883e-02,1.277607e+00,-4.735157e-02,2.083334e+00,0,-3.124997e+00,-2.083333e+02,9.200975e-02,-1.585728e-01,-7.703852e+04,6.554715e-01,6.496661e+00,-2.273756e-01,4.629244e-01,3.727532e-01,7.351059e-01,-1.966763e-01,8.096243e-01,7.761661e-01,1.435303e+00,2.861412e-01,-2.898293e+00,3.366852e-02,-3.860303e+00,-1.107898e+00
fru,1.350000,2.527582e+02,8.077425e-01,6.584050e-03,6.337460e-03,1.064818e-01,1.822494e+00,1.485146e+00,2.779517e-01,5.104166e-02,6.995226e-02,3.186503e-01,7.662156e-01,1.024862e+00,7.262947e-01,8.254359e-01,5.463128e-01,5.605446e-01,4.371433e-01,5.372453e-01,6.691025e-01,7.362986e-01,6.674768e-01,1.234839e+00,3.250584e+00,2.564822e+00,3.600725e+00,4.297136e+00,3.674583e+00,2.922458e+00,2.068373e+00,1.726727e+00,2.460536e+00,1.514549e+00,8.833845e-01,5.295510e-01,9.532128e+00,4.373003e-01,2.291667e+02,250,2.708333e+02,9.166667e+02,8.183441e-01,2.413434e+00,3.569129e+05,4.939213e+00,3.006920e+01,-1.747351e+00,2.082586e+01,-4.536939e+00,5.255593e+01,-2.764894e+01,-1.768235e+01,-1.955128e+01,-1.130228e+01,-3.633008e+01,-1.875421e+01,-3.342106e+01,-1.476702e+01,-4.362057e+01,7.932510e-01,-1.513922e-03,-1.439542e-03,-2.741785e-03,1.260300e-02,-8.357097e-02,-3.577219e-02,5.913445e-03,-7.916666e-03,1.164591e-03,-4.589451e-03,-2.134615e-03,9.310734e-03,-5.104611e-02,-6.516206e-03,3.380255e-02,4.766088e-02,2.732423e-03,2.357933e-02,5.053979e-03,2.010888e-02,8.047134e-03,-5.729222e-02,-1.552152e-01,1.878307e-01,-2.041554e-01,-3.361196e-01,-1.077289e-01,-9.025779e-02,3.103311e-02,-2.960843e-02,-9.622653e-02,-9.267300e-02,-6.461139e-02,-2.226561e-03,6.930721e-01,-9.671243e-02,0,0,-2.083331e+00,-3.906250e+02,5.503201e-02,-1.763560e-01,-1.087225e+05,1.004028e+00,1.108504e+01,-1.187238e-01,3.188952e-01,8.694050e-01,-3.926975e-01,1.754654e+00,2.772033e+00,8.038875e-01,1.028824e+00,-8.368309e-01,-3.735126e+00,-2.757168e+00,-2.025654e+00,1.226221e+00
fru,1.360000,2.528293e+02,8.087005e-01,5.332537e-03,6.674070e-03,9.889216e-02,1.715999e+00,1.420088e+00,2.771682e-01,3.958334e-02,7.469518e-02,3.259187e-01,7.812627e-01,1.039520e+00,6.679619e-01,7.905110e-01,5.697110e-01,6.117074e-01,4.511889e-01,5.683287e-01,6.560234e-01,7.370644e-01,6.988673e-01,1.195813e+00,2.870079e+00,2.728931e+00,3.281767e+00,3.827352e+00,3.448639e+00,2.765799e+00,2.090417e+00,1.690780e+00,2.303742e+00,1.394937e+00,8.074955e-01,5.437736e-01,9.896873e+00,3.205439e-01,2.291667e+02,250,2.708333e+02,2.812500e+02,9.956796e-01,2.238628e+00,2.320937e+05,5.753525e+00,3.713262e+01,-1.804589e+00,2.002257e+01,-3.007614e+00,5.218523e+01,-2.432533e+01,-1.483204e+01,-1.902985e+01,-1.040962e+01,-3.970923e+01,-2.533375e+01,-3.732056e+01,-1.462483e+01,-3.883565e+01,3.444824e-02,-6.007457e-03,2.246581e-03,2.185027e-03,1.157257e-02,-1.638040e-01,-8.988553e-02,-1.726701e-02,-6.979166e-03,1.945399e-03,-2.575496e-03,-8.549869e-03,-7.606518e-03,-7.302515e-02,-5.017614e-02,4.702461e-03,1.616493e-02,1.300896e-02,2.188956e-02,-1.503030e-02,-1.638606e-02,7.602310e-03,-4.159582e-02,-3.634537e-01,-2.245555e-02,-3.693592e-01,-5.298023e-01,-2.669165e-01,-1.883917e-01,-9.105223e-02,-4.416230e-02,-1.444705e-01,-1.040604e-01,-6.594677e-02,2.678275e-03,-7.959738e-01,-1.092362e-01,0,0,0,-3.156250e+02,-4.874748e-03,-1.195716e-01,-8.440461e+04,9.579405e-01,1.193308e+01,1.508845e-01,-1.118101e-01,1.670632e+00,-1.663190e+00,1.841274e+00,2.288568e+00,1.819548e-01,1.712876e-01,-8.457855e-01,-2.581821e+00,-3.488085e+00,5.247875e-01,1.203215e+00
fru,1.370000,2.518271e+02,8.013180e-01,1.102385e-02,1.158239e-02,1.250607e-01,1.468958e+00,1.302225e+00,2.395234e-01,3.541667e-02,7.716551e-02,3.274989e-01,7.752664e-01,1.036821e+00,5.677217e-01,7.031875e-01,5.482566e-01,5.997120e-01,4.784681e-01,6.029339e-01,6.322139e-01,6.987510e-01,7.172508e-01,1.195049e+00,2.389680e+00,2.559535e+00,2.831873e+00,3.183703e+00,3.109003e+00,2.515033e+00,1.899319e+00,1.650981e+00,2.184566e+00,1.283997e+00,7.383301e-01,5.515411e-01,7.600083e+00,2.004796e-01,2.291667e+02,250,2.708333e+02,2.812500e+02,7.658345e-01,2.152968e+00,1.847987e+05,6.990673e+00,5.637380e+01,-1.382739e+00,1.971585e+01,-1.206766e+00,4.997509e+01,-2.162974e+01,-1.129245e+01,-1.847036e+01,-1.000068e+01,-4.142266e+01,-2.544601e+01,-4.322087e+01,-1.285581e+01,-3.966615e+01,-2.691879e-01,-1.595275e-02,3.600785e-03,3.178468e-03,4.649738e-03,-2.272771e-01,-1.337298e-01,-3.895631e-02,-3.124999e-03,-6.968707e-04,-1.249760e-02,-3.740083e-02,-4.375388e-02,-8.468224e-02,-7.484524e-02,-2.533111e-02,-2.333184e-02,8.412778e-03,5.522966e-04,-3.225148e-02,-4.933463e-02,-1.625494e-02,-5.035561e-02,-4.438759e-01,-2.551642e-01,-4.659452e-01,-6.190775e-01,-3.731011e-01,-2.565264e-01,-2.243180e-01,-7.081702e-02,-1.798793e-01,-9.055568e-02,-5.238985e-02,-3.554630e-03,-2.005085e+00,-1.008512e-01,-2.083334e+00,0,0,-125,-4.874824e-02,-3.682392e-02,-4.814874e+04,8.247032e-01,1.181787e+01,3.680952e-01,-1.067270e-01,2.261686e+00,-3.359608e+00,9.977690e-01,8.887259e-01,-3.095198e-01,-2.232625e-01,1.176243e+00,6.984921e-02,-2.737065e+00,1.631674e+00,-7.856953e-01
fru,1.380000,2.516437e+02,7.802882e-01,1.402203e-02,1.404067e-02,1.156357e-01,1.202472e+00,1.141920e+00,1.837090e-01,3.541667e-02,7.391272e-02,3.058046e-01,7.171531e-01,9.737391e-01,4.720021e-01,6.118181e-01,4.972989e-01,5.369373e-01,4.862976e-01,5.918310e-01,5.910951e-01,6.262600e-01,6.757179e-01,1.145373e+00,1.934098e+00,2.123092e+00,2.304765e+00,2.507604e+00,2.689781e+00,2.229163e+00,1.560787e+00,1.583003e+00,2.006161e+00,1.207164e+00,6.950769e-01,5.439801e-01,4.203991e+00,1.142593e-01,2.291667e+02,250,2.708333e+02,2.812500e+02,8.236368e-01,2.170803e+00,1.802610e+05,7.406696e+00,6.329422e+01,-7.642400e-01,1.919208e+01,2.323971e+00,4.572554e+01,-2.362786e+01,-1.229397e+01,-1.882109e+01,-1.084475e+01,-3.870776e+01,-2.499624e+01,-4.319266e+01,-8.841184e+00,-4.189674e+01,-5.054805e+01,-2.548380e-02,-1.445688e-04,-6.384028e-04,-2.014864e-02,-2.459040e-01,-1.631677e-01,-5.031411e-02,2.083333e-03,-3.873192e-03,-2.826761e-02,-7.878447e-02,-9.828374e-02,-7.549667e-02,-7.383585e-02,-3.539970e-02,-3.835898e-02,-9.100730e-03,-3.237852e-02,-4.044765e-02,-6.473650e-02,-4.368733e-02,-9.426253e-02,-4.382916e-01,-4.097608e-01,-5.045961e-01,-6.294227e-01,-4.484218e-01,-3.034688e-01,-2.943818e-01,-1.202860e-01,-2.408195e-01,-7.887044e-02,-3.592385e-02,-2.120481e-02,-2.325706e+00,-7.714369e-02,-5.208336e+00,-2.083334e+00,6.250000e+00,3.437500e+01,-7.607181e-02,1.290323e-01,-2.515016e+02,2.843712e-01,5.198298e+00,4.239205e-01,4.051306e-01,1.616849e+00,-5.213305e+00,-8.422546e-02,-6.288195e-02,-4.015095e-01,5.277997e-01,4.846185e+00,4.076678e+00,6.595749e-01,9.766941e-01,-1.472106e+00
fru,1.390000,2.520051e+02,7.421849e-01,2.024323e-02,1.854650e-02,1.213587e-01,9.428722e-01,9.555810e-01,1.298998e-01,3.750000e-02,6.685913e-02,2.662193e-01,6.112662e-01,8.389835e-01,4.008634e-01,5.405561e-01,4.558633e-01,4.812704e-01,4.616528e-01,5.282556e-01,5.403093e-01,5.450277e-01,5.977768e-01,1.008281e+00,1.499195e+00,1.591921e+00,1.759500e+00,1.861623e+00,2.188507e+00,1.908144e+00,1.211598e+00,1.426530e+00,1.709930e+00,1.155657e+00,6.776446e-01,5.116746e-01,2.353146e+00,3.618641e-02,2.187500e+02,250,2.708333e+02,2.916667e+02,6.606243e-01,2.263227e+00,1.420855e+05,8.236143e+00,7.607777e+01,-4.270494e-01,2.070748e+01,4.105698e+00,3.898773e+01,-2.300883e+01,-1.450775e+01,-2.120325e+01,-1.220102e+01,-3.094960e+01,-1.857372e+01,-4.417034e+01,-9.500470e+00,-4.601851e+01,-7.552979e+01,-2.829298e-02,-3.606972e-03,-3.720545e-03,-3.657572e-02,-2.234942e-01,-1.703250e-01,-4.907248e-02,6.562500e-03,-5.032502e-03,-4.048292e-02,-1.130305e-01,-1.482094e-01,-5.133516e-02,-5.610258e-02,-3.319672e-02,-2.864549e-02,-2.967324e-02,-6.067400e-02,-4.109722e-02,-6.020296e-02,-5.249209e-02,-1.445327e-01,-3.902823e-01,-4.291411e-01,-4.713589e-01,-5.619560e-01,-4.796097e-01,-3.316770e-01,-2.781259e-01,-1.733730e-01,-3.016323e-01,-8.413026e-02,-2.656743e-02,-3.588987e-02,-1.796446e+00,-4.836631e-02,-8.333334e+00,-5.208333e+00,7.291663e+00,6.458333e+01,-8.072334e-02,2.627566e-01,3.297128e+04,-3.589165e-01,-4.144226e+00,3.266087e-01,5.140702e-01,7.034990e-01,-5.551274e+00,6.932583e-01,2.904911e-01,5.276018e-01,1.335217e+00,6.481255e+00,6.357316e+00,5.051747e+00,6.911631e-02,1.662266e-01
fru,1.400000,0,7.108480e-01,0,0,0,7.495218e-01,7.775712e-01,8.040941e-02,4.895833e-02,6.048240e-02,2.152204e-01,4.693405e-01,6.470204e-01,3.739077e-01,5.026474e-01,4.389091e-01,4.791333e-01,4.140929e-01,4.437752e-01,4.997375e-01,4.902436e-01,5.401676e-01,8.178840e-01,1.123863e+00,1.163935e+00,1.294973e+00,1.341278e+00,1.666778e+00,1.551900e+00,9.623678e-01,1.201575e+00,1.336962e+00,1.064754e+00,6.582190e-01,4.576828e-01,8.918114e-01,1.697201e-02,2.083333e+02,2.395833e+02,3.020833e+02,4.479167e+02,6.679257e-01,2.828660e+00,2.521928e+05,6.552646e+00,5.327212e+01,-1.628318e-01,2.155241e+01,2.420400e+00,3.161238e+01,-2.405691e+01,-1.353880e+01,-1.967095e+01,-6.670447e+00,-2.071484e+01,-8.386504e+00,-3.354795e+01,-1.141903e+01,-4.302000e+01,-7.552925e+01,-2.170445e-02,-4.828729e-03,-4.662783e-03,-3.526301e-02,-1.789000e-01,-1.548036e-01,-3.846001e-02,8.020833e-03,-2.771458e-03,-4.263584e-02,-1.247473e-01,-1.709761e-01,-3.171203e-02,-3.981364e-02,-2.776924e-02,-1.378045e-02,-4.005497e-02,-6.583628e-02,-3.173807e-02,-3.929531e-02,-3.538091e-02,-1.674904e-01,-3.206356e-01,-3.472456e-01,-3.790889e-01,-4.494266e-01,-4.506651e-01,-3.408455e-01,-2.122698e-01,-2.018251e-01,-3.094547e-01,-1.059287e-01,-3.032412e-02,-4.318364e-02,-1.026893e+00,-2.490364e-02,-8.333333e+00,-8.333333e+00,4.166663e+00,6.875000e+01,-1.268865e-01,2.807111e-01,4.255926e+04,-5.859884e-01,-7.194845e+00,1.864245e-01,5.967239e-01,-1.719586e-01,-4.440928e+00,2.502081e+00,2.408449e+00,2.237854e+00,2.473243e+00,5.506939e+00,8.125682e+00,7.289004e+00,-3.753479e-01,1.749735e+00
fru,1.410000,0,6.945732e-01,0,0,0,5.779617e-01,6.327743e-01,4.581073e-02,6.145833e-02,5.871816e-02,1.703764e-01,3.340204e-01,4.591338e-01,3.600931e-01,4.772600e-01,4.114679e-01,4.853865e-01,3.662043e-01,3.735918e-01,4.724066e-01,4.657444e-01,5.225654e-01,6.361301e-01,8.433854e-01,8.934085e-01,9.799743e-01,9.570856e-01,1.222456e+00,1.195280e+00,8.078985e-01,9.748294e-01,1.011003e+00,9.345505e-01,6.239219e-01,4.152404e-01,2.739451e-01,7.291735e-03,1.979167e+02,2.291667e+02,2.916667e+02,5.208333e+02,4.400734e-01,3.137822e+00,3.136892e+05,5.623116e+00,4.066372e+01,-5.039953e-02,2.110604e+01,2.262515e+00,2.927530e+01,-1.794892e+01,-9.217586e+00,-1.540742e+01,-5.411743e+00,-1.801286e+01,-1.964304e+00,-2.278448e+01,-1.122131e+01,-3.827338e+01,-5.040102e+01,-1.499646e-01,-4.048646e-03,-3.709300e-03,-2.427173e-02,-1.193663e-01,-1.217945e-01,-2.406375e-02,5.833334e-03,1.890396e-03,-3.494784e-02,-1.091947e-01,-1.558182e-01,-2.268291e-02,-3.222472e-02,-2.995610e-02,-1.669642e-02,-3.654366e-02,-5.090470e-02,-1.766332e-02,-1.453532e-02,-9.635407e-03,-1.525260e-01,-2.325386e-01,-2.280881e-01,-2.589882e-01,-3.126529e-01,-3.608204e-01,-3.130947e-01,-1.417634e-01,-1.845957e-01,-2.548443e-01,-1.187402e-01,-3.956480e-02,-3.952663e-02,-5.187939e-01,-7.751293e-03,-3.125000e+00,-8.333333e+00,-6.250003e+00,1.875000e+01,-1.464374e-01,1.259704e-01,1.874527e+04,-3.171021e-01,-3.639001e+00,9.411506e-02,3.257542e-01,8.382475e-02,-1.624810e+00,4.101665e+00,3.076059e+00,2.765951e+00,1.555971e+00,1.847012e+00,6.838411e+00,6.479665e+00,2.986445e-01,2.776295e+00
fru,1.420000,0,6.955718e-01,0,0,0,4.904274e-01,5.293049e-01,3.345345e-02,6.354167e-02,6.412592e-02,1.405469e-01,2.320396e-01,3.087836e-01,3.338270e-01,4.443980e-01,3.806504e-01,4.659770e-01,3.337470e-01,3.399816e-01,4.663561e-01,4.694251e-01,5.364190e-01,4.939962e-01,6.588247e-01,7.361202e-01,7.990837e-01,7.127392e-01,9.194808e-01,8.813680e-01,7.012877e-01,7.997276e-01,8.083507e-01,7.880735e-01,5.703177e-01,3.762790e-01,1.091285e-01,4.188435e-03,1.979167e+02,2.187500e+02,2.812500e+02,5.104167e+02,2.994797e-01,3.137061e+00,3.072554e+05,5.783268e+00,4.502702e+01,-2.044220e-02,2.197642e+01,2.385770e+00,2.837711e+01,-1.364741e+01,-2.896813e+00,-1.052974e+01,-1.873172e+00,-1.764144e+01,7.327459e+00,-1.744056e+01,-9.857503e+00,-3.702063e+01,4.197481e+01,-6.110836e-02,0,0,0,-7.211856e-02,-8.343697e-02,-1.089899e-02,1.875000e-03,6.266780e-03,-2.141036e-02,-7.430966e-02,-1.120105e-01,-2.229133e-02,-3.209909e-02,-3.693522e-02,-3.831439e-02,-2.528125e-02,-3.010713e-02,-7.709301e-03,1.935887e-03,8.004135e-03,-1.104110e-01,-1.469673e-01,-1.299810e-01,-1.513025e-01,-1.811237e-01,-2.445891e-01,-2.491740e-01,-9.318690e-02,-1.381597e-01,-1.679324e-01,-9.907755e-02,-4.328520e-02,-2.990877e-02,-1.642356e-01,-3.105638e-03,1.041666e+00,-5.208333e+00,-1.250000e+01,-3.333333e+01,-1.298316e-01,-3.013234e-02,-6.586445e+03,1.746545e-01,3.198369e+00,2.998151e-02,9.658661e-02,6.587896e-01,6.935328e-01,4.648793e+00,2.291934e+00,1.430326e+00,-1.086605e-01,-1.279420e+00,5.074422e+00,2.452698e+00,1.340947e+00,2.876807e+00
fru,1.430000,0,0,0,0,0,4.755881e-01,4.707417e-01,3.305899e-02,5.937500e-02,7.448936e-02,1.288169e-01,1.839431e-01,2.290108e-01,3.074892e-01,4.085572e-01,3.352121e-01,4.043665e-01,3.191074e-01,3.256290e-01,4.686833e-01,4.827603e-01,5.514741e-01,4.075949e-01,5.690210e-01,6.653876e-01,7.125029e-01,6.126279e-01,7.580538e-01,6.779361e-01,6.333213e-01,7.044749e-01,7.000142e-01,7.002962e-01,5.237712e-01,3.547434e-01,1.505184e-01,3.821726e-03,2.083333e+02,2.187500e+02,250,3.541667e+02,1.126604e-01,2.738878e+00,2.082805e+05,7.035322e+00,6.200531e+01,-2.766881e-02,2.212424e+01,4.542137e+00,3.248131e+01,-7.705257e+00,-4.448449e+00,-1.194410e+01,-6.819805e+00,-2.325124e+01,7.761356e+00,-1.982571e+01,-8.788011e+00,-3.513671e+01,6.221924e+01,1.855544e-02,0,0,0,-3.902709e-02,-4.929019e-02,-3.045992e-03,-6.249998e-04,8.413276e-03,-8.602291e-03,-3.747742e-02,-6.277210e-02,-1.849648e-02,-3.141310e-02,-3.771425e-02,-5.605678e-02,-1.403843e-02,-1.571033e-02,-7.015618e-03,7.225436e-03,1.359504e-02,-6.020069e-02,-8.092005e-02,-6.724847e-02,-7.901089e-02,-7.225809e-02,-1.445968e-01,-1.660652e-01,-6.083148e-02,-8.698728e-02,-9.050477e-02,-5.563667e-02,-3.646468e-02,-2.075644e-02,-2.880017e-02,-1.064369e-03,1.041666e+00,-2.083334e+00,-1.041667e+01,-4.791666e+01,-5.929093e-02,-8.635192e-02,-1.436819e+04,4.889090e-01,8.869130e+00,5.363639e-03,-9.305477e-02,1.193093e+00,1.600649e+00,3.684689e+00,6.844354e-01,-2.500821e-01,-5.207511e-01,-1.401526e+00,3.056799e+00,-2.327162e-01,1.516936e+00,2.811757e+00
fru,1.440000,2.098741e+02,7.525928e-01,0,0,0,4.401158e-01,4.414027e-01,3.229034e-02,5.937500e-02,8.393070e-02,1.289483e-01,1.728308e-01,2.020292e-01,2.887529e-01,3.765033e-01,2.923609e-01,3.280713e-01,3.112350e-01,3.172210e-01,4.630526e-01,4.914151e-01,5.657340e-01,3.800963e-01,5.262087e-01,6.280399e-01,6.721964e-01,6.078888e-01,6.760337e-01,5.647017e-01,5.837219e-01,6.459542e-01,6.527942e-01,6.864939e-01,4.918683e-01,3.383875e-01,1.323469e-01,3.178826e-03,2.083333e+02,2.187500e+02,2.604167e+02,3.645833e+02,1.824741e-01,2.877470e+00,2.719648e+05,6.719816e+00,5.859317e+01,-2.428957e-02,2.152624e+01,4.574537e+00,3.347704e+01,-5.934779e+00,-4.463698e+00,-1.425098e+01,-6.509718e+00,-2.449274e+01,1.212278e+01,-2.276385e+01,-5.930944e+00,-3.020430e+01,6.060155e+01,9.052867e-02,5.574464e-03,0,6.151730e-02,-2.499982e-02,-2.449335e-02,7.414719e-04,-2.812500e-03,7.938322e-03,3.221363e-04,-1.041809e-02,-2.384184e-02,-6.296652e-03,-2.702330e-02,-3.165401e-02,-5.747084e-02,-6.852913e-03,-9.134191e-03,-1.741650e-02,1.488024e-03,1.137195e-02,-1.816206e-02,-3.872523e-02,-3.167289e-02,-4.071015e-02,-3.723770e-03,-8.216931e-02,-8.702467e-02,-3.536253e-02,-4.722795e-02,-3.992622e-02,-1.187910e-02,-2.094618e-02,-1.030885e-02,9.773958e-03,-6.127391e-04,-3.125000e+00,0,-6.250000e+00,-3.333333e+01,6.863691e-04,-7.045863e-02,-1.102274e+04,8.724959e-01,2.101742e+01,-1.660106e-03,-1.789947e-01,1.840078e+00,1.465305e+00,2.489516e+00,-5.483615e-01,-1.121732e+00,-1.212817e-01,-6.789793e-01,3.199181e-01,-8.149298e-01,1.668637e+00,2.893891e+00
fru,1.450000,2.061592e+02,7.588399e-01,0,0,0,4.079820e-01,4.302745e-01,3.116233e-02,6.041667e-02,9.088214e-02,1.331642e-01,1.762377e-01,1.986505e-01,2.901478e-01,3.541419e-01,2.670414e-01,2.740555e-01,3.072681e-01,3.064204e-01,4.389803e-01,4.908766e-01,5.758832e-01,3.920766e-01,5.050932e-01,6.112063e-01,6.483635e-01,6.482204e-01,6.211952e-01,5.232871e-01,5.625240e-01,6.167797e-01,6.362578e-01,7.071570e-01,4.808232e-01,3.304040e-01,1.183350e-01,2.474693e-03,1.979167e+02,2.187500e+02,250,3.541667e+02,2.021216e-01,2.835858e+00,2.594935e+05,7.599387e+00,7.822630e+01,-2.165765e-02,2.086585e+01,7.133595e+00,3.472858e+01,-3.381793e+00,-5.011966e+00,-1.479721e+01,-5.697226e+00,-2.159483e+01,1.092203e+01,-2.128642e+01,-5.599911e+00,-2.762276e+01,3.795795e+01,1.567037e-01,8.383544e-03,8.771838e-05,7.894944e-02,-1.127325e-02,-9.209136e-03,5.362669e-03,-6.458334e-03,7.625414e-03,7.341434e-03,5.137498e-03,-2.055886e-03,1.360512e-02,-2.098863e-02,-1.589523e-02,-4.098923e-02,-2.616382e-03,-2.073088e-03,-2.787970e-02,-6.720999e-03,8.717841e-03,5.813986e-03,-1.830672e-02,-1.565117e-02,-2.554623e-02,1.846029e-02,-5.087952e-02,-3.160210e-02,-1.721352e-02,-2.169544e-02,-8.854168e-03,5.952722e-03,-4.933340e-03,1.809272e-03,5.450922e-02,-5.644251e-04,-6.249999e+00,0,-5.208331e+00,-2.291667e+01,3.682527e-02,-1.090623e-01,-3.472168e+04,1.940461e+00,5.903466e+01,-9.851759e-03,6.387053e-01,2.674521e+00,7.700447e-01,1.793148e+00,-2.694328e-01,-3.229395e-01,1.256464e-01,6.040182e-01,-1.025429e+00,1.336447e-01,6.612676e-01,2.386530e+00
fru,1.460000,1.999281e+02,7.687953e-01,2.787232e-02,0,3.075865e-01,3.992313e-01,4.270718e-01,3.810914e-02,4.895834e-02,9.562113e-02,1.399839e-01,1.838018e-01,2.047546e-01,3.110145e-01,3.364892e-01,2.564657e-01,2.437783e-01,3.054021e-01,3.039149e-01,3.941252e-01,4.728070e-01,5.810742e-01,4.109451e-01,4.971625e-01,6.048464e-01,6.276026e-01,6.763241e-01,5.770636e-01,5.235692e-01,5.598736e-01,6.074355e-01,6.405978e-01,7.252477e-01,4.870608e-01,3.369044e-01,1.740900e-01,1.798256e-03,1.875000e+02,2.187500e+02,250,3.437500e+02,2.581810e-01,2.736278e+00,2.265352e+05,9.863715e+00,1.420036e+02,-3.174831e-02,2.171064e+01,1.029043e+01,3.458000e+01,-3.361563e+00,-5.356862e+00,-1.471184e+01,-3.040871e+00,-2.186454e+01,7.346712e+00,-2.078485e+01,-3.108369e+00,-2.630815e+01,-4.495221e+00,6.463849e-03,1.037479e-02,2.136658e-03,5.126170e-02,1.968863e-02,3.629473e-03,1.193570e-02,-9.687500e-03,1.128381e-02,1.814860e-02,1.907372e-02,1.391197e-02,4.456735e-02,-1.299757e-02,3.930566e-03,-1.684139e-02,3.627658e-03,1.170969e-02,-2.692251e-02,-9.996790e-03,8.137167e-03,1.720956e-02,-2.762976e-03,-5.038363e-03,-1.479145e-02,1.883727e-02,-2.371271e-02,1.944441e-03,-3.647923e-03,-1.314843e-03,9.475296e-03,1.770234e-03,7.859921e-03,2.090531e-02,1.625613e-01,-5.281756e-05,-5.208333e+00,-2.083334e+00,-8.333330e+00,-3.333334e+01,2.969211e-02,-1.853888e-01,-6.740316e+04,2.685499e+00,8.258044e+01,-2.956161e-02,1.658773e+00,3.224256e+00,1.396904e+00,1.912638e+00,-5.883039e-01,9.419137e-01,-1.365215e+00,2.001011e-01,-2.566353e+00,3.303278e-01,9.693013e-01,3.093810e+00
fru,1.470000,1.947627e+02,7.754170e-01,2.798156e-02,4.385919e-04,2.409540e-01,4.396641e-01,4.318615e-01,5.696294e-02,3.229167e-02,1.067712e-01,1.600063e-01,2.041451e-01,2.173687e-01,3.643840e-01,3.236211e-01,2.736836e-01,2.415668e-01,3.089420e-01,3.219166e-01,3.637486e-01,4.584593e-01,5.873932e-01,4.212405e-01,4.920105e-01,5.987285e-01,6.070687e-01,6.707117e-01,5.531414e-01,5.404919e-01,5.591778e-01,6.152571e-01,6.618415e-01,7.106829e-01,5.015083e-01,3.645313e-01,4.021930e-01,1.689885e-03,1.875000e+02,2.187500e+02,2.291667e+02,250,2.589333e-01,2.264163e+00,5.738693e+04,1.516568e+01,3.154734e+02,-7.319824e-02,2.522557e+01,1.505680e+01,3.578005e+01,-2.612384e-02,-5.349031e+00,-1.332836e+01,-7.925997e+00,-2.154525e+01,5.022243e+00,-2.014698e+01,-6.892960e+00,-2.515214e+01,-2.797649e+00,4.712224e-03,1.049502e-02,5.158668e-03,-3.371943e-03,6.444043e-02,2.193232e-02,1.851618e-02,-9.479167e-03,2.073901e-02,3.475214e-02,3.650818e-02,3.573270e-02,8.210655e-02,1.015633e-04,2.271793e-02,6.116062e-03,1.520139e-02,3.281932e-02,-8.858418e-03,-4.223481e-03,1.632226e-02,4.686950e-02,2.676705e-02,8.535976e-03,7.595933e-03,3.092301e-02,2.368811e-02,2.315308e-02,7.768190e-03,1.894304e-02,2.328482e-02,-3.655511e-03,1.999392e-02,4.633776e-02,3.091638e-01,4.186028e-03,-2.083334e+00,-5.208333e+00,-8.333333e+00,-3.020833e+01,3.075093e-02,-1.634195e-01,-5.807536e+04,1.856766e+00,6.181620e+01,-5.666966e-02,1.854225e+00,2.330099e+00,2.503439e+00,2.655582e+00,-1.331825e+00,1.216974e+00,-1.915199e+00,1.129372e+00,-3.143237e+00,-1.063205e+00,2.992206e+00,4.460258e+00
fru,1.480000,1.930962e+02,7.766235e-01,3.788317e-02,1.046399e-02,1.358315e-01,5.227179e-01,4.587565e-01,7.906852e-02,2.500000e-02,1.324052e-01,2.062703e-01,2.542457e-01,2.622299e-01,4.744716e-01,3.267758e-01,3.086927e-01,2.601087e-01,3.285364e-01,3.680213e-01,3.660559e-01,4.576397e-01,6.006648e-01,4.515622e-01,5.189351e-01,6.090870e-01,6.188866e-01,6.908295e-01,5.914971e-01,5.658215e-01,5.671554e-01,6.401413e-01,6.873788e-01,6.935821e-01,5.208254e-01,4.258504e-01,8.032243e-01,3.307143e-03,1.875000e+02,2.083333e+02,2.291667e+02,250,3.025287e-01,2.236374e+00,3.600238e+04,1.636417e+01,3.528718e+02,-1.463273e-01,2.764025e+01,1.673422e+01,3.993582e+01,1.950578e+00,-7.236685e+00,-1.027583e+01,-1.222141e+01,-2.351703e+01,2.240907e+00,-2.168193e+01,-4.379133e-01,-1.597056e+01,1.390442e-01,2.723885e-03,7.795249e-03,8.115235e-03,-6.877448e-02,1.114049e-01,5.191623e-02,2.208829e-02,-5.104167e-03,3.460518e-02,5.353855e-02,5.506537e-02,6.377791e-02,1.121624e-01,2.082035e-02,4.003190e-02,2.395567e-02,3.338725e-02,5.596759e-02,2.304095e-02,1.206824e-02,4.230389e-02,1.514160e-01,1.050394e-01,3.448036e-02,4.268289e-02,7.375659e-02,9.502833e-02,4.365140e-02,2.657290e-02,4.640029e-02,3.750353e-02,7.566762e-03,4.098303e-02,7.401507e-02,4.708393e-01,2.169885e-02,0,-8.333333e+00,-7.291667e+00,-1.041667e+01,3.078485e-02,-7.084372e-02,-1.609743e+04,-5.182809e-01,-1.063778e+01,-8.780313e-02,1.105624e+00,2.883441e-01,3.315580e+00,4.565938e+00,-2.285432e+00,-5.027978e-01,-1.585033e-02,3.507374e+00,-4.385627e+00,-2.567309e+00,6.077529e+00,4.655810e+00
fru,1.490000,1.955869e+02,7.784869e-01,4.746969e-02,2.056134e-02,6.901778e-02,6.684409e-01,5.240937e-01,1.032635e-01,2.500000e-02,1.761851e-01,2.737817e-01,3.235567e-01,3.485763e-01,6.189520e-01,3.595064e-01,3.545176e-01,2.964706e-01,3.717079e-01,4.384638e-01,4.087228e-01,4.773428e-01,6.476992e-01,6.061156e-01,6.280420e-01,6.517659e-01,6.907012e-01,7.955828e-01,7.324190e-01,6.179263e-01,5.977241e-01,6.951420e-01,7.292914e-01,7.047122e-01,5.639105e-01,5.176198e-01,1.349587e+00,2.265039e-02,1.875000e+02,1.979167e+02,2.187500e+02,250,3.337023e-01,2.268713e+00,6.438320e+04,1.363299e+01,2.818732e+02,-2.477165e-01,2.717217e+01,1.556219e+01,4.456787e+01,7.240047e+00,-1.073118e+01,-1.093034e+01,-1.068295e+01,-1.512173e+01,-2.241249e+00,-2.615391e+01,8.025891e+00,-1.049026e+01,2.738426e+00,2.314961e-03,5.636855e-03,7.998955e-03,-3.587556e-02,1.411290e-01,9.392587e-02,2.226655e-02,0,4.553910e-02,6.530551e-02,6.642269e-02,8.648200e-02,1.179417e-01,5.027673e-02,5.479646e-02,3.651320e-02,6.013867e-02,8.128588e-02,5.941619e-02,3.575407e-02,1.047782e-01,3.748239e-01,2.757815e-01,7.672662e-02,7.363258e-02,1.250780e-01,1.677078e-01,6.599786e-02,5.822480e-02,8.415320e-02,6.076695e-02,4.086853e-02,8.030483e-02,9.335517e-02,5.688813e-01,3.848261e-02,0,-6.249999e+00,-3.125001e+00,1.250000e+01,3.416942e-02,5.479405e-02,3.564743e+04,-2.902674e+00,-8.159890e+01,-1.072537e-01,1.184095e-01,-2.062386e+00,1.648586e+00,5.970911e+00,-2.178718e+00,-3.808212e+00,3.684385e+00,5.529998e+00,-5.429806e+00,-3.514835e+00,8.283861e+00,3.241638e+00
fru,1.500000,2.002113e+02,7.808797e-01,5.710450e-02,3.051480e-02,4.968219e-02,8.418675e-01,6.405368e-01,1.254003e-01,2.708333e-02,2.339401e-01,3.507890e-01,3.994229e-01,4.580404e-01,7.445428e-01,4.226483e-01,4.162083e-01,3.361048e-01,4.409554e-01,5.254793e-01,4.868428e-01,5.237065e-01,7.624407e-01,1.075588e+00,9.543436e-01,7.507295e-01,7.992008e-01,9.826715e-01,9.625664e-01,7.031090e-01,6.734650e-01,7.994944e-01,7.943905e-01,7.660668e-01,6.607749e-01,6.304355e-01,2.054589e+00,9.981225e-02,1.875000e+02,1.875000e+02,2.187500e+02,2.916667e+02,3.747207e-01,2.379785e+00,1.425499e+05,8.038654e+00,1.056148e+02,-3.835049e-01,2.626546e+01,1.147945e+01,4.676399e+01,1.583504e+01,-1.409295e+01,-1.842484e+01,-1.741645e+00,-7.539431e+00,-1.094968e+01,-3.061794e+01,1.981985e+01,-1.036004e+01,3.858223e+00,2.458185e-03,2.944033e-04,5.619367e-03,-3.020860e-03,1.347801e-01,1.353737e-01,2.015434e-02,2.291667e-03,4.554169e-02,6.398912e-02,6.718753e-02,8.657036e-02,9.823500e-02,8.447399e-02,6.791445e-02,4.815108e-02,9.162997e-02,1.096531e-01,1.032722e-01,7.862782e-02,2.208914e-01,6.430563e-01,4.822253e-01,1.174679e-01,7.381713e-02,1.385373e-01,1.962368e-01,8.114057e-02,9.679677e-02,1.241619e-01,9.528337e-02,7.862955e-02,1.305068e-01,9.571656e-02,5.878179e-01,4.074239e-02,0,0,-2.083334e+00,1.250000e+01,3.025965e-02,6.214993e-02,3.637530e+04,-2.993659e+00,-8.449448e+01,-1.108461e-01,2.786369e-02,-3.115245e+00,-2.012501e+00,6.232321e+00,3.337558e-01,-6.540979e+00,4.033911e+00,5.657097e+00,-3.763962e+00,-2.405891e+00,5.670300e+00,3.267351e-01
fru,1.510000,2.048973e+02,7.848637e-01,4.655518e-02,3.040796e-02,1.046508e-01,9.857345e-01,8.106007e-01,1.451298e-01,3.125000e-02,2.836993e-01,4.142745e-01,4.636699e-01,5.518735e-01,8.190569e-01,5.270686e-01,4.939081e-01,3.861348e-01,5.534258e-01,6.496170e-01,6.004360e-01,6.041963e-01,1.030396e+00,1.983347e+00,1.653214e+00,9.115403e-01,8.850744e-01,1.150181e+00,1.206146e+00,8.018374e-01,7.971470e-01,9.563465e-01,9.121704e-01,8.787832e-01,8.330577e-01,7.290146e-01,2.620917e+00,1.458504e-01,1.875000e+02,1.979167e+02,2.187500e+02,2.916667e+02,3.936844e-01,2.466428e+00,1.823503e+05,4.815064e+00,3.110740e+01,-4.908780e-01,2.650501e+01,7.372252e+00,4.060889e+01,2.288620e+01,-1.281449e+01,-2.829492e+01,5.256048e+00,-1.884057e+00,-1.553150e+01,-3.325315e+01,2.439746e+01,-1.174921e+01,3.598268e+00,2.058977e-03,-6.710157e-03,1.433873e-03,1.750295e-02,1.046312e-01,1.579291e-01,1.675362e-02,1.875000e-03,3.179273e-02,5.049600e-02,6.058975e-02,6.309068e-02,7.640249e-02,1.211820e-01,8.198224e-02,7.066742e-02,1.270414e-01,1.528189e-01,1.621003e-01,1.533347e-01,3.543352e-01,7.661803e-01,5.863869e-01,1.257659e-01,3.999322e-02,9.724392e-02,1.579997e-01,7.884774e-02,1.340013e-01,1.452997e-01,1.211821e-01,1.014453e-01,1.652038e-01,8.077395e-02,5.302909e-01,1.797355e-02,0,6.249999e+00,0,8.333331e+00,1.365193e-02,3.954816e-02,7.609127e+03,-1.424145e+00,-4.333408e+01,-9.828269e-02,8.245533e-01,-2.849050e+00,-5.952685e+00,3.069184e+00,3.156518e+00,-5.437637e+00,1.159937e+00,3.585866e+00,-9.018733e-01,-1.298986e-01,1.330861e+00,-1.557141e+00
fru,1.520000,2.077321e+02,7.857260e-01,3.981244e-02,3.363752e-02,1.029107e-01,1.037972e+00,9.923713e-01,1.589071e-01,3.333334e-02,3.063566e-01,4.559695e-01,5.201268e-01,5.934331e-01,8.655941e-01,6.653647e-01,5.785697e-01,4.560320e-01,6.958273e-01,8.107101e-01,7.865605e-01,7.873521e-01,1.513773e+00,2.978228e+00,2.417476e+00,1.066539e+00,8.907857e-01,1.206217e+00,1.335818e+00,8.795688e-01,9.514278e-01,1.130349e+00,1.072356e+00,9.996943e-01,1.038786e+00,7.987358e-01,3.106649e+00,1.454191e-01,1.875000e+02,2.083333e+02,2.187500e+02,2.916667e+02,4.238360e-01,2.448266e+00,1.588954e+05,5.804832e+00,5.578235e+01,-5.789772e-01,2.811314e+01,5.252963e+00,3.185280e+01,2.528911e+01,-4.526252e+00,-3.429844e+01,-2.135181e-02,-1.850382e+00,-9.933780e+00,-3.016176e+01,1.972780e+01,-1.370741e+01,2.714758e+00,1.565188e-03,-1.053479e-02,-2.626303e-03,1.280173e-02,7.233944e-02,1.502586e-01,1.374939e-02,0,9.904844e-03,3.080889e-02,5.033159e-02,2.965837e-02,7.278623e-02,1.515293e-01,1.049752e-01,1.247395e-01,1.596867e-01,2.149599e-01,2.319088e-01,2.560813e-01,4.134847e-01,5.967578e-01,4.625666e-01,8.553415e-02,-3.075594e-03,2.918087e-02,7.585053e-02,6.646699e-02,1.634505e-01,1.326555e-01,1.143568e-01,1.021662e-01,1.707377e-01,5.922177e-02,4.677823e-01,-1.246466e-02,0,8.333333e+00,0,2.083337e+00,-4.269153e-03,4.190922e-03,-2.456075e+04,5.196056e-01,1.079575e+01,-8.557637e-02,1.451652e+00,-1.482784e+00,-8.135501e+00,-1.386037e+00,4.512597e+00,-1.170200e+00,-2.314172e+00,2.056751e+00,1.563130e+00,1.628244e+00,-3.005789e+00,-3.601249e+00
fru,1.530000,2.098178e+02,7.863587e-01,2.256493e-02,2.616935e-02,1.299183e-01,1.093545e+00,1.137822e+00,1.702783e-01,3.125000e-02,2.989405e-01,4.736715e-01,5.661535e-01,5.963333e-01,9.404387e-01,8.440582e-01,6.832481e-01,5.898440e-01,8.794788e-01,1.059943e+00,1.069365e+00,1.112194e+00,2.043709e+00,3.485697e+00,2.828410e+00,1.122691e+00,8.448749e-01,1.170030e+00,1.335792e+00,9.239351e-01,1.128749e+00,1.256214e+00,1.196219e+00,1.095125e+00,1.200924e+00,8.373394e-01,3.475012e+00,8.971473e-02,1.875000e+02,2.187500e+02,2.187500e+02,2.916667e+02,3.774043e-01,2.432213e+00,9.425612e+04,7.629173e+00,9.011905e+01,-6.413938e-01,3.037109e+01,4.430189e+00,2.226003e+01,1.785893e+01,2.680616e-01,-3.018173e+01,-5.743412e+00,-3.692325e-02,-7.258564e+00,-2.703149e+01,1.472622e+01,-1.660228e+01,1.754457e+00,1.746094e-03,-1.009301e-02,-5.712379e-03,2.863447e-03,6.655576e-02,1.197948e-01,1.144052e-02,-1.250000e-03,-9.156120e-03,1.312931e-02,3.997109e-02,5.711526e-03,8.816531e-02,1.658945e-01,1.560373e-01,2.091360e-01,1.802515e-01,3.016796e-01,2.900737e-01,3.510234e-01,3.180957e-01,2.041196e-01,1.670505e-01,1.357456e-02,-2.749541e-02,-2.210758e-02,-4.439902e-03,5.634312e-02,1.794458e-01,8.857168e-02,6.604446e-02,9.001949e-02,1.506348e-01,4.289285e-02,4.624799e-01,-1.693687e-02,0,5.208333e+00,2.083334e+00,1.770834e+01,-5.724603e-03,2.058017e-02,-3.122786e+04,1.041768e+00,2.364987e+01,-8.580001e-02,1.838216e+00,-3.720438e-01,-8.383749e+00,-4.405379e+00,3.177307e+00,2.512179e+00,-2.332506e+00,1.132393e+00,1.081561e+00,2.495138e+00,-3.060678e+00,-5.496168e+00
fru,1.540000,2.113248e+02,7.879582e-01,1.642566e-02,1.950259e-02,1.010571e-01,1.149660e+00,1.228219e+00,1.815730e-01,2.708333e-02,2.758437e-01,4.751349e-01,5.998390e-01,5.841023e-01,1.047783e+00,1.021800e+00,8.464143e-01,8.579476e-01,1.076362e+00,1.395116e+00,1.411922e+00,1.550114e+00,2.323208e+00,3.308202e+00,2.679578e+00,1.072825e+00,8.039227e-01,1.118651e+00,1.276996e+00,9.743951e-01,1.324916e+00,1.312838e+00,1.224150e+00,1.168727e+00,1.330530e+00,8.723820e-01,3.966453e+00,6.555679e-02,1.875000e+02,2.187500e+02,2.187500e+02,3.020833e+02,3.615150e-01,2.417846e+00,6.379325e+04,9.229628e+00,1.300878e+02,-7.361288e-01,3.159068e+01,5.536561e+00,1.526092e+01,1.141849e+01,1.928765e+00,-2.333243e+01,-7.812772e+00,1.820758e+00,-7.270492e+00,-2.558755e+01,9.626527e+00,-2.593975e+01,9.706329e-01,2.894431e-03,-7.511412e-03,-6.648643e-03,4.124664e-04,7.443096e-02,8.871311e-02,1.038452e-02,-7.291669e-04,-1.879655e-02,1.237154e-03,2.959834e-02,-4.802942e-05,9.921696e-02,1.560652e-01,2.435574e-01,3.073827e-01,1.904790e-01,4.048938e-01,2.944326e-01,3.671366e-01,9.766011e-02,-1.493459e-01,-7.676570e-02,-4.029476e-02,-2.195984e-02,-3.976071e-02,-4.947172e-02,5.444608e-02,1.754532e-01,3.531015e-02,7.430577e-03,8.203952e-02,1.247051e-01,3.194038e-02,4.392773e-01,-1.599626e-03,0,2.083334e+00,5.208333e+00,2.708333e+01,9.389251e-03,4.980803e-02,-1.614456e+04,3.755972e-01,9.157217e+00,-8.505718e-02,1.610553e+00,-4.292288e-02,-7.010114e+00,-4.645186e+00,5.413837e-01,3.545225e+00,1.606723e+00,4.234940e-01,-1.427266e+00,1.332760e+00,-1.057834e+00,-6.015452e+00
fru,1.550000,2.118732e+02,7.924781e-01,7.783497e-03,8.913535e-03,1.198948e-01,1.262669e+00,1.291651e+00,1.909994e-01,2.812500e-02,2.531752e-01,4.703383e-01,6.236692e-01,5.850965e-01,1.168789e+00,1.178323e+00,1.140172e+00,1.230857e+00,1.264416e+00,1.865812e+00,1.738124e+00,1.977932e+00,2.216157e+00,2.838958e+00,2.357415e+00,9.762702e-01,7.910289e-01,1.083426e+00,1.213357e+00,1.036140e+00,1.507632e+00,1.307960e+00,1.166496e+00,1.244364e+00,1.440359e+00,9.066557e-01,4.503415e+00,1.010972e-01,1.875000e+02,2.187500e+02,2.291667e+02,375,3.962219e-01,2.584538e+00,7.376205e+04,8.311508e+00,1.122040e+02,-8.413022e-01,3.395732e+01,5.370234e+00,6.986090e+00,7.794613e+00,-1.554633e-01,-2.121703e+01,-2.510772e+00,1.942337e+00,-1.145534e+01,-2.306457e+01,1.414470e+01,-3.311388e+01,1.939453e-01,3.810364e-03,-3.591696e-03,-4.913207e-03,-7.253408e-03,6.397177e-02,6.587587e-02,9.550859e-03,4.166668e-04,-1.929131e-02,-4.205269e-03,2.090057e-02,5.003196e-03,8.351864e-02,1.178510e-01,3.158385e-01,3.516059e-01,1.743789e-01,4.626150e-01,2.255527e-01,2.783294e-01,-1.009259e-01,-2.758305e-01,-1.322652e-01,-4.357002e-02,9.301185e-04,-3.958210e-02,-6.774481e-02,5.460667e-02,1.487380e-01,-2.804005e-03,-1.797857e-02,7.099104e-02,8.611115e-02,1.999909e-02,4.446705e-01,1.596361e-02,0,0,6.249999e+00,25,3.001647e-02,4.485884e-02,3.693527e+02,-2.860924e-01,-6.407790e+00,-8.656015e-02,1.130821e+00,-3.441730e-01,-3.958431e+00,-2.364457e+00,-5.386769e-01,1.155147e+00,4.178446e+00,-4.251738e-01,-2.862540e+00,9.423736e-01,-2.171273e-01,-3.900737e+00
fru,1.560000,2.115576e+02,7.971385e-01,9.646099e-03,9.022209e-03,1.099847e-01,1.325564e+00,1.359022e+00,2.004691e-01,3.125000e-02,2.352566e-01,4.638219e-01,6.393606e-01,5.988114e-01,1.247504e+00,1.278558e+00,1.567894e+00,1.672439e+00,1.455754e+00,2.432245e+00,1.924344e+00,2.190166e+00,1.915849e+00,2.554868e+00,2.269145e+00,9.382756e-01,8.079095e-01,1.050715e+00,1.149676e+00,1.095697e+00,1.639252e+00,1.281026e+00,1.124371e+00,1.335272e+00,1.542593e+00,9.237795e-01,4.788834e+00,1.317298e-01,1.875000e+02,2.187500e+02,2.395833e+02,3.854167e+02,4.613734e-01,2.621144e+00,8.841959e+04,7.341650e+00,9.052594e+01,-9.043089e-01,3.437279e+01,4.568326e+00,4.439202e+00,7.095338e+00,-1.607571e+00,-2.105466e+01,6.395946e+00,-7.225420e-01,-1.497172e+01,-2.548142e+01,1.472939e+01,-3.552887e+01,-4.763672e-01,3.733194e-03,-8.106215e-04,-1.809479e-03,-6.858051e-04,2.655966e-02,4.406945e-02,9.298533e-03,5.208338e-04,-1.485213e-02,-5.224225e-03,1.399555e-02,1.007959e-02,4.044982e-02,6.226872e-02,3.046972e-01,2.867179e-01,1.386816e-01,4.152536e-01,9.626015e-02,1.141406e-01,-1.592357e-01,-2.146150e-01,-6.053560e-02,1.892853e-03,3.247339e-02,-3.557010e-02,-7.324094e-02,5.223542e-02,1.096947e-01,-1.695398e-02,7.347822e-04,3.393214e-02,1.109494e-02,1.429868e-03,4.260335e-01,9.900544e-03,0,0,3.125000e+00,0,2.446858e-02,-1.565235e-02,6.238055e+02,-5.653672e-02,4.802673e-01,-7.963319e-02,6.522034e-01,-6.822661e-01,-1.034601e-01,-1.053054e+00,-5.840999e-02,-2.405432e-01,4.255748e+00,-1.054493e+00,-3.028670e+00,1.359068e+00,-1.958731e+00,2.796583e-01
fru,1.570000,2.106712e+02,8.008204e-01,7.996234e-03,6.843502e-03,8.918745e-02,1.325451e+00,1.401800e+00,2.085845e-01,3.125000e-02,2.227775e-01,4.583017e-01,6.508956e-01,6.139948e-01,1.258172e+00,1.304934e+00,1.901701e+00,1.940628e+00,1.561677e+00,2.854453e+00,1.940918e+00,2.183815e+00,1.742759e+00,2.483211e+00,2.372301e+00,9.721153e-01,8.475320e-01,1.006087e+00,1.060728e+00,1.136318e+00,1.715271e+00,1.258100e+00,1.156216e+00,1.366807e+00,1.525448e+00,9.116361e-01,5.287174e+00,1.364463e-01,1.875000e+02,2.187500e+02,2.395833e+02,375,4.775575e-01,2.554859e+00,8.378972e+04,7.142700e+00,7.786102e+01,-9.901045e-01,3.463414e+01,3.193441e+00,7.878738e+00,8.198225e+00,-6.571543e-01,-2.554488e+01,8.044459e+00,-8.911427e-01,-1.772065e+01,-2.237268e+01,1.108915e+01,-3.131140e+01,-8.814789e-01,3.020656e-03,2.012538e-03,1.691476e-03,3.675975e-03,-2.398280e-02,1.120710e-02,1.000267e-02,-9.375000e-04,-8.874960e-03,-3.518012e-03,9.140586e-03,7.122898e-03,-2.003555e-02,-7.993388e-03,1.745520e-01,1.241603e-01,8.390508e-02,2.348516e-01,-4.306635e-02,-5.747993e-02,-8.538692e-02,-1.329955e-01,-5.527129e-02,7.612066e-02,7.201813e-02,-2.496201e-02,-6.956758e-02,5.354848e-02,8.099089e-02,-9.116101e-03,3.746629e-02,-3.343584e-02,-9.139092e-02,-1.939771e-02,5.233934e-01,-1.089712e-02,0,0,-3.125000e+00,-3.333333e+01,6.091437e-03,-1.108080e-01,-1.044491e+04,1.067821e+00,3.137638e+01,-9.218205e-02,4.098358e-02,-3.500170e-01,3.336039e+00,-5.790669e-01,1.852212e+00,5.171652e-01,2.279092e+00,-1.924127e+00,-2.009270e+00,1.964772e+00,-5.485381e+00,3.352869e+00
fru,1.580000,2.095440e+02,8.024530e-01,1.226619e-02,1.149021e-02,1.129818e-01,1.251067e+00,1.393492e+00,2.192731e-01,2.812500e-02,2.167818e-01,4.550321e-01,6.562036e-01,6.200511e-01,1.205341e+00,1.269838e+00,1.989136e+00,1.936652e+00,1.621140e+00,2.977063e+00,1.791826e+00,2.017876e+00,1.763728e+00,2.413000e+00,2.369457e+00,1.084367e+00,9.380381e-01,9.794701e-01,9.871061e-01,1.185483e+00,1.769570e+00,1.252999e+00,1.232964e+00,1.277166e+00,1.343461e+00,8.770412e-01,5.704741e+00,9.738495e-02,1.875000e+02,2.187500e+02,2.291667e+02,3.020833e+02,4.431901e-01,2.354424e+00,6.189844e+04,9.531348e+00,1.496606e+02,-1.059894e+00,3.451329e+01,3.213627e+00,1.429729e+01,5.951415e+00,1.887560e+00,-2.237122e+01,8.188353e+00,-2.034968e+00,-1.928119e+01,-1.913815e+01,1.360645e+00,-2.544270e+01,-9.966858e-01,2.724558e-03,2.124609e-03,3.659759e-03,9.457185e-03,-5.384482e-02,-2.889562e-02,1.050907e-02,-1.666667e-03,-2.424212e-03,-1.731396e-04,6.123161e-03,-2.868807e-03,-8.046474e-02,-7.089321e-02,-1.102271e-02,-6.910863e-02,2.962034e-02,1.244879e-03,-1.387967e-01,-1.782486e-01,1.445366e-02,-1.311573e-01,-1.876168e-01,1.512342e-01,1.105200e-01,-9.248609e-03,-5.422428e-02,6.201179e-02,7.016317e-02,9.607052e-03,5.551503e-02,-1.065752e-01,-1.824655e-01,-3.649011e-02,6.387866e-01,-2.401207e-02,0,0,-6.249999e+00,-3.958333e+01,-2.240415e-02,-1.508381e-01,-1.774431e+04,2.110055e+00,6.514985e+01,-1.102745e-01,-1.617813e-01,2.586446e-01,4.403315e+00,-1.091263e+00,3.558631e+00,2.344727e+00,1.438496e+00,-2.203426e+00,-1.113285e+00,2.295928e+00,-6.943997e+00,3.913226e+00
fru,1.590000,2.084726e+02,8.049241e-01,1.653614e-02,1.613692e-02,1.367762e-01,1.180004e+00,1.330452e+00,2.316108e-01,2.500000e-02,2.180377e-01,4.571431e-01,6.609507e-01,6.100911e-01,1.089693e+00,1.142716e+00,1.802311e+00,1.719552e+00,1.601248e+00,2.767661e+00,1.589051e+00,1.776678e+00,1.865283e+00,2.244914e+00,2.030903e+00,1.283828e+00,1.086055e+00,9.942382e-01,9.468045e-01,1.258989e+00,1.847427e+00,1.276393e+00,1.299530e+00,1.106238e+00,1.082971e+00,8.330364e-01,6.662428e+00,6.378397e-02,1.875000e+02,2.187500e+02,2.187500e+02,250,4.357708e-01,2.163858e+00,3.479807e+04,1.255576e+01,2.395186e+02,-1.224420e+00,3.409200e+01,4.297499e+00,1.873724e+01,5.471241e+00,7.358028e+00,-1.797292e+01,7.988486e+00,-7.022087e+00,-1.934696e+01,-1.641234e+01,-6.597827e+00,-2.139262e+01,-8.915054e-01,3.059828e-03,6.346122e-04,3.005739e-03,1.814888e-03,-5.919807e-02,-5.868137e-02,9.381363e-03,-1.250000e-03,2.944726e-03,2.980551e-03,4.066801e-03,-1.509487e-02,-1.303759e-01,-1.120737e-01,-1.447942e-01,-1.904025e-01,-3.245473e-03,-1.677508e-01,-1.678561e-01,-2.406264e-01,4.671936e-02,-1.673788e-01,-3.549202e-01,2.042646e-01,1.309698e-01,1.457745e-03,-3.122368e-02,6.740384e-02,6.402667e-02,2.729408e-02,4.659700e-02,-1.394189e-01,-2.103803e-01,-4.889902e-02,6.419837e-01,-2.326419e-02,0,0,-5.208333e+00,-3.020833e+01,-4.615865e-02,-1.405965e-01,-1.625016e+04,2.436579e+00,8.124290e+01,-1.122233e-01,-2.513817e-01,7.196546e-01,3.374921e+00,-9.644901e-01,4.369623e+00,3.383292e+00,2.300940e+00,-2.372671e+00,-4.214945e-01,9.560299e-01,-6.036837e+00,1.901616e+00
fru,1.600000,2.076734e+02,8.087094e-01,1.599919e-02,2.267430e-02,1.334763e-01,1.129064e+00,1.250219e+00,2.415013e-01,2.604167e-02,2.255054e-01,4.635355e-01,6.649489e-01,5.864192e-01,9.294195e-01,1.005201e+00,1.562476e+00,1.437434e+00,1.584070e+00,2.481866e+00,1.406294e+00,1.502491e+00,1.926855e+00,2.018230e+00,1.501760e+00,1.538590e+00,1.241248e+00,1.010397e+00,9.355167e-01,1.344420e+00,1.923990e+00,1.319915e+00,1.330289e+00,9.326808e-01,8.515046e-01,7.806289e-01,7.295140e+00,4.800055e-02,1.875000e+02,2.187500e+02,2.187500e+02,250,3.702460e-01,2.062453e+00,2.419388e+04,1.518539e+01,3.354464e+02,-1.338524e+00,3.383496e+01,5.309520e+00,2.102653e+01,3.002514e+00,1.217799e+01,-1.311701e+01,1.361641e+01,-8.674201e+00,-1.972499e+01,-1.698195e+01,-1.114710e+01,-2.092214e+01,-7.150742e-01,3.492653e-03,-2.864406e-03,-3.102057e-04,-1.966089e-02,-5.245862e-02,-7.001399e-02,5.178890e-03,-3.125005e-04,5.209340e-03,3.526631e-03,1.564306e-03,-2.419243e-02,-1.554905e-01,-1.200955e-01,-1.857386e-01,-2.151814e-01,-2.337218e-02,-2.214019e-01,-1.438085e-01,-2.474998e-01,1.468972e-02,-1.780774e-01,-4.158356e-01,2.013434e-01,1.150354e-01,-8.847147e-03,-1.397663e-02,5.392612e-02,3.616492e-02,3.235277e-02,2.347124e-02,-1.215718e-01,-1.762243e-01,-5.633467e-02,4.276795e-01,-1.384618e-02,0,0,-2.083334e+00,-1.041667e+01,-5.937584e-02,-9.162287e-02,-1.018515e+04,2.019088e+00,7.716683e+01,-7.503821e-02,-4.248238e-02,7.844383e-01,1.753912e+00,-2.079798e-01,3.677035e+00,2.381245e+00,2.620032e+00,-1.666897e+00,-5.090591e-01,-1.882130e-01,-3.145346e+00,4.274855e-01
fru,1.610000,2.071489e+02,8.129913e-01,9.302795e-03,1.628015e-02,8.801465e-02,1.090463e+00,1.180030e+00,2.443773e-01,2.604167e-02,2.331394e-01,4.689527e-01,6.668569e-01,5.553364e-01,7.442527e-01,8.768845e-01,1.391060e+00,1.238224e+00,1.563985e+00,2.263298e+00,1.294404e+00,1.238375e+00,1.894792e+00,1.843702e+00,1.031548e+00,1.766326e+00,1.350776e+00,9.979126e-01,9.304040e-01,1.393868e+00,1.958195e+00,1.361112e+00,1.340539e+00,8.419556e-01,7.195251e-01,7.153471e-01,7.701893e+00,4.481754e-02,1.875000e+02,2.187500e+02,2.187500e+02,250,2.832362e-01,1.997862e+00,2.139119e+04,1.649857e+01,3.911826e+02,-1.411906e+00,3.371640e+01,5.743767e+00,2.138873e+01,4.850224e+00,1.604574e+01,-1.325553e+01,1.683513e+01,-9.434883e+00,-1.960622e+01,-1.867063e+01,-1.284116e+01,-2.406360e+01,-5.805985e-01,3.214192e-03,-4.377902e-03,-4.028537e-03,-2.415366e-02,-4.758381e-02,-6.829061e-02,-7.701680e-04,0,3.411345e-03,-3.753006e-04,-4.205620e-03,-2.532039e-02,-1.408263e-01,-9.709777e-02,-1.584167e-01,-1.713597e-01,-3.524165e-02,-1.942362e-01,-1.078606e-01,-2.119602e-01,-4.527097e-02,-1.605738e-01,-3.321193e-01,1.275060e-01,6.559630e-02,-3.511909e-02,-6.470365e-03,1.813796e-02,-2.346803e-02,1.602770e-02,-4.614830e-03,-7.962014e-02,-1.173454e-01,-5.473430e-02,7.002640e-03,-7.751951e-03,0,0,0,0,-5.736277e-02,-4.057611e-02,-4.633763e+03,1.513623e+00,7.502801e+01,1.161814e-04,3.323204e-01,9.227321e-01,5.019464e-01,2.407735e-01,1.236092e+00,1.071342e+00,1.285491e+00,-8.262742e-01,-9.753882e-01,-2.308359e-01,-3.780586e-01,4.058527e-01
fru,1.620000,2.066305e+02,8.158827e-01,1.560833e-03,9.867565e-03,3.905811e-02,1.033544e+00,1.118633e+00,2.387844e-01,2.604167e-02,2.352777e-01,4.667604e-01,6.610720e-01,5.264664e-01,6.006083e-01,8.022764e-01,1.266069e+00,1.101409e+00,1.522910e+00,2.122235e+00,1.220107e+00,1.049528e+00,1.822423e+00,1.723219e+00,7.899564e-01,1.849835e+00,1.380855e+00,9.333971e-01,9.254231e-01,1.387674e+00,1.895011e+00,1.372403e+00,1.329816e+00,8.014483e-01,6.440624e-01,6.542124e-01,7.323406e+00,3.763725e-02,1.875000e+02,2.187500e+02,2.187500e+02,250,2.225781e-01,1.979308e+00,1.767612e+04,1.765538e+01,4.596628e+02,-1.341342e+00,3.448867e+01,6.412684e+00,2.174111e+01,5.222023e+00,1.592888e+01,-1.282369e+01,1.686519e+01,-9.163054e+00,-2.169685e+01,-1.895007e+01,-1.124442e+01,-2.196978e+01,-4.769516e-01,2.194798e-03,-3.268095e-03,-5.201665e-03,-1.403925e-02,-4.753248e-02,-6.518600e-02,-6.380750e-03,-3.124997e-04,-1.396999e-03,-7.798332e-03,-1.306082e-02,-1.710742e-02,-8.496906e-02,-7.125278e-02,-1.276077e-01,-1.011584e-01,-5.190117e-02,-1.684542e-01,-8.192297e-02,-1.589527e-01,-1.012575e-01,-1.498524e-01,-1.864475e-01,7.743061e-03,6.623638e-03,-5.438760e-02,-7.899326e-03,-2.732357e-02,-9.295349e-02,-1.605473e-02,-3.754243e-02,-4.491755e-02,-6.624985e-02,-3.873491e-02,-3.791276e-01,-6.891793e-03,0,0,0,0,-3.204199e-02,-4.695511e-03,-2.875936e+03,1.260514e+00,8.311416e+01,7.048659e-02,6.123985e-01,1.534331e+00,-3.424492e-01,-1.162096e-01,-1.205836e+00,1.038300e+00,-9.478995e-01,-8.167245e-01,-1.855333e+00,1.776798e-01,7.148652e-01,1.964637e+00
fru,1.630000,2.060911e+02,8.174084e-01,1.865809e-03,2.397599e-03,6.321694e-02,9.898446e-01,1.054791e+00,2.291184e-01,2.500000e-02,2.302083e-01,4.536541e-01,6.418610e-01,5.134656e-01,5.499668e-01,7.586896e-01,1.158431e+00,1.030766e+00,1.455620e+00,1.976295e+00,1.142842e+00,9.433581e-01,1.691145e+00,1.589551e+00,7.262079e-01,1.765736e+00,1.344234e+00,8.571426e-01,9.194994e-01,1.328052e+00,1.744577e+00,1.330288e+00,1.276692e+00,7.737538e-01,5.999652e-01,6.225731e-01,6.683308e+00,3.020587e-02,1.875000e+02,2.187500e+02,2.187500e+02,250,2.227909e-01,2.002550e+00,1.488814e+04,1.888888e+01,5.525505e+02,-1.222430e+00,3.542674e+01,8.359577e+00,2.088968e+01,5.565353e+00,1.166304e+01,-1.276287e+01,1.279155e+01,-1.090903e+01,-2.323797e+01,-1.658246e+01,-8.439460e+00,-1.883954e+01,-2.890198e-01,-1.359940e-04,-8.466794e-04,-3.016842e-03,4.664708e-04,-4.384536e-02,-6.354772e-02,-1.053155e-02,-3.124997e-04,-6.458511e-03,-1.595374e-02,-2.335591e-02,-2.504522e-03,-5.357408e-03,-5.192747e-02,-1.132799e-01,-3.388768e-02,-5.842649e-02,-1.729895e-01,-7.118169e-02,-1.090730e-01,-1.419998e-01,-1.659737e-01,-6.907738e-02,-1.025504e-01,-3.993603e-02,-5.046203e-02,-1.293263e-02,-6.350024e-02,-1.396928e-01,-5.011053e-02,-7.352561e-02,-3.320760e-02,-3.458913e-02,-1.028681e-02,-6.522486e-01,-7.648551e-03,0,0,0,0,-8.125466e-03,2.652453e-02,-2.096402e+03,8.876518e-01,7.495287e+01,1.200465e-01,7.572819e-01,1.937375e+00,-9.394953e-01,-1.004154e+00,-2.723155e+00,1.779538e+00,-2.530035e+00,-7.811635e-01,-2.131777e+00,7.149121e-01,5.618251e-01,3.424402e+00
fru,1.640000,2.058176e+02,8.174748e-01,3.377208e-03,3.607246e-03,7.567889e-02,9.417103e-01,9.869077e-01,2.172270e-01,2.500000e-02,2.199859e-01,4.321931e-01,6.121427e-01,5.218175e-01,6.017171e-01,7.080343e-01,1.040751e+00,1.035371e+00,1.378747e+00,1.783096e+00,1.072460e+00,8.552364e-01,1.522392e+00,1.396044e+00,7.221928e-01,1.577601e+00,1.277637e+00,8.088439e-01,9.014723e-01,1.240711e+00,1.566032e+00,1.255053e+00,1.174500e+00,7.421939e-01,5.800353e-01,6.333413e-01,5.908794e+00,2.084742e-02,1.875000e+02,2.187500e+02,2.187500e+02,250,2.402588e-01,2.036632e+00,1.306573e+04,2.029281e+01,6.703333e+02,-1.080829e+00,3.604178e+01,1.167327e+01,1.956380e+01,2.063901e+00,8.340165e+00,-8.171841e+00,1.089870e+01,-1.202075e+01,-2.718578e+01,-1.713764e+01,-9.773623e+00,-1.371098e+01,4.342331e-01,-4.936623e-03,9.617922e-04,-6.331750e-04,1.415246e-03,-3.463211e-02,-5.867196e-02,-1.337073e-02,-2.083331e-04,-9.958166e-03,-2.218238e-02,-3.192916e-02,1.203724e-02,6.228466e-02,-4.481846e-02,-1.035619e-01,3.262298e-02,-4.496108e-02,-1.856004e-01,-5.316157e-02,-7.955135e-02,-1.652832e-01,-1.836660e-01,-1.988940e-02,-1.561455e-01,-6.367292e-02,-2.463975e-02,-1.934555e-02,-8.283214e-02,-1.455360e-01,-7.014833e-02,-1.006275e-01,-2.948543e-02,-1.219741e-02,1.677836e-02,-7.624384e-01,-6.025834e-03,0,0,0,0,4.489870e-03,4.734642e-02,-6.730413e+02,-1.462898e-02,2.956327e+01,1.393309e-01,7.096222e-01,1.689425e+00,-1.748197e+00,-1.486497e+00,-2.501325e+00,2.598331e+00,-2.395147e+00,-1.276595e+00,-1.815813e+00,3.939428e-01,9.270058e-02,3.250546e+00
fru,1.650000,2.061103e+02,8.115153e-01,4.161210e-03,4.326097e-03,7.203662e-02,9.171528e-01,9.281537e-01,2.024982e-01,2.500000e-02,2.084927e-01,4.064677e-01,5.745420e-01,5.451382e-01,7.169113e-01,6.643682e-01,9.373193e-01,1.101805e+00,1.343934e+00,1.567920e+00,1.012319e+00,7.901561e-01,1.334808e+00,1.177421e+00,7.200432e-01,1.389691e+00,1.202704e+00,8.078791e-01,8.777162e-01,1.149849e+00,1.424221e+00,1.169234e+00,1.050569e+00,7.055448e-01,5.785930e-01,6.743486e-01,5.147956e+00,1.496970e-02,1.875000e+02,2.187500e+02,2.187500e+02,250,2.337686e-01,2.101823e+00,1.321438e+04,1.961812e+01,6.606118e+02,-9.419303e-01,3.672625e+01,1.280035e+01,1.777990e+01,1.408516e+00,6.224329e+00,-6.683764e+00,7.168196e+00,-1.191185e+01,-2.752064e+01,-1.600229e+01,-1.076743e+01,-1.107099e+01,1.820070e+00,-9.895414e-03,6.138223e-04,7.657381e-04,-1.010095e-02,-2.557079e-02,-4.710152e-02,-1.583837e-02,0,-1.193064e-02,-2.577159e-02,-3.699096e-02,1.855279e-02,8.870777e-02,-3.960287e-02,-8.864499e-02,8.829409e-02,-1.822411e-02,-1.742766e-01,-2.042776e-02,-6.393398e-02,-1.579550e-01,-1.705892e-01,-1.437102e-02,-1.385592e-01,-6.692024e-02,4.353636e-03,-1.488060e-02,-8.164382e-02,-1.246191e-01,-7.077599e-02,-1.062346e-01,-2.542319e-02,4.319012e-04,2.679547e-02,-8.211853e-01,-3.404946e-03,0,0,0,0,6.614114e-03,5.735505e-02,1.185201e+03,-1.248767e+00,-4.808308e+01,1.492480e-01,4.852444e-01,3.819725e-01,-1.520836e+00,-1.728177e+00,-1.691902e+00,2.767428e+00,-1.348602e+00,-1.167857e+00,-1.297410e+00,-3.968386e-01,2.131705e-01,1.747196e+00
fru,1.660000,2.087921e+02,7.941461e-01,5.222093e-03,5.737441e-03,4.172450e-02,8.967298e-01,8.885919e-01,1.852408e-01,2.500000e-02,1.963447e-01,3.794417e-01,5.350857e-01,5.708162e-01,8.285594e-01,6.253448e-01,8.588156e-01,1.229004e+00,1.353948e+00,1.398421e+00,1.019561e+00,7.283725e-01,1.174175e+00,1.010953e+00,6.935918e-01,1.257130e+00,1.133255e+00,8.348301e-01,8.495870e-01,1.062615e+00,1.327509e+00,1.102188e+00,9.397405e-01,6.881257e-01,5.937614e-01,7.122164e-01,4.278890e+00,1.512616e-02,1.875000e+02,2.187500e+02,2.187500e+02,250,2.395386e-01,2.166404e+00,1.514779e+04,1.721762e+01,5.534485e+02,-7.849372e-01,3.738703e+01,1.263942e+01,1.455501e+01,-1.320420e-01,6.141613e+00,-2.871591e+00,7.701135e+00,-1.504462e+01,-2.863458e+01,-1.727044e+01,-9.616935e+00,-9.601323e+00,3.276231e+00,-1.212368e-02,2.321669e-03,2.323306e-03,-8.581248e-03,1.020791e-02,-2.627243e-02,-1.746714e-02,1.875000e-03,-1.393739e-02,-2.778137e-02,-3.825558e-02,1.541294e-02,7.046567e-02,-2.511265e-02,-6.118989e-02,1.182565e-01,9.724855e-04,-1.395683e-01,1.433308e-02,-4.478807e-02,-1.245253e-01,-1.083112e-01,-1.656896e-03,-5.801250e-02,-3.990290e-02,3.683528e-02,3.459637e-02,-4.095461e-02,-9.714191e-02,-5.735145e-02,-9.216366e-02,-2.006549e-02,1.970303e-03,1.479277e-02,-8.105530e-01,6.412599e-03,2.083334e+00,0,2.083334e+00,1.250000e+01,2.310333e-02,9.640789e-02,2.290344e+04,-2.567645e+00,-1.206426e+02,1.464804e-01,-2.612484e-01,-1.980442e+00,9.266416e-01,-2.678217e+00,-2.674050e+00,2.107814e+00,-1.143677e+00,6.549838e-01,-9.807413e-01,-1.613592e+00,1.743204e+00,-1.313227e+00
fru,1.670000,2.137042e+02,7.795957e-01,4.012479e-03,5.161192e-03,2.968940e-02,8.844810e-01,8.684416e-01,1.659196e-01,2.500000e-02,1.823757e-01,3.511718e-01,4.954347e-01,5.817302e-01,8.800845e-01,6.020200e-01,8.061741e-01,1.375420e+00,1.376899e+00,1.297250e+00,1.067153e+00,6.871201e-01,1.075478e+00,9.291501e-01,6.686533e-01,1.233176e+00,1.081824e+00,8.659177e-01,8.710391e-01,1.008880e+00,1.240743e+00,1.052840e+00,8.628988e-01,6.736720e-01,5.952616e-01,7.171128e-01,3.392334e+00,1.604177e-02,1.875000e+02,2.187500e+02,2.187500e+02,250,2.562215e-01,2.224439e+00,1.977311e+04,1.418264e+01,3.705775e+02,-6.241360e-01,3.718034e+01,9.786364e+00,1.578989e+01,-1.977563e+00,4.302812e+00,-1.575856e+00,7.647326e+00,-1.523638e+01,-2.900062e+01,-1.850025e+01,-7.451952e+00,-1.215839e+01,3.726860e+00,-1.147698e-02,5.396140e-03,2.707664e-03,8.506558e-03,4.743542e-02,3.969550e-03,-1.775663e-02,5.312500e-03,-1.693429e-02,-2.924840e-02,-3.634147e-02,4.443109e-03,2.756185e-02,-2.007031e-03,-2.428815e-02,1.152704e-01,-4.428029e-03,-1.048013e-01,3.242469e-02,-1.832728e-02,-8.058298e-02,-1.076683e-02,5.138827e-02,5.851295e-02,3.454071e-02,9.441575e-02,1.736104e-01,7.366643e-02,-7.189567e-02,-4.035836e-02,-7.375522e-02,-2.114075e-02,-1.045032e-02,-1.730058e-02,-7.574509e-01,1.550057e-02,3.125001e+00,0,5.208333e+00,3.541667e+01,4.246614e-02,1.457497e-01,5.510904e+04,-3.182537e+00,-1.460385e+02,1.364664e-01,-9.306862e-01,-4.668227e+00,4.908215e+00,-5.231568e+00,-3.791181e+00,1.649747e+00,-1.952767e+00,3.302338e+00,-4.102550e-01,-2.941586e+00,3.229238e+00,-4.267195e+00
fru,1.680000,2.184017e+02,7.728162e-01,1.505992e-02,1.480623e-02,5.394626e-02,1.009086e+00,8.854015e-01,1.481806e-01,3.437500e-02,1.633575e-01,3.209342e-01,4.604185e-01,5.805863e-01,8.724589e-01,6.136451e-01,8.003745e-01,1.489846e+00,1.367127e+00,1.220589e+00,1.116708e+00,6.828139e-01,1.029430e+00,9.786232e-01,7.396032e-01,1.365796e+00,1.138563e+00,9.640010e-01,1.077793e+00,1.106422e+00,1.172061e+00,1.026493e+00,8.075163e-01,6.578029e-01,5.815525e-01,6.859230e-01,2.733841e+00,5.237438e-02,1.979167e+02,2.187500e+02,2.291667e+02,3.125000e+02,3.445489e-01,2.457363e+00,1.243036e+05,1.017232e+01,2.121375e+02,-5.073236e-01,3.450850e+01,3.278056e+00,2.519202e+01,-9.634147e+00,-4.069328e+00,-1.867217e-01,4.940753e+00,-7.083565e+00,-3.134950e+01,-2.395662e+01,-2.715341e+00,-1.973342e+01,1.610602e+00,-1.086414e-02,6.261540e-03,3.386577e-03,2.077247e-02,7.479747e-02,4.204203e-02,-1.721846e-02,9.479167e-03,-2.013322e-02,-3.048052e-02,-3.326959e-02,-7.921690e-03,-7.852566e-03,3.328497e-02,1.898838e-02,6.942661e-02,-3.227177e-02,-9.019995e-02,1.897962e-02,2.265461e-02,-4.173319e-02,1.042739e-01,1.620303e-01,1.685136e-01,1.509662e-01,1.934569e-01,4.039738e-01,2.652054e-01,-4.350897e-02,-3.278564e-02,-6.445469e-02,-3.176608e-02,-3.008624e-02,-5.219745e-02,-6.520814e-01,2.110465e-02,5.208333e+00,0,2.083333e+01,6.666666e+01,5.535896e-02,2.230397e-01,7.908015e+04,-3.265474e+00,-1.330751e+02,1.175533e-01,-1.297619e+00,-6.435771e+00,7.431394e+00,-6.332633e+00,-5.629313e+00,-3.405116e-02,-3.893830e+00,6.257060e+00,4.123114e-01,-2.935707e+00,4.993483e+00,-5.508851e+00
fru,1.690000,2.199397e+02,7.647953e-01,2.622300e-02,1.333002e-02,1.084585e-01,1.098152e+00,9.495966e-01,1.322452e-01,4.687500e-02,1.403148e-01,2.894795e-01,4.301682e-01,5.624688e-01,8.327708e-01,6.601829e-01,8.450992e-01,1.547736e+00,1.315205e+00,1.132830e+00,1.125868e+00,7.212989e-01,1.004266e+00,1.139752e+00,9.539788e-01,1.627922e+00,1.372754e+00,1.215372e+00,1.631666e+00,1.496278e+00,1.142466e+00,1.005290e+00,7.479050e-01,6.150024e-01,5.324459e-01,6.009924e-01,2.133226e+00,7.384843e-02,1.979167e+02,2.187500e+02,2.395833e+02,3.958333e+02,3.935941e-01,2.685092e+00,2.341817e+05,7.228086e+00,1.010746e+02,-3.984050e-01,3.351209e+01,-5.860099e+00,3.700247e+01,-1.999827e+01,-7.626106e+00,2.225383e-01,-1.215449e+00,6.193088e-01,-2.821445e+01,-2.736713e+01,1.927962e+00,-2.734092e+01,-1.749355e+00,-1.281719e-02,3.955229e-03,1.549662e-03,2.649390e-02,5.519230e-02,7.296975e-02,-1.695375e-02,1.250000e-02,-2.159595e-02,-3.119014e-02,-3.194196e-02,-1.635587e-02,-1.540250e-02,7.243572e-02,5.259096e-02,-2.494729e-03,-6.421820e-02,-8.376592e-02,-5.050719e-03,6.993113e-02,-1.188664e-02,2.203836e-01,2.986371e-01,2.148661e-01,2.467427e-01,2.838420e-01,5.819560e-01,4.249510e-01,-1.921033e-02,-3.967495e-02,-6.423910e-02,-4.090250e-02,-4.440591e-02,-7.678725e-02,-5.666833e-01,2.010459e-02,5.208331e+00,1.041667e+01,4.166666e+01,1.739583e+02,4.032294e-02,2.989512e-01,8.163105e+04,-2.723403e+00,-8.966151e+01,1.024169e-01,-7.088585e-01,-6.299048e+00,5.287922e+00,-4.206072e+00,-5.398984e+00,-2.733323e+00,-3.776481e+00,5.446103e+00,1.612060e+00,-1.680828e+00,6.337488e+00,-4.079818e+00
fru,1.700000,2.137273e+02,7.472256e-01,2.542453e-02,1.858591e-02,1.062023e-01,1.163882e+00,1.058225e+00,1.159858e-01,6.145833e-02,1.167090e-01,2.578853e-01,4.013710e-01,5.408385e-01,8.129534e-01,7.626882e-01,9.342950e-01,1.489979e+00,1.223436e+00,1.029631e+00,1.085101e+00,8.245562e-01,1.001115e+00,1.427022e+00,1.361081e+00,1.902324e+00,1.742621e+00,1.627387e+00,2.489143e+00,2.144943e+00,1.159102e+00,9.620350e-01,6.749640e-01,5.586301e-01,4.747381e-01,5.092894e-01,1.648037e+00,9.174608e-02,2.083333e+02,2.187500e+02,3.125000e+02,5.104167e+02,4.476471e-01,3.051276e+00,3.033442e+05,4.367525e+00,2.282418e+01,-3.100364e-01,3.273306e+01,-1.171620e+01,4.110569e+01,-2.278485e+01,-1.604049e+01,-3.941044e+00,-7.336627e+00,8.312837e+00,-2.696611e+01,-2.751554e+01,1.066052e+01,-2.955431e+01,-4.511560e+00,-1.262200e-02,2.594132e-03,3.032504e-03,7.913420e-03,-1.216211e-02,7.024364e-02,-1.785491e-02,1.250000e-02,-2.034781e-02,-3.175746e-02,-3.560070e-02,-2.019373e-02,2.016550e-03,1.011697e-01,5.156854e-02,-7.320575e-02,-8.562027e-02,-6.712511e-02,-2.006919e-02,1.049699e-01,2.160490e-02,2.838178e-01,3.593635e-01,1.633154e-01,2.252082e-01,2.653395e-01,5.111369e-01,3.939610e-01,-1.749737e-02,-5.668722e-02,-6.237287e-02,-3.895953e-02,-4.681934e-02,-8.088187e-02,-5.125736e-01,7.068120e-03,7.291666e+00,3.229166e+01,6.250000e+01,2.229167e+02,2.008237e-02,3.290647e-01,4.009602e+04,-1.763910e+00,-4.749151e+01,9.365589e-02,1.642761e-01,-4.321473e+00,-3.729637e-01,5.141201e-02,-4.065787e+00,-6.187902e+00,-2.099144e+00,2.424115e+00,2.483974e+00,9.018373e-01,5.565919e+00,-1.988102e-01
fru,1.710000,2.072947e+02,7.283050e-01,1.860632e-02,1.101966e-02,1.360309e-01,1.083045e+00,1.146879e+00,9.724829e-02,7.395833e-02,9.772021e-02,2.267456e-01,3.652487e-01,5.198247e-01,8.328248e-01,8.896770e-01,1.002169e+00,1.362880e+00,1.127653e+00,9.738995e-01,1.057703e+00,9.659047e-01,1.030203e+00,1.806869e+00,1.851100e+00,2.039242e+00,2.013509e+00,1.953435e+00,3.075144e+00,2.614375e+00,1.151170e+00,8.866944e-01,6.079795e-01,5.187459e-01,4.266392e-01,4.214934e-01,1.101819e+00,9.687886e-02,2.083333e+02,2.708333e+02,3.854167e+02,1.020833e+03,4.062871e-01,3.422239e+00,3.384081e+05,3.468022e+00,1.692657e+01,-2.106948e-01,3.452376e+01,-1.421175e+01,3.427267e+01,-1.643257e+01,-1.670652e+01,-1.336531e+01,-5.096390e+00,4.295933e+00,-2.313201e+01,-2.512493e+01,1.754756e+01,-2.764703e+01,-4.567525e+00,-8.836639e-03,1.144412e-02,1.188230e-02,5.702479e-03,-7.922355e-02,2.528143e-02,-1.905017e-02,1.010417e-02,-1.735185e-02,-3.285117e-02,-4.400098e-02,-2.257302e-02,1.387385e-02,1.060886e-01,1.489834e-02,-1.118789e-01,-9.313405e-02,-4.554906e-02,-2.606351e-02,1.041319e-01,6.618471e-02,2.533155e-01,2.792594e-01,3.933048e-02,7.757838e-02,1.039556e-01,1.519037e-01,1.308760e-01,-4.428313e-02,-6.744854e-02,-5.367454e-02,-2.238728e-02,-3.583259e-02,-6.705105e-02,-4.525596e-01,-4.912528e-03,1.875000e+01,6.354166e+01,7.395834e+01,2.187500e+02,7.840982e-03,3.377961e-01,5.895097e+03,-9.880228e-01,-1.798254e+01,8.331369e-02,4.071228e-01,-2.408382e+00,-4.964938e+00,2.391834e+00,-2.767065e+00,-7.438033e+00,1.561261e+00,2.365799e-01,3.503190e+00,1.908841e+00,2.155142e+00,2.641374e+00
fru,1.720000,2.021665e+02,7.279513e-01,3.183892e-02,3.112393e-02,7.972717e-02,9.558289e-01,1.137979e+00,7.640444e-02,8.333334e-02,8.291576e-02,1.935139e-01,3.148748e-01,5.009396e-01,8.825147e-01,1.004747e+00,9.796824e-01,1.216245e+00,1.032801e+00,9.644287e-01,1.050445e+00,1.085361e+00,1.124486e+00,2.064154e+00,2.087860e+00,1.976714e+00,1.944227e+00,1.921667e+00,2.911738e+00,2.517179e+00,1.080222e+00,8.023548e-01,5.656146e-01,5.111335e-01,4.003592e-01,3.712632e-01,6.866760e-01,7.619976e-02,2.291667e+02,3.541667e+02,4.687500e+02,1.114583e+03,4.386143e-01,3.734113e+00,2.726705e+05,3.232802e+00,1.675398e+01,-1.328992e-01,3.482404e+01,-1.415348e+01,2.469210e+01,-1.115994e+01,-1.985806e+01,-2.433231e+01,-3.614499e+00,3.198697e+00,-2.147085e+01,-2.056853e+01,1.730446e+01,-2.057441e+01,-2.433011e+00,-2.244759e-03,1.933086e-02,2.215181e-02,-8.209422e-04,-1.298999e-01,-4.485394e-02,-1.934973e-02,5.625001e-03,-1.451075e-02,-3.448107e-02,-5.385890e-02,-3.017594e-02,-6.043351e-03,7.877414e-02,-3.292355e-02,-1.086376e-01,-8.919591e-02,-3.267742e-02,-3.583574e-02,6.238847e-02,1.054468e-01,9.959693e-02,4.965491e-02,-1.037778e-01,-1.167464e-01,-1.223680e-01,-2.966084e-01,-2.199244e-01,-8.296840e-02,-5.772564e-02,-4.096162e-02,-5.581337e-03,-2.513405e-02,-5.192662e-02,-3.728257e-01,-1.973958e-02,3.645833e+01,8.437500e+01,7.083334e+01,8.958334e+01,-1.245014e-02,2.817266e-01,-2.669783e+04,-2.332061e-01,-7.750181e-01,6.973071e-02,5.853996e-02,-1.482270e+00,-6.959146e+00,1.337758e-01,-2.895079e-01,-5.969415e+00,3.152626e+00,-5.243976e-01,5.918117e+00,1.872778e+00,-2.377869e+00,4.355412e+00
fru,1.730000,2.028825e+02,7.302492e-01,8.023641e-02,6.647251e-02,1.502085e-01,8.060606e-01,1.036127e+00,5.678495e-02,8.645833e-02,7.045221e-02,1.574094e-01,2.534115e-01,4.695531e-01,8.673595e-01,1.069597e+00,8.968971e-01,1.125208e+00,9.448518e-01,9.376855e-01,1.012879e+00,1.111556e+00,1.273504e+00,2.087764e+00,1.986886e+00,1.787380e+00,1.659843e+00,1.588010e+00,2.179887e+00,1.964540e+00,9.604907e-01,7.478876e-01,5.342069e-01,5.268143e-01,3.904724e-01,3.347503e-01,3.511082e-01,5.705895e-02,2.812500e+02,4.687500e+02,5.312500e+02,1.187500e+03,4.373154e-01,4.032654e+00,2.789940e+05,2.855333e+00,1.419700e+01,-7.040516e-02,3.450221e+01,-1.668337e+01,2.038458e+01,-1.385156e+01,-1.955265e+01,-2.677200e+01,4.729793e+00,4.359278e+00,-1.344613e+01,-2.129643e+01,9.381702e+00,-1.862400e+01,-4.441757e-01,2.814001e-03,1.560380e-02,2.143177e-02,1.957012e-03,-1.309477e-01,-9.939477e-02,-1.750861e-02,3.958334e-03,-1.259367e-02,-3.506742e-02,-5.871205e-02,-4.240158e-02,-5.619878e-02,2.548269e-02,-5.729446e-02,-9.436756e-02,-7.785259e-02,-3.921238e-02,-5.875523e-02,4.954564e-03,1.196515e-01,-1.038339e-01,-2.000752e-01,-2.072637e-01,-2.327136e-01,-2.629431e-01,-5.380414e-01,-4.294386e-01,-1.030871e-01,-3.154832e-02,-3.085942e-02,-7.554531e-04,-2.022617e-02,-4.110963e-02,-2.607689e-01,-2.325653e-02,5.208333e+01,7.291667e+01,1.125000e+02,1.770832e+01,-3.537281e-02,2.427862e-01,-1.373321e+04,-1.279535e-01,-1.628269e-01,4.954932e-02,-8.623894e-01,-1.673985e+00,-5.674161e+00,-2.244637e+00,1.449025e+00,-2.745214e+00,1.951476e+00,4.643471e-01,7.148567e+00,7.005194e-01,-3.768785e+00,4.652214e+00
fru,1.740000,2.037683e+02,7.350297e-01,9.126378e-02,1.016185e-01,9.500880e-02,6.528741e-01,8.893309e-01,3.946879e-02,8.333334e-02,5.778928e-02,1.201481e-01,1.879951e-01,4.150946e-01,7.654693e-01,1.066599e+00,8.223130e-01,1.065627e+00,8.688570e-01,8.843512e-01,9.283342e-01,1.063673e+00,1.406699e+00,1.784559e+00,1.541462e+00,1.509366e+00,1.335722e+00,1.198259e+00,1.453729e+00,1.370239e+00,8.396001e-01,7.428102e-01,5.070421e-01,5.266892e-01,3.671513e-01,2.930279e-01,1.592642e-01,1.295815e-02,3.541667e+02,5.416667e+02,5.937500e+02,875,3.698822e-01,4.154702e+00,1.995621e+05,3.507838e+00,2.031388e+01,-3.152767e-02,3.303653e+01,-1.789174e+01,1.325401e+01,-2.340648e+01,-1.606497e+01,-2.708477e+01,3.513409e+00,5.659176e+00,-2.218463e+00,-2.006590e+01,2.854104e+00,-1.228877e+01,6.567138e-01,4.608643e-03,-3.749662e-03,3.671929e-03,7.446670e-03,-1.055970e-01,-1.140534e-01,-1.367651e-02,6.145834e-03,-1.091942e-02,-3.226276e-02,-5.423433e-02,-5.303124e-02,-1.061119e-01,-4.641883e-02,-5.358834e-02,-8.916147e-02,-6.003242e-02,-4.621192e-02,-7.173605e-02,-2.753656e-02,1.007710e-01,-2.404837e-01,-3.385245e-01,-2.516130e-01,-2.349817e-01,-2.569126e-01,-4.894685e-01,-4.186532e-01,-9.153320e-02,-5.228507e-03,-2.253567e-02,-7.497209e-03,-2.068639e-02,-3.679442e-02,-1.589092e-01,-1.697284e-02,3.958334e+01,5.937500e+01,1.979167e+02,9.583331e+01,-7.163110e-02,1.976037e-01,2.904334e+04,-2.643952e-01,-1.193744e+00,3.038822e-02,-1.440878e+00,-2.076526e+00,-4.192280e+00,-1.944386e+00,4.348944e+00,-6.623211e-01,-5.977353e-01,1.853342e-01,5.465757e+00,-1.322351e+00,-3.283059e+00,3.947245e+00
fru,1.750000,2.042729e+02,7.388359e-01,6.691290e-02,8.293121e-02,1.381751e-01,5.797834e-01,7.742289e-01,2.817306e-02,9.375000e-02,4.731510e-02,8.809140e-02,1.351283e-01,3.507393e-01,6.103535e-01,9.861643e-01,7.943811e-01,9.663512e-01,8.203623e-01,8.178764e-01,8.249820e-01,1.001521e+00,1.487354e+00,1.427497e+00,1.123923e+00,1.236597e+00,1.154193e+00,1.000423e+00,1.113942e+00,1.040652e+00,7.560456e-01,7.587251e-01,4.829687e-01,5.071908e-01,3.421123e-01,2.550629e-01,6.168084e-02,1.221704e-02,4.062500e+02,5.416667e+02,8.854167e+02,1.229167e+03,2.637891e-01,4.425875e+00,3.062963e+05,2.690737e+00,1.433249e+01,-1.363402e-02,3.110557e+01,-2.071255e+01,1.162091e+01,-2.153249e+01,-1.135794e+01,-2.571515e+01,1.097034e+00,5.387428e+00,2.984628e+00,-2.187365e+01,5.928808e+00,-8.528780e+00,2.968323e-01,2.328527e-03,-2.207545e-02,-1.858290e-02,7.614635e-04,-6.969108e-02,-9.449190e-02,-8.589979e-03,7.916668e-03,-8.278320e-03,-2.473967e-02,-3.978852e-02,-5.419682e-02,-1.216981e-01,-1.146146e-01,-4.827944e-02,-9.556791e-02,-3.934046e-02,-3.829644e-02,-5.360433e-02,-1.843805e-02,6.513214e-02,-2.511641e-01,-3.300274e-01,-2.411901e-01,-1.859728e-01,-1.625760e-01,-2.904962e-01,-2.789011e-01,-5.588946e-02,5.892915e-03,-1.095844e-02,-1.637415e-02,-1.938400e-02,-2.803811e-02,-7.483231e-02,-8.731185e-03,3.125000e+00,1.145833e+01,225,1.364583e+02,-7.742836e-02,9.512739e-02,4.790998e+04,-3.899802e-01,-2.284641e+00,1.441412e-02,-1.200012e+00,-1.275491e+00,-2.494474e+00,1.458761e+00,6.150151e+00,5.264616e-01,-2.191829e+00,1.767591e-01,1.010577e+00,-2.726204e+00,-2.349579e+00,2.699533e+00
fru,1.760000,2.047549e+02,7.467012e-01,1.975236e-02,4.125423e-02,1.229772e-01,5.409822e-01,6.986607e-01,2.232783e-02,1.104167e-01,3.988719e-02,6.685903e-02,1.028447e-01,2.951903e-01,4.804582e-01,8.143687e-01,7.629988e-01,8.498666e-01,7.948839e-01,7.932737e-01,7.857134e-01,1.002695e+00,1.521416e+00,1.191869e+00,8.267191e-01,9.940401e-01,1.022143e+00,9.308979e-01,9.973679e-01,8.858569e-01,7.247786e-01,7.707935e-01,4.785554e-01,4.834592e-01,3.211073e-01,2.271347e-01,3.684389e-02,1.375651e-02,3.645833e+02,6.145833e+02,1.281250e+03,1.572917e+03,1.672219e-01,4.525521e+00,4.042361e+05,1.993124e+00,1.071752e+01,-9.343679e-03,2.931797e+01,-2.252152e+01,8.112535e+00,-1.704140e+01,-2.210692e+00,-2.817234e+01,-4.786797e+00,3.611293e+00,-2.357446e+00,-2.689168e+01,2.615612e+00,-5.885796e+00,-7.381592e-02,-6.656152e-03,-2.316912e-02,-2.761240e-02,7.055563e-03,-4.321691e-02,-6.253950e-02,-3.629566e-03,3.541666e-03,-4.220074e-03,-1.282566e-02,-1.813745e-02,-4.515968e-02,-1.059595e-01,-1.571405e-01,-5.913717e-02,-8.500627e-02,-2.428065e-02,-2.398063e-02,-1.599823e-02,4.388785e-03,2.562695e-02,-1.638686e-01,-2.226926e-01,-1.873933e-01,-1.391317e-01,-7.317472e-02,-1.253756e-01,-1.448271e-01,-1.561248e-02,3.245741e-03,4.218414e-03,-1.570977e-02,-1.101123e-02,-1.286459e-02,-2.295339e-02,-8.339601e-04,-3.854166e+01,-3.229167e+01,1.114583e+02,6.875000e+01,-5.947772e-02,-1.035999e-01,3.025168e+04,-1.671281e-01,1.410442e-01,4.234699e-03,-5.172766e-01,5.978615e-01,-5.547957e-01,4.299486e+00,6.568105e+00,1.923033e+00,2.997131e-02,-5.197600e-01,-2.798075e+00,-4.067098e+00,-3.751190e+00,-3.079093e-01
fru,1.770000,2.038734e+02,7.360561e-01,5.614865e-03,3.740165e-03,1.400316e-01,5.135511e-01,6.590024e-01,2.240553e-02,1.125000e-01,3.801166e-02,6.035551e-02,9.704404e-02,2.585212e-01,4.013745e-01,6.226386e-01,6.851571e-01,7.552490e-01,7.851360e-01,7.917420e-01,8.161675e-01,1.049855e+00,1.541806e+00,1.128288e+00,6.941203e-01,8.390926e-01,8.867678e-01,9.088111e-01,9.555864e-01,8.122253e-01,7.384542e-01,7.633605e-01,4.936581e-01,4.665585e-01,3.165744e-01,2.275063e-01,3.815680e-02,1.300385e-02,2.916667e+02,4.895833e+02,1.312500e+03,1.520833e+03,1.515038e-01,4.322881e+00,4.162069e+05,1.662789e+00,7.571975e+00,-9.426544e-03,3.036143e+01,-2.074594e+01,1.048294e+01,-9.740294e+00,4.270964e+00,-2.359590e+01,-2.079251e+00,6.267015e+00,-8.323757e+00,-3.151456e+01,-2.246945e+00,-8.327821e+00,-4.097017e+01,-9.562170e-03,-1.475110e-02,-2.039646e-02,-2.699691e-02,-3.349178e-02,-3.906252e-02,-2.610181e-04,-7.291669e-03,4.655562e-04,1.298071e-03,4.642385e-03,-3.063353e-02,-7.466718e-02,-1.540525e-01,-7.663522e-02,-4.822375e-02,-1.845517e-02,-1.446534e-02,1.076265e-02,6.469989e-03,-2.410048e-02,-8.911864e-02,-1.228797e-01,-1.212560e-01,-1.171659e-01,-3.995151e-02,-6.391066e-02,-7.598603e-02,1.172488e-02,1.930088e-03,2.276936e-02,-6.981784e-03,4.663527e-04,2.328412e-03,4.809549e-03,-2.045182e-03,-5.625000e+01,-8.541667e+01,-1.281250e+02,-1.729167e+02,-3.369074e-02,-3.284613e-01,-4.117998e+04,5.627819e-01,6.854701e+00,-6.605434e-04,4.054669e-01,3.166328e+00,6.022808e-01,3.675018e+00,5.460716e+00,2.671775e+00,2.374696e+00,-1.872625e+00,-3.192544e+00,-2.909420e+00,-4.255116e+00,-2.027376e+00
fru,1.780000,2.035990e+02,7.031388e-01,6.067188e-03,3.152041e-03,1.293584e-01,4.699057e-01,6.342466e-01,2.420472e-02,9.166666e-02,4.134063e-02,6.988773e-02,1.163500e-01,2.354053e-01,3.401612e-01,4.626593e-01,5.812392e-01,7.461465e-01,7.650669e-01,7.775152e-01,8.527503e-01,1.061450e+00,1.507607e+00,1.114820e+00,6.429007e-01,7.711518e-01,7.737755e-01,8.781918e-01,9.060287e-01,7.603167e-01,7.703335e-01,7.567213e-01,5.227895e-01,4.684565e-01,3.248640e-01,2.424833e-01,5.625927e-02,8.394946e-03,2.187500e+02,4.062500e+02,9.375000e+02,1.072917e+03,1.286363e-01,3.688199e+00,2.958652e+05,3.186172e+00,2.439935e+01,-1.245791e-02,3.082222e+01,-1.488574e+01,1.104901e+01,-7.805146e+00,8.961101e+00,-1.852923e+01,5.251409e+00,2.620583e+00,-1.055465e+01,-3.558094e+01,-1.181397e+01,-1.392879e+01,-2.414232e+01,-1.455700e-03,-4.511959e-03,-8.624862e-03,-3.859860e-02,3.460100e-03,-2.090538e-02,3.191713e-03,-1.395833e-02,5.000586e-03,1.423970e-02,2.292517e-02,-1.378032e-02,-4.335996e-02,-1.063087e-01,-7.149972e-02,-3.467959e-03,-7.905250e-03,-4.736978e-03,2.310708e-02,-4.779959e-03,-7.734255e-02,-7.295714e-02,-4.989789e-02,-4.792818e-02,-8.681577e-02,-3.613208e-02,-5.386066e-02,-4.148220e-02,2.020201e-02,9.646302e-03,4.199719e-02,8.670819e-03,1.638272e-02,1.654418e-02,1.464571e-02,4.227253e-03,-2.812500e+01,-6.666666e+01,-2.312500e+02,-2.447917e+02,2.868866e-03,-2.609397e-01,-7.411365e+04,7.984551e-01,9.209073e+00,-3.891859e-03,8.468393e-01,3.396674e+00,-2.653474e-01,2.587052e+00,2.369097e+00,3.347020e+00,2.818779e+00,-3.704744e+00,-1.834814e+00,1.368944e+00,-2.516168e+00,-4.070575e+00
fru,1.790000,0,7.128062e-01,0,0,0,4.478627e-01,6.111233e-01,2.592953e-02,6.666666e-02,4.891616e-02,9.306740e-02,1.515876e-01,2.274642e-01,3.071661e-01,3.917563e-01,5.020848e-01,7.770925e-01,7.429950e-01,7.534289e-01,8.452768e-01,1.004494e+00,1.373756e+00,1.020428e+00,6.014335e-01,7.417612e-01,6.925471e-01,8.270183e-01,8.400581e-01,7.234919e-01,7.918925e-01,7.754117e-01,5.746984e-01,4.797832e-01,3.425657e-01,2.590307e-01,7.602090e-02,4.671911e-03,1.979167e+02,2.187500e+02,4.166667e+02,6.145833e+02,1.146282e-01,3.202230e+00,1.545818e+05,4.908123e+00,4.176508e+01,-1.537962e-02,3.238078e+01,-8.698800e+00,1.316408e+01,-7.775526e+00,1.035974e+01,-1.717783e+01,7.951412e+00,-3.480343e+00,-8.879493e+00,-3.207612e+01,-8.131984e+00,-1.464416e+01,-5.309579e+00,1.938636e-02,-1.729692e-03,-1.063237e-03,2.975721e-02,9.227683e-02,7.871431e-03,8.473629e-03,-8.437500e-03,8.280942e-03,2.272778e-02,3.237094e-02,5.975455e-03,-8.775109e-03,-3.446406e-02,-2.247672e-02,4.152584e-02,3.996391e-02,4.394009e-02,7.920127e-02,4.764263e-02,-1.006982e-01,-8.791406e-02,1.556479e-02,3.734218e-02,-3.308605e-02,-2.818268e-02,-4.456391e-02,-7.647020e-03,1.778411e-02,2.472524e-02,5.895771e-02,2.914905e-02,3.894319e-02,2.837012e-02,2.798516e-02,5.083635e-02,3.229167e+01,3.645834e+01,-1.135417e+02,-1.083333e+02,5.487866e-02,5.643740e-02,-5.672416e+04,2.664903e-01,4.504535e+00,-1.613870e-02,1.310778e+00,3.655884e-01,-3.038597e+00,1.202368e+00,1.602139e-01,3.209363e+00,5.679788e-01,-4.745776e+00,1.545557e-01,5.517188e+00,4.575931e-01,-5.817393e+00
fru,1.800000,1.859800e+02,7.510477e-01,0,0,0,5.911269e-01,6.180733e-01,3.652440e-02,6.354167e-02,5.943787e-02,1.217016e-01,1.901988e-01,2.418172e-01,3.107626e-01,3.982663e-01,4.970363e-01,8.216050e-01,7.764282e-01,7.887453e-01,8.866941e-01,1.001476e+00,1.218728e+00,8.810132e-01,6.235731e-01,8.030648e-01,6.851742e-01,7.911339e-01,7.858288e-01,7.228127e-01,7.990695e-01,8.129994e-01,6.480212e-01,5.202010e-01,3.900253e-01,2.940934e-01,9.114040e-02,3.905874e-02,2.708333e+02,4.166667e+02,5.729167e+02,8.020833e+02,2.000040e-01,3.781148e+00,1.644804e+05,4.362733e+00,3.966633e+01,-2.582643e-02,3.254250e+01,-1.156172e+01,5.445231e+00,-5.088522e+00,6.590405e+00,-1.464628e+01,4.291766e+00,-1.003875e+01,-1.125365e+01,-1.976618e+01,-7.022710e+00,-2.308050e+01,1.504214e+01,3.226156e-02,1.966295e-02,2.456403e-02,6.589465e-02,2.144137e-01,7.086390e-02,1.632724e-02,6.770837e-03,1.082920e-02,2.560489e-02,3.277491e-02,3.043953e-02,3.417129e-02,5.472853e-02,8.230958e-02,1.073168e-01,1.722305e-01,1.819184e-01,2.712047e-01,2.717765e-01,-3.983177e-02,-6.602610e-02,1.244830e-01,1.632990e-01,4.456494e-02,1.017345e-02,-7.440525e-03,4.207535e-02,1.447129e-02,3.608593e-02,7.015317e-02,5.428618e-02,7.347990e-02,4.738295e-02,4.959338e-02,1.191483e-01,1.000000e+02,1.343750e+02,1.177083e+02,1.229167e+02,1.178326e-01,4.278142e-01,-1.190394e+04,-7.601494e-01,-5.607377e+00,-3.779977e-02,1.840304e+00,-3.998298e+00,-6.327059e+00,1.432067e+00,-1.837869e+00,4.479354e+00,-1.409782e+00,-3.172976e+00,1.998419e+00,7.975642e+00,2.670647e+00,-6.844016e+00
fru,1.810000,1.861350e+02,8.090335e-01,0,0,3.534968e-01,9.143246e-01,7.064462e-01,5.861384e-02,8.437500e-02,7.036775e-02,1.480875e-01,2.219743e-01,2.851925e-01,3.721983e-01,4.825149e-01,6.148749e-01,9.251490e-01,9.792749e-01,1.005827e+00,1.195202e+00,1.318055e+00,1.182754e+00,8.056214e-01,7.816081e-01,1.009847e+00,7.656382e-01,8.114266e-01,7.928669e-01,7.927423e-01,8.130067e-01,8.588476e-01,7.258307e-01,5.864316e-01,4.787098e-01,3.435518e-01,1.606421e-01,2.518537e-01,4.270833e+02,6.666667e+02,9.270833e+02,1.114583e+03,3.902132e-01,4.558594e+00,1.982785e+05,2.406960e+00,2.246116e+01,-8.343580e-02,3.605518e+01,-2.058000e+01,-1.908152e+00,-5.086763e+00,6.257381e+00,-9.490563e+00,1.240464e+00,-1.113220e+01,-7.201477e+00,-1.183600e+01,-2.354609e+00,-3.283893e+01,3.683710e+01,2.573783e-02,2.507208e-02,3.247004e-02,5.323501e-02,2.993989e-01,1.730373e-01,2.331966e-02,1.989583e-02,1.363473e-02,2.481415e-02,2.800134e-02,5.789381e-02,7.359637e-02,1.586019e-01,2.399215e-01,2.280783e-01,3.948161e-01,4.217929e-01,6.113927e-01,6.945300e-01,1.227442e-01,2.325164e-02,2.826342e-01,3.352075e-01,1.460110e-01,8.889431e-02,6.269391e-02,1.018934e-01,1.536799e-02,3.572903e-02,6.881098e-02,8.554275e-02,1.148768e-01,6.823904e-02,8.455549e-02,1.843102e-01,125,1.708333e+02,2.364583e+02,2.322917e+02,1.367991e-01,4.815764e-01,1.172768e+04,-1.237600e+00,-1.060323e+01,-6.323913e-02,2.237202e+00,-6.657229e+00,-6.742394e+00,9.966219e-01,-2.341588e+00,5.542989e+00,-1.643720e+00,-8.203050e-01,4.471753e+00,5.372683e+00,2.979208e+00,-6.528743e+00
fru,1.820000,1.857422e+02,8.163330e-01,1.043819e-01,1.259722e-01,2.820832e-01,1.308743e+00,9.409047e-01,8.949875e-02,1.166667e-01,8.476081e-02,1.704022e-01,2.450312e-01,3.587388e-01,4.785016e-01,6.909227e-01,9.363920e-01,1.208702e+00,1.508079e+00,1.560908e+00,2.033811e+00,2.263552e+00,1.403949e+00,8.920929e-01,1.175228e+00,1.453604e+00,9.600547e-01,9.368548e-01,8.924217e-01,9.360682e-01,8.321328e-01,8.954329e-01,7.979892e-01,6.865632e-01,6.241915e-01,4.371375e-01,2.619156e-01,4.805456e-01,6.041667e+02,8.541667e+02,1.270833e+03,1.437500e+03,5.800066e-01,5.149088e+00,2.144972e+05,6.360062e-01,6.014430e+00,-1.674287e-01,3.818653e+01,-2.893663e+01,-1.305017e+01,-1.989195e+00,1.822935e+00,2.390949e-02,1.557971e+00,-9.418367e+00,-1.401558e+00,-5.822782e+00,-1.349422e+00,-3.905149e+01,-9.569031e-01,1.009463e-02,9.465827e-03,1.916600e-02,5.014834e-03,2.961304e-01,2.746859e-01,2.371927e-02,2.177083e-02,1.725381e-02,2.247813e-02,2.003993e-02,8.518455e-02,9.752059e-02,2.600160e-01,3.899915e-01,3.671274e-01,6.183863e-01,6.522673e-01,8.865097e-01,1.104485e+00,3.394336e-01,1.457415e-01,4.207221e-01,4.885938e-01,2.673915e-01,1.998332e-01,1.590978e-01,1.605527e-01,2.845829e-02,2.759737e-02,5.548569e-02,1.073834e-01,1.409840e-01,7.929951e-02,9.589592e-02,1.811519e-01,1.041667e+02,1.020833e+02,1.677083e+02,1.760417e+02,9.967023e-02,2.783279e-01,6.791376e+03,-8.544232e-01,-8.338163e+00,-7.031969e-02,1.700334e+00,-6.133568e+00,-3.681332e+00,-4.709415e-01,-2.766011e+00,5.216465e+00,-1.435953e+00,2.186204e+00,4.996856e+00,1.803539e+00,2.486641e+00,-1.607157e+00
fru,1.830000,1.843044e+02,8.088527e-01,7.316943e-02,9.936410e-02,1.251335e-01,1.586049e+00,1.314894e+00,1.160406e-01,1.395833e-01,1.044284e-01,1.927879e-01,2.641781e-01,4.584724e-01,5.912784e-01,1.038437e+00,1.482014e+00,1.723936e+00,2.351250e+00,2.476312e+00,3.328682e+00,3.846106e+00,1.894866e+00,1.131146e+00,1.738777e+00,2.092529e+00,1.285162e+00,1.198629e+00,1.100231e+00,1.126331e+00,8.522008e-01,9.128401e-01,8.437694e-01,8.243158e-01,7.998664e-01,5.287039e-01,4.134108e-01,7.054794e-01,6.562500e+02,8.541667e+02,1250,1.458333e+03,6.086224e-01,4.926142e+00,1.882119e+05,5.834852e-01,5.574873e+00,-2.607742e-01,4.074477e+01,-3.329749e+01,-1.130019e+01,-4.342080e+00,1.035539e+00,3.202024e+00,1.099708e+00,-7.892057e+00,8.553227e+00,-1.218441e+01,3.927415e+00,-3.930238e+01,-1.531326e+00,-2.265221e-03,-7.218918e-03,-9.238951e-04,-6.222373e-02,2.109163e-01,3.186248e-01,1.715838e-02,1.156250e-02,2.061894e-02,2.004020e-02,1.194550e-02,1.094285e-01,1.011728e-01,3.220384e-01,4.419416e-01,4.187635e-01,6.695899e-01,6.969292e-01,8.333445e-01,1.204017e+00,5.314226e-01,2.470848e-01,4.677809e-01,5.637378e-01,4.020574e-01,3.217111e-01,2.625813e-01,1.994155e-01,6.368628e-02,1.743396e-02,3.488185e-02,1.098505e-01,1.341285e-01,7.864165e-02,1.223862e-01,1.001036e-01,3.229166e+01,1.666666e+01,50,1.072917e+02,5.719469e-02,7.359133e-02,1.732589e+04,-2.061243e-01,-3.331448e+00,-5.274976e-02,4.980907e-01,-3.695957e+00,1.568175e+00,-1.113858e+00,-3.981263e+00,2.508918e+00,-2.135588e+00,3.836717e+00,3.852345e+00,-4.276706e-01,1.061364e+00,3.080922e+00
fru,1.840000,1.821108e+02,8.016112e-01,1.074442e-02,4.614793e-02,1.392559e-01,1.735917e+00,1.687279e+00,1.264073e-01,1.447917e-01,1.286766e-01,2.117421e-01,2.692965e-01,5.811000e-01,6.888254e-01,1.420385e+00,2.013424e+00,2.257849e+00,3.182372e+00,3.314839e+00,4.252503e+00,5.259873e+00,2.559840e+00,1.446958e+00,2.248599e+00,2.704693e+00,1.762370e+00,1.596699e+00,1.427636e+00,1.358782e+00,9.217638e-01,9.239901e-01,8.664804e-01,9.381757e-01,9.343670e-01,5.980149e-01,4.442357e-01,7.180052e-01,6.770833e+02,8.333333e+02,1250,1.510417e+03,5.891506e-01,4.989014e+00,2.034706e+05,1.002355e+00,6.418656e+00,-2.887557e-01,3.869937e+01,-3.587082e+01,-8.265405e+00,-7.815571e+00,-4.628731e+00,5.089753e+00,-2.817619e+00,-7.278004e-01,5.853276e+00,-1.057428e+01,2.269485e+00,-2.788456e+01,-1.657732e+00,-2.150220e-03,-2.467457e-02,-2.669923e-02,-3.990661e-02,9.678377e-02,2.675121e-01,8.252821e-03,-3.020835e-03,2.267421e-02,1.917269e-02,7.702431e-03,1.242295e-01,9.690434e-02,3.116421e-01,3.374830e-01,2.994204e-01,4.418483e-01,4.439037e-01,3.681706e-01,8.004592e-01,5.987613e-01,2.950609e-01,3.928440e-01,5.082677e-01,5.180364e-01,4.112110e-01,3.446917e-01,2.103442e-01,1.308656e-01,1.638350e-02,1.445060e-02,8.295189e-02,9.103821e-02,6.679764e-02,2.030206e-01,-1.333439e-02,-4.583334e+01,-4.687500e+01,-6.250001e+01,1.145833e+01,3.219778e-02,-6.359591e-02,2.860199e+04,2.868822e-01,2.909918e-01,-3.134436e-02,-4.728516e-01,-4.403282e-01,6.379807e+00,-1.126685e+00,-4.710225e+00,-1.224182e+00,-2.395827e+00,5.070370e+00,1.221991e+00,-1.915938e-01,-3.076985e-01,6.215550e+00
fru,1.850000,1.802941e+02,8.050683e-01,1.072416e-02,3.529265e-02,1.137919e-01,1.755319e+00,1.926383e+00,1.259515e-01,1.281250e-01,1.515046e-01,2.276185e-01,2.695692e-01,7.211542e-01,7.729003e-01,1.727976e+00,2.286067e+00,2.494393e+00,3.490078e+00,3.613508e+00,4.252578e+00,5.839981e+00,3.261922e+00,1.763613e+00,2.583827e+00,3.202991e+00,2.374768e+00,2.090060e+00,1.838167e+00,1.578463e+00,1.086623e+00,9.317389e-01,8.659944e-01,1.009878e+00,9.942644e-01,6.563213e-01,6.814130e-01,6.336418e-01,5.520833e+02,7.604167e+02,1.187500e+03,1.614583e+03,6.716146e-01,5.006588e+00,2.904212e+05,1.193164e+00,5.601808e+00,-2.865211e-01,3.828922e+01,-3.559269e+01,3.540340e+00,-7.742867e+00,-1.042310e+01,5.211070e-01,-7.249683e+00,3.706100e+00,8.432832e+00,-1.159861e+01,1.142759e+00,-2.301779e+01,-1.062245e+00,-1.727772e-03,-1.190082e-02,-2.006015e-02,-2.030526e-02,6.620479e-03,1.478377e-01,2.743526e-03,-1.333333e-02,2.394923e-02,2.227428e-02,1.203167e-02,1.239646e-01,1.007573e-01,2.482418e-01,1.228017e-01,4.728212e-02,2.069750e-02,1.240277e-03,-2.534588e-01,5.520596e-02,4.767757e-01,3.041719e-01,2.600116e-01,3.480373e-01,5.607601e-01,4.241560e-01,3.791681e-01,1.828600e-01,2.074925e-01,2.762917e-02,4.975534e-03,3.986234e-02,3.845290e-02,6.443892e-02,3.282389e-01,-1.066077e-01,-9.583333e+01,-8.125000e+01,-1.281250e+02,-5.520835e+01,2.480299e-02,-1.338022e-01,3.507384e+04,4.021010e-01,7.922255e-01,-2.103399e-02,-7.132877e-01,2.537869e+00,7.989717e+00,2.237958e-01,-5.875594e+00,-3.237710e+00,-1.543963e+00,4.925940e+00,-1.034447e+00,9.625154e-01,2.290931e-01,6.364073e+00
fru,1.860000,1.794587e+02,8.074741e-01,1.223171e-02,2.451173e-02,8.822089e-02,1.708027e+00,1.972721e+00,1.258074e-01,1.072917e-01,1.745938e-01,2.488503e-01,2.808478e-01,8.485456e-01,8.722124e-01,1.904364e+00,2.221781e+00,2.320575e+00,3.147907e+00,3.211828e+00,3.412716e+00,5.268910e+00,3.714228e+00,2.051164e+00,2.716923e+00,3.439711e+00,3.005434e+00,2.547194e+00,2.246912e+00,1.761723e+00,1.369250e+00,9.679011e-01,8.591297e-01,1.008542e+00,9.821835e-01,7.073169e-01,1.143018e+00,4.497925e-01,4.270833e+02,6.666667e+02,9.895833e+02,1.416667e+03,7.094994e-01,4.790885e+00,3.064025e+05,1.765578e+00,7.455921e+00,-3.112770e-01,3.705005e+01,-2.999067e+01,1.142860e+01,-5.922226e+00,-1.599887e+01,-4.756544e+00,-6.246468e+00,1.013440e+01,4.768595e+00,-7.073650e+00,-1.495587e+00,-1.611604e+01,9.139709e-02,-3.467041e-03,7.972498e-04,-1.054941e-02,-2.721941e-02,-4.801791e-02,2.034570e-02,1.562172e-03,-1.447916e-02,2.569107e-02,3.082295e-02,2.727098e-02,1.077646e-01,1.164203e-01,1.770784e-01,-8.651793e-02,-1.981859e-01,-3.616260e-01,-3.910404e-01,-6.578180e-01,-6.435946e-01,1.706077e-01,2.881714e-01,1.404001e-01,1.266173e-01,4.648740e-01,3.461379e-01,3.534783e-01,1.274827e-01,2.424279e-01,4.204047e-02,7.332134e-03,4.754889e-03,3.552634e-03,6.484477e-02,4.036824e-01,-1.336000e-01,-1.104167e+02,-8.958333e+01,-1.843750e+02,-1.718750e+02,-9.472728e-03,-2.522418e-01,1.321184e+04,4.611415e-01,1.506638e+00,-2.525874e-02,-2.489513e-01,4.639186e+00,7.859273e+00,4.303759e-01,-5.292375e+00,-3.596944e+00,-3.100502e-01,3.732882e+00,-2.096806e+00,3.554857e-01,3.142051e+00,4.559333e+00
fru,1.870000,1.803192e+02,7.972824e-01,1.292168e-02,9.881455e-03,4.912466e-02,1.633096e+00,1.911362e+00,1.300582e-01,9.166667e-02,2.012159e-01,2.856052e-01,3.185608e-01,9.445726e-01,1.003372e+00,2.037657e+00,1.991844e+00,1.928983e+00,2.471970e+00,2.534019e+00,2.481282e+00,4.117617e+00,3.701551e+00,2.349903e+00,2.804672e+00,3.465206e+00,3.467430e+00,2.844161e+00,2.586433e+00,1.839160e+00,1.665920e+00,1.029030e+00,8.723224e-01,9.884446e-01,9.682226e-01,7.962475e-01,1.705214e+00,3.065472e-01,3.020833e+02,5.312500e+02,7.395833e+02,1.229167e+03,6.724629e-01,4.356195e+00,3.121151e+05,2.212379e+00,9.017368e+00,-3.546834e-01,3.800299e+01,-2.354822e+01,1.880139e+01,-4.169773e+00,-2.265736e+01,-8.063378e+00,-4.905684e+00,1.130654e+01,3.923332e+00,-9.122144e+00,6.955416e+00,-1.336628e+01,1.321503e+00,-5.626953e-03,2.122065e-03,-7.065089e-03,-2.006651e-02,-9.371696e-02,-7.503662e-02,7.467002e-04,-1.083333e-02,2.669515e-02,3.916887e-02,4.273448e-02,8.244652e-02,1.202155e-01,8.472868e-02,-2.218361e-01,-3.261374e-01,-5.195241e-01,-5.682510e-01,-7.108504e-01,-1.009867e+00,-2.151163e-01,2.214455e-01,4.673224e-02,-1.099642e-01,2.261813e-01,2.014863e-01,2.823600e-01,7.908416e-02,2.072639e-01,4.286218e-02,1.062964e-02,-2.135854e-02,-1.624836e-02,5.416713e-02,2.944282e-01,-1.201663e-01,-8.020834e+01,-9.166667e+01,-1.875000e+02,-2.468750e+02,-2.549735e-02,-3.333777e-01,-1.701535e+04,6.330942e-01,3.743766e+00,-1.588014e-02,-3.974914e-04,4.781266e+00,6.874630e+00,-1.349191e-01,-2.507160e+00,-1.478649e+00,-9.828405e-01,1.871972e+00,-4.158927e+00,-6.081508e-01,4.958809e+00,2.889235e+00
fru,1.880000,1.825552e+02,7.881689e-01,1.363191e-02,6.106458e-03,3.549240e-02,1.556939e+00,1.796518e+00,1.321648e-01,9.062501e-02,2.322763e-01,3.368635e-01,3.811556e-01,1.008214e+00,1.155691e+00,2.150936e+00,1.727946e+00,1.549624e+00,1.883296e+00,1.899382e+00,1.849061e+00,2.903082e+00,3.193064e+00,2.594670e+00,2.840177e+00,3.206672e+00,3.540408e+00,2.950338e+00,2.820894e+00,1.865847e+00,1.844254e+00,1.085547e+00,8.999770e-01,9.726667e-01,9.651511e-01,8.522757e-01,1.950747e+00,2.135527e-01,250,500,5.520833e+02,8.437500e+02,5.413628e-01,4.053001e+00,2.586829e+05,2.798455e+00,1.224406e+01,-3.809682e-01,3.759773e+01,-1.869713e+01,2.340044e+01,-7.450239e+00,-2.497348e+01,-8.602724e+00,-5.539869e+00,1.413639e+01,-2.376004e+00,-1.003508e+01,1.507341e+01,-9.913649e+00,1.988812e+00,-2.963805e-03,3.227278e-03,-2.442355e-03,-1.648266e-04,-1.499332e-01,-1.369038e-01,-7.072210e-04,-1.031250e-02,2.425963e-02,4.164833e-02,5.110446e-02,5.867853e-02,8.707794e-02,-5.360758e-02,-2.817611e-01,-3.329597e-01,-4.682117e-01,-5.414134e-01,-5.274811e-01,-9.806765e-01,-5.128971e-01,6.427757e-02,-7.211109e-02,-3.113836e-01,-9.281395e-02,2.123961e-02,1.480659e-01,4.792393e-02,1.080803e-01,1.639467e-02,3.320467e-03,-4.173074e-02,-3.687067e-02,2.234853e-02,1.370760e-01,-9.116432e-02,-5.416667e+01,-9.166667e+01,-1.541667e+02,-2.520833e+02,-2.237388e-02,-3.744033e-01,-4.059395e+04,1.173978e+00,1.886116e+01,-2.035552e-03,3.828480e-01,4.825051e+00,5.609350e+00,3.286025e-01,2.156910e+00,-1.245057e-01,-3.073125e+00,-9.200859e-01,-4.900960e+00,-1.526966e+00,2.617350e+00,5.770561e-01
fru,1.890000,1.853533e+02,7.865861e-01,2.063438e-02,9.169843e-03,3.982360e-02,1.362279e+00,1.639301e+00,1.265063e-01,8.229167e-02,2.561391e-01,3.794563e-01,4.330877e-01,1.053553e+00,1.232238e+00,2.028333e+00,1.423804e+00,1.249182e+00,1.524763e+00,1.428476e+00,1.480154e+00,1.973558e+00,2.446922e+00,2.599087e+00,2.755862e+00,2.769690e+00,3.238187e+00,2.895920e+00,2.962976e+00,1.921822e+00,1.885440e+00,1.087227e+00,8.987189e-01,9.210225e-01,9.215388e-01,8.546776e-01,1.749689e+00,1.509300e-01,2.395833e+02,3.854167e+02,4.687500e+02,6.666667e+02,6.281962e-01,3.708641e+00,2.292043e+05,3.842196e+00,2.192657e+01,-3.310762e-01,3.801339e+01,-1.733314e+01,3.192757e+01,-7.653456e+00,-1.847159e+01,-4.949049e+00,-1.251719e+01,1.106497e+01,-8.789502e+00,-1.315864e+01,1.765231e+01,-1.167280e+01,1.843622e+00,2.657193e-03,2.568801e-03,2.672403e-03,1.290184e-02,-1.954018e-01,-1.834211e-01,-1.819015e-03,-1.364583e-02,1.758481e-02,3.668039e-02,5.097885e-02,3.846790e-02,1.410631e-02,-2.368466e-01,-2.984015e-01,-2.810420e-01,-3.388346e-01,-4.317533e-01,-3.282559e-01,-7.356433e-01,-6.150845e-01,-1.679122e-01,-2.485595e-01,-4.522645e-01,-3.780648e-01,-1.680863e-01,-5.661316e-02,1.690202e-02,-2.339363e-03,-2.535218e-02,-1.556162e-02,-6.877719e-02,-7.146286e-02,-2.281157e-02,2.356642e-02,-7.092917e-02,-2.916667e+01,-9.062500e+01,-1.177083e+02,-2.135417e+02,-2.649289e-02,-3.918467e-01,-6.135566e+04,1.769739e+00,3.634447e+01,6.083774e-03,7.900089e-01,5.183281e+00,3.404105e+00,1.622589e+00,6.436158e+00,7.642236e-02,-4.032185e+00,-2.482518e+00,-4.880149e+00,-1.587451e+00,-3.310075e+00,-4.448099e-02
fru,1.900000,1.868857e+02,7.980033e-01,2.451175e-02,1.265576e-02,9.204728e-02,1.093770e+00,1.424232e+00,1.240473e-01,6.041667e-02,2.684303e-01,4.101664e-01,4.791067e-01,1.087448e+00,1.193169e+00,1.640988e+00,1.096995e+00,9.956774e-01,1.280452e+00,1.057533e+00,1.275874e+00,1.437557e+00,1.777057e+00,2.247960e+00,2.380774e+00,2.230551e+00,2.655986e+00,2.627513e+00,2.798970e+00,1.960012e+00,1.799892e+00,1.020776e+00,8.625337e-01,8.335990e-01,8.211721e-01,7.898445e-01,1.806160e+00,7.177948e-02,1.875000e+02,2.812500e+02,3.541667e+02,4.375000e+02,6.197633e-01,3.242646e+00,1.448882e+05,6.820560e+00,9.530711e+01,-3.332584e-01,3.895909e+01,-8.972957e+00,3.291226e+01,-2.537372e+00,-7.307201e+00,-6.936237e+00,-1.780634e+01,5.654760e+00,-1.337979e+01,-1.269023e+01,6.242718e+00,-1.407749e+01,1.185599e+00,5.844802e-03,-6.626893e-04,2.715315e-03,1.526956e-02,-1.996495e-01,-2.138106e-01,-2.039456e-03,-1.687500e-02,8.954895e-03,2.839185e-02,4.761695e-02,1.896914e-02,-6.260356e-02,-3.766379e-01,-2.804213e-01,-2.220917e-01,-2.494597e-01,-3.180172e-01,-2.135712e-01,-4.521217e-01,-5.274134e-01,-3.759539e-01,-4.276596e-01,-4.971685e-01,-5.330769e-01,-3.418831e-01,-2.996134e-01,-5.858063e-02,-9.455750e-02,-5.855130e-02,-3.140364e-02,-9.120439e-02,-1.003898e-01,-5.062760e-02,2.030046e-02,-5.336774e-02,-1.770833e+01,-8.229166e+01,-8.645833e+01,-1.260417e+02,-6.156315e-02,-3.621620e-01,-6.369570e+04,1.962667e+00,4.647253e+01,2.177089e-03,1.309772e+00,5.940864e+00,6.117870e-01,3.725151e+00,6.461535e+00,-1.544890e+00,-3.205370e+00,-3.257331e+00,-2.173745e+00,-7.821113e-01,-7.872403e+00,5.100478e-01
fru,1.910000,1.873721e+02,8.056512e-01,2.032577e-02,1.996882e-02,8.535639e-02,8.876717e-01,1.180399e+00,1.250219e-01,3.854167e-02,2.710630e-01,4.323556e-01,5.244795e-01,1.097295e+00,1.055164e+00,1.108398e+00,8.153119e-01,8.007460e-01,1.079220e+00,7.961766e-01,1.126596e+00,1.172163e+00,1.334133e+00,1.683697e+00,1.791576e+00,1.691944e+00,2.019318e+00,2.165142e+00,2.314329e+00,1.876588e+00,1.676405e+00,9.346548e-01,8.132359e-01,7.140925e-01,6.828978e-01,7.134052e-01,1.895340e+00,2.278797e-02,1.875000e+02,1.875000e+02,250,3.645833e+02,5.007982e-01,2.802139e+00,6.223418e+04,9.050020e+00,1.492082e+02,-3.481195e-01,4.127235e+01,-2.493901e+00,3.106600e+01,1.486738e+00,6.902934e-01,-8.514510e+00,-1.893337e+01,3.134768e+00,-1.497552e+01,-1.573183e+01,-5.179615e+00,-1.150676e+01,6.396011e-01,5.074090e-03,-4.618281e-03,7.338288e-04,3.422710e-03,-1.539253e-01,-2.132574e-01,-2.809663e-03,-1.427084e-02,1.303470e-03,1.999981e-02,4.288579e-02,-2.690888e-03,-9.796366e-02,-3.848348e-01,-2.240266e-01,-1.650194e-01,-2.085848e-01,-2.224935e-01,-1.736742e-01,-2.438948e-01,-3.534620e-01,-4.543461e-01,-5.116009e-01,-4.534418e-01,-5.370508e-01,-4.465172e-01,-4.834766e-01,-1.696153e-01,-1.587187e-01,-5.943017e-02,-2.473486e-02,-8.819021e-02,-9.834373e-02,-4.677077e-02,1.104891e-03,-3.469662e-02,-1.041667e+01,-4.895833e+01,-6.041666e+01,-6.562500e+01,-1.185738e-01,-2.544696e-01,-5.342038e+04,1.621060e+00,4.720409e+01,2.530602e-03,1.041123e+00,6.028435e+00,-1.685383e+00,4.119820e+00,2.966613e+00,-2.995968e+00,-4.239895e-01,-3.032491e+00,2.989528e-01,-2.678428e-01,-7.745212e+00,2.463012e+00
fru,1.920000,1.874738e+02,8.078604e-01,1.047277e-02,1.428354e-02,8.907378e-02,7.959942e-01,9.569162e-01,1.227097e-01,2.812500e-02,2.695888e-01,4.523730e-01,5.735444e-01,1.081189e+00,9.312105e-01,7.277140e-01,6.300857e-01,6.633835e-01,8.587692e-01,6.254453e-01,9.579842e-01,1.043171e+00,1.112392e+00,1.172596e+00,1.184022e+00,1.259703e+00,1.484459e+00,1.606311e+00,1.647150e+00,1.595561e+00,1.475985e+00,8.690762e-01,7.857003e-01,6.201098e-01,5.825227e-01,6.697739e-01,1.979424e+00,1.078501e-02,1.875000e+02,1.875000e+02,2.291667e+02,3.645833e+02,2.972461e-01,2.695442e+00,2.368940e+04,1.000788e+01,1.809659e+02,-3.615611e-01,4.251711e+01,3.587577e+00,2.689016e+01,6.605419e+00,-2.246742e+00,-1.454444e+01,-1.835863e+01,1.814837e+00,-1.015172e+01,-1.265905e+01,-1.287265e+01,-7.446431e+00,7.336838e-01,1.663846e-03,-5.140264e-03,-2.419261e-03,-8.257506e-03,-9.577592e-02,-1.772213e-01,-5.134677e-03,-8.229168e-03,-4.848540e-03,9.176239e-03,2.900193e-02,-2.711575e-02,-8.738967e-02,-2.785153e-01,-1.509069e-01,-1.129083e-01,-1.767825e-01,-1.402742e-01,-1.666970e-01,-1.307481e-01,-1.951285e-01,-3.867039e-01,-4.485068e-01,-3.395496e-01,-4.214918e-01,-4.388679e-01,-5.072185e-01,-2.541217e-01,-1.941386e-01,-3.263487e-02,-2.997154e-03,-6.022449e-02,-6.641843e-02,-2.174477e-02,-1.025700e-01,-1.449700e-02,0,-1.875000e+01,-2.708333e+01,-1.145833e+01,-1.134416e-01,-1.265968e-01,-2.855725e+04,8.946492e-01,3.279848e+01,1.978869e-02,3.735241e-01,4.214385e+00,-1.678695e+00,3.616301e+00,-6.488660e-01,-2.955736e+00,1.179400e+00,-2.575315e+00,2.154382e+00,4.865640e-01,-3.939249e+00,2.823648e+00
fru,1.930000,1.882573e+02,8.070280e-01,4.562464e-03,1.202509e-02,5.842390e-02,7.415401e-01,8.066724e-01,1.131267e-01,2.708333e-02,2.620772e-01,4.583520e-01,6.002977e-01,1.043228e+00,8.733990e-01,5.607958e-01,5.371262e-01,5.902319e-01,6.926796e-01,5.320522e-01,7.707279e-01,9.512772e-01,1.011945e+00,8.650386e-01,7.962335e-01,9.879058e-01,1.138697e+00,1.173935e+00,1.121503e+00,1.255971e+00,1.253800e+00,8.659261e-01,8.134613e-01,5.868160e-01,5.491449e-01,6.808591e-01,1.668582e+00,7.944097e-03,1.875000e+02,1.875000e+02,2.291667e+02,375,1.965859e-01,2.709895e+00,2.270177e+04,1.035384e+01,2.151176e+02,-3.042718e-01,4.144000e+01,6.528771e+00,2.651171e+01,8.374248e+00,-6.168758e+00,-1.612479e+01,-1.436099e+01,-2.177526e+00,-8.908774e+00,-1.451345e+01,-1.151607e+01,-2.673278e+00,1.297681e+00,1.955211e-04,-2.439619e-03,-3.796215e-03,-1.053198e-02,-5.836473e-02,-1.222342e-01,-6.550132e-03,-3.229167e-03,-9.905748e-03,-3.823790e-03,7.534432e-03,-5.259514e-02,-5.799118e-02,-1.381026e-01,-8.906213e-02,-7.353436e-02,-1.327960e-01,-7.970794e-02,-1.525485e-01,-7.896156e-02,-9.948728e-02,-2.473841e-01,-2.934954e-01,-2.083611e-01,-2.674735e-01,-3.382713e-01,-3.893651e-01,-2.593112e-01,-1.971181e-01,2.742422e-03,2.048796e-02,-1.918403e-02,-2.316286e-02,2.788544e-03,-1.705918e-01,-3.952949e-03,0,0,-6.250000e+00,-5.208334e+00,-7.417892e-02,-6.574836e-02,-8.918230e+03,6.764609e-01,3.139604e+01,3.163526e-02,-3.846157e-01,2.666733e+00,-1.274703e+00,2.496684e+00,-1.162848e+00,-1.795210e+00,1.899831e+00,-1.661847e+00,1.642100e+00,3.233687e-01,-8.186978e-01,1.806300e+00
fru,1.940000,1.901115e+02,8.056341e-01,6.692080e-03,4.531316e-03,6.422599e-02,6.879561e-01,7.249890e-01,1.043215e-01,2.500000e-02,2.486805e-01,4.430494e-01,5.862072e-01,9.789031e-01,8.471031e-01,5.222127e-01,4.815536e-01,5.363929e-01,5.898092e-01,4.882240e-01,6.203228e-01,8.942593e-01,9.625080e-01,7.237692e-01,6.359110e-01,8.848228e-01,9.888375e-01,9.287769e-01,8.592907e-01,9.997118e-01,1.040501e+00,8.919662e-01,8.474353e-01,5.961148e-01,5.559564e-01,6.973937e-01,1.406689e+00,6.716447e-03,1.875000e+02,1.875000e+02,2.291667e+02,375,2.046616e-01,2.655784e+00,2.186811e+04,1.064190e+01,2.263448e+02,-2.562388e-01,4.074289e+01,7.587633e+00,2.679593e+01,1.210038e+01,-7.122005e+00,-1.790978e+01,-1.419553e+01,-4.565670e+00,-5.641254e+00,-1.086660e+01,-1.028530e+01,-4.375997e+00,2.074181e+00,-1.657486e-04,4.539105e-04,-2.228108e-03,-1.232483e-02,-4.249214e-02,-7.088139e-02,-5.307343e-03,-1.145833e-03,-1.358541e-02,-1.511884e-02,-1.224834e-02,-7.716486e-02,-4.546649e-02,-4.731946e-02,-4.985952e-02,-4.759769e-02,-7.797517e-02,-3.897246e-02,-1.167065e-01,-5.298271e-02,-6.001678e-02,-1.223671e-01,-1.354217e-01,-1.069321e-01,-1.395938e-01,-2.023656e-01,-2.146699e-01,-1.841146e-01,-1.560813e-01,2.641417e-02,2.621523e-02,9.261930e-03,4.275960e-03,7.476860e-03,-1.643212e-01,-1.483445e-03,0,0,-3.125001e+00,-1.875000e+01,-3.265941e-02,-8.735788e-02,-1.793639e+03,8.617662e-01,3.586429e+01,2.994292e-02,-5.118004e-01,1.119185e+00,-9.133796e-02,8.700553e-01,5.792481e-01,-1.853704e-01,1.429451e+00,2.939026e-01,6.833897e-02,-5.618520e-01,3.952120e-01,-1.818522e-01
fru,1.950000,1.925416e+02,8.077419e-01,1.001802e-02,5.863857e-03,4.512039e-02,6.498671e-01,6.851919e-01,1.014653e-01,2.395833e-02,2.319884e-01,4.178985e-01,5.558203e-01,8.854621e-01,8.072622e-01,5.206358e-01,4.442673e-01,4.965695e-01,5.497201e-01,4.662476e-01,5.326842e-01,8.518111e-01,9.116381e-01,6.711894e-01,5.981548e-01,8.375788e-01,9.297606e-01,8.125525e-01,7.614333e-01,8.779562e-01,9.085556e-01,9.369219e-01,8.848082e-01,6.301698e-01,5.803667e-01,7.135380e-01,1.328749e+00,5.057507e-03,1.875000e+02,1.875000e+02,2.187500e+02,3.333333e+02,1.761958e-01,2.493226e+00,1.855367e+04,1.211531e+01,2.834989e+02,-2.426044e-01,4.023639e+01,8.839736e+00,2.473960e+01,1.122268e+01,-2.686314e+00,-1.580789e+01,-1.151576e+01,-1.984216e+00,-9.020249e+00,-1.501121e+01,-1.056678e+01,-4.010480e+00,2.830539e+00,-3.467202e-04,1.394228e-03,-9.810000e-04,-6.246060e-03,-1.792395e-02,-3.462147e-02,-2.148828e-03,9.375002e-04,-1.522554e-02,-1.959500e-02,-1.904976e-02,-9.209158e-02,-4.847081e-02,-1.619852e-02,-2.563902e-02,-2.787489e-02,-3.398076e-02,-1.151943e-02,-7.009103e-02,-3.666582e-02,-4.924611e-02,-4.657582e-02,-2.955937e-02,-4.994918e-02,-6.038304e-02,-8.121645e-02,-6.504887e-02,-6.874762e-02,-8.584528e-02,2.815015e-02,1.395065e-02,1.457602e-02,6.543785e-03,-1.040466e-02,-7.732987e-02,-1.733963e-04,0,2.083334e+00,-1.041667e+00,-2.291667e+01,-1.123251e-02,-8.363728e-02,2.921439e+03,7.627538e-01,2.408142e+01,1.393347e-02,-4.708862e-01,-3.476764e-01,1.782992e+00,-1.952368e+00,1.691262e+00,1.309434e+00,4.999821e-01,1.241282e+00,-1.713562e+00,-2.169594e+00,1.517822e+00,-1.617704e+00
fru,1.960000,1.957025e+02,8.066747e-01,1.001455e-02,6.223624e-03,3.410139e-02,6.293700e-01,6.632494e-01,1.020037e-01,2.395833e-02,2.167061e-01,3.970056e-01,5.345415e-01,7.742472e-01,7.369464e-01,5.111967e-01,4.272176e-01,4.722262e-01,5.403731e-01,4.634853e-01,4.934737e-01,8.279908e-01,8.624610e-01,6.576855e-01,6.059525e-01,8.002057e-01,8.909578e-01,7.751744e-01,7.538357e-01,8.639953e-01,8.682005e-01,9.656491e-01,8.811030e-01,6.447425e-01,5.882916e-01,6.908187e-01,1.327735e+00,4.811078e-03,1.875000e+02,1.875000e+02,2.187500e+02,2.916667e+02,1.441440e-01,2.366987e+00,1.679526e+04,1.343597e+01,3.260967e+02,-2.426803e-01,4.055991e+01,8.028018e+00,2.731952e+01,9.531480e+00,-1.091723e+00,-1.562974e+01,-1.263399e+01,3.187695e+00,-9.754287e+00,-1.521943e+01,-1.137123e+01,-7.687090e+00,3.448338e+00,-4.778504e-04,4.974880e-04,2.101860e-05,-2.356204e-03,1.909002e-02,-5.765426e-03,4.668988e-04,4.583334e-03,-1.558501e-02,-1.787307e-02,-1.305548e-02,-8.468393e-02,-4.228351e-02,-1.694136e-02,-5.494988e-03,-3.479216e-03,-6.565744e-03,9.093088e-03,-3.334405e-02,-3.682442e-02,-5.222473e-02,-4.177320e-03,4.654580e-02,-1.294708e-02,-6.455481e-03,3.819241e-02,6.325702e-02,6.469905e-02,-3.278649e-03,1.529880e-02,6.060892e-03,7.431590e-03,-6.263507e-03,-3.900184e-02,-9.837675e-03,2.249134e-03,0,5.208333e+00,1.145833e+01,-7.291669e+00,-4.345945e-03,-6.722712e-03,1.309181e+04,7.313184e-02,-4.821805e+00,1.802570e-03,-8.556522e-01,-1.597064e+00,4.946851e+00,-5.204305e+00,-6.537266e-02,2.227858e+00,3.675989e-01,-7.274546e-02,-3.233544e+00,-4.150423e+00,4.699730e+00,-2.472960e+00
fru,1.970000,1.996145e+02,8.047741e-01,9.872370e-03,6.273940e-03,4.225590e-02,6.812134e-01,6.644349e-01,1.035415e-01,3.229167e-02,2.019366e-01,3.833989e-01,5.308818e-01,6.850980e-01,6.861233e-01,4.853112e-01,4.360992e-01,4.829408e-01,5.474938e-01,4.868244e-01,4.836973e-01,8.010824e-01,8.157377e-01,6.652014e-01,6.634158e-01,7.804685e-01,8.857214e-01,8.446543e-01,8.489861e-01,9.800913e-01,9.107243e-01,9.698353e-01,8.663807e-01,6.353822e-01,5.656962e-01,6.321233e-01,1.321410e+00,8.029800e-03,1.875000e+02,1.979167e+02,2.291667e+02,3.020833e+02,1.706821e-01,2.436107e+00,3.984539e+04,1.277057e+01,2.856488e+02,-2.413837e-01,3.917706e+01,4.570197e+00,3.516487e+01,-1.031427e-01,-7.275906e-01,-1.071764e+01,-1.264185e+01,1.521988e-01,-1.542007e+01,-2.318500e+01,-3.383991e+00,-9.106252e+00,3.848207e+00,-2.592146e-04,2.733678e-04,-8.494580e-04,1.487161e-03,6.178635e-02,2.920150e-02,1.683719e-03,7.604167e-03,-1.578076e-02,-1.486600e-02,-4.341191e-03,-5.218088e-02,-9.910846e-03,-2.103827e-02,1.078755e-02,2.107004e-02,3.488016e-03,2.187862e-02,-1.264590e-02,-4.441170e-02,-5.310867e-02,2.741878e-02,1.367831e-01,5.140340e-02,7.038236e-02,1.934925e-01,2.306165e-01,2.206004e-01,6.914724e-02,-6.163317e-03,1.898861e-02,6.454742e-03,-1.987902e-02,-6.894607e-02,2.555141e-02,6.006917e-03,0,8.333333e+00,2.916667e+01,2.083333e+01,1.721863e-02,1.035968e-01,3.006087e+04,-1.266084e+00,-5.698228e+01,-4.341529e-03,-1.529514e+00,-2.805744e+00,8.040407e+00,-6.968471e+00,-3.170461e+00,1.746258e+00,-2.897731e-01,-2.143953e+00,-1.898630e+00,-5.647365e+00,7.886464e+00,-3.751172e+00
fru,1.980000,2.038168e+02,8.047287e-01,9.252344e-03,4.431367e-03,5.387722e-02,7.677330e-01,7.065404e-01,1.056179e-01,4.375000e-02,1.857813e-01,3.709339e-01,5.333990e-01,6.556655e-01,6.962550e-01,4.551682e-01,4.581628e-01,5.258112e-01,5.580936e-01,5.234010e-01,4.780960e-01,7.355015e-01,7.493345e-01,7.058766e-01,8.360095e-01,8.486426e-01,9.785797e-01,1.103688e+00,1.131799e+00,1.272140e+00,1.023024e+00,9.520034e-01,8.869535e-01,6.306666e-01,5.319741e-01,5.430918e-01,1.361170e+00,1.647597e-02,1.875000e+02,2.083333e+02,2.812500e+02,3.541667e+02,1.856887e-01,2.650730e+00,7.668127e+04,1.067993e+01,2.011608e+02,-2.478362e-01,3.699429e+01,1.737081e+00,4.631755e+01,-8.258235e+00,-8.428230e+00,-9.315618e+00,-1.179449e+01,-5.997604e+00,-1.860907e+01,-2.753181e+01,9.621957e+00,-1.419291e+01,3.821655e+00,1.251012e-03,1.950628e-03,-3.928693e-04,-8.844320e-04,8.388881e-02,7.453297e-02,1.968639e-03,7.604167e-03,-1.629869e-02,-1.356623e-02,1.081955e-03,-1.068754e-02,3.879442e-02,-1.663152e-02,2.000823e-02,3.745397e-02,3.149980e-03,2.281255e-02,-1.498193e-03,-5.188116e-02,-4.885712e-02,5.912588e-02,2.496958e-01,1.524362e-01,1.831605e-01,3.838267e-01,4.568590e-01,3.922041e-01,1.239763e-01,-2.175489e-02,6.093621e-02,2.762467e-02,-1.400374e-02,-8.011018e-02,4.412199e-02,9.877600e-03,0,8.333333e+00,3.333334e+01,3.333334e+01,2.474618e-02,1.491005e-01,4.852138e+04,-2.062895e+00,-7.951483e+01,-7.708919e-03,-2.366142e+00,-2.545225e+00,8.184282e+00,-6.015806e+00,-5.303023e+00,1.326024e+00,-8.230955e-01,-3.078271e+00,-5.566624e-01,-5.440314e+00,8.472119e+00,-4.685352e+00
fru,1.990000,2.077255e+02,8.074188e-01,1.176596e-02,2.512695e-03,4.266829e-02,8.896174e-01,8.095539e-01,1.080768e-01,5.208333e-02,1.685470e-01,3.566044e-01,5.346856e-01,6.838486e-01,7.780537e-01,4.434587e-01,4.827324e-01,5.751272e-01,5.583000e-01,5.456828e-01,4.771436e-01,6.759973e-01,7.026580e-01,7.841877e-01,1.167042e+00,1.070377e+00,1.237862e+00,1.615758e+00,1.725534e+00,1.776886e+00,1.176880e+00,9.129282e-01,9.768260e-01,6.694815e-01,5.091303e-01,4.426711e-01,1.439788e+00,2.925964e-02,1.875000e+02,2.187500e+02,3.333333e+02,4.062500e+02,2.415166e-01,2.869339e+00,1.389150e+05,7.162916e+00,6.105546e+01,-2.617340e-01,3.437162e+01,-2.043514e+00,5.544262e+01,-1.472482e+01,-1.487036e+01,-1.023367e+01,-1.338437e+01,-8.111334e+00,-1.408601e+01,-3.709184e+01,1.836895e+01,-1.951343e+01,3.443666e+00,2.321780e-03,3.583245e-03,6.999181e-04,-9.000795e-03,7.971929e-02,1.162021e-01,2.218747e-03,4.166666e-03,-1.611597e-02,-1.286254e-02,4.089308e-03,1.270965e-02,7.058592e-02,-2.368557e-03,2.362029e-02,3.156205e-02,-5.545395e-03,1.163169e-02,5.312207e-03,-4.370666e-02,-3.214201e-02,8.914324e-02,3.343326e-01,2.664803e-01,2.942401e-01,5.355288e-01,6.703970e-01,5.227089e-01,1.583436e-01,-1.567246e-02,1.036643e-01,6.222937e-02,1.778916e-02,-6.470048e-02,5.476792e-02,1.338224e-02,0,5.208333e+00,1.770833e+01,2.604167e+01,1.699155e-02,1.013903e-01,6.393936e+04,-2.001432e+00,-6.716789e+01,-1.003406e-02,-2.838012e+00,-1.518087e+00,6.368556e+00,-3.040931e+00,-5.260918e+00,2.252173e-01,-1.788085e+00,-1.224341e+00,1.111544e+00,-2.500130e+00,4.975853e+00,-4.908480e+00
fru,2.000000,2.107553e+02,8.116074e-01,1.882089e-02,6.139900e-03,2.947304e-02,9.446121e-01,9.633548e-01,1.095792e-01,5.208333e-02,1.519075e-01,3.425717e-01,5.380494e-01,7.214342e-01,8.849533e-01,4.489653e-01,5.039421e-01,6.134029e-01,5.507200e-01,5.481189e-01,4.892596e-01,6.311275e-01,6.747153e-01,8.938217e-01,1.602619e+00,1.417432e+00,1.630690e+00,2.308756e+00,2.599857e+00,2.426618e+00,1.355004e+00,8.853283e-01,1.130561e+00,7.658163e-01,5.465558e-01,3.849939e-01,1.489155e+00,4.358416e-02,1.875000e+02,2.187500e+02,3.333333e+02,4.062500e+02,2.324577e-01,2.895873e+00,2.098673e+05,5.925323e+00,4.081920e+01,-2.710497e-01,3.113192e+01,-1.391251e+00,5.810205e+01,-1.323671e+01,-2.053545e+01,-9.241605e+00,-1.637820e+01,-8.071897e+00,-1.320463e+01,-3.546758e+01,2.011289e+01,-2.591026e+01,2.843808e+00,2.045524e-03,3.553421e-03,2.251904e-03,-1.114209e-02,6.479055e-02,1.380183e-01,3.457662e-03,9.375002e-04,-1.438153e-02,-1.025466e-02,8.861244e-03,2.130085e-03,6.065009e-02,1.332420e-02,2.808188e-02,6.328708e-03,-1.490140e-02,3.289533e-03,1.396654e-02,-1.962728e-02,-4.115665e-03,1.118614e-01,3.468396e-01,3.442590e-01,3.624156e-01,5.727817e-01,7.743229e-01,5.594087e-01,1.693676e-01,3.157394e-02,1.176481e-01,8.890167e-02,5.962097e-02,-2.387683e-02,8.318289e-02,1.714076e-02,0,2.083334e+00,-1.041667e+01,0,1.533905e-02,1.720500e-03,6.787382e+04,-1.418160e+00,-3.861164e+01,-1.600967e-02,-2.904303e+00,-7.337617e-01,3.778037e+00,-4.450608e-01,-3.000439e+00,6.045194e-01,-1.361792e+00,6.487474e-01,4.708295e-01,1.078125e+00,6.229461e-01,-3.559409e+00
fru,2.010000,2.133635e+02,8.129437e-01,2.300432e-02,8.919264e-03,9.454014e-03,9.913704e-01,1.117038e+00,1.126546e-01,4.895833e-02,1.382937e-01,3.332673e-01,5.490032e-01,7.157619e-01,9.447038e-01,4.765698e-01,5.313110e-01,5.969552e-01,5.234537e-01,5.326239e-01,5.046765e-01,6.347361e-01,6.923372e-01,1.016945e+00,1.951774e+00,1.828475e+00,2.030866e+00,2.919765e+00,3.466943e+00,3.016396e+00,1.536452e+00,9.248106e-01,1.262898e+00,8.789542e-01,6.473511e-01,3.876698e-01,1.531257e+00,6.138692e-02,1.875000e+02,2.187500e+02,2.916667e+02,4.062500e+02,2.322554e-01,2.820487e+00,2.929492e+05,5.140716e+00,2.998011e+01,-2.799473e-01,2.791818e+01,-1.456072e+00,6.111540e+01,-1.281856e+01,-2.097857e+01,-9.628555e+00,-1.929042e+01,-4.932360e+00,-1.256457e+01,-3.171777e+01,1.624981e+01,-2.778998e+01,1.994455e+00,-3.237784e-04,1.406466e-03,2.561803e-03,-5.484427e-03,5.436813e-02,1.320014e-01,5.556848e-03,-4.166663e-04,-1.114797e-02,-5.232015e-03,1.616175e-02,-3.175734e-02,1.273900e-02,2.361493e-02,3.700175e-02,-2.434270e-02,-1.825408e-02,1.043074e-02,2.529983e-02,2.215069e-03,2.011403e-02,1.297318e-01,3.023729e-01,3.535941e-01,3.731440e-01,4.628126e-01,6.911737e-01,4.738174e-01,1.519982e-01,1.347699e-01,8.986075e-02,9.018607e-02,9.200267e-02,2.972834e-02,1.376197e-01,2.369564e-02,0,0,-2.500000e+01,-1.354167e+01,1.302591e-02,-7.071576e-02,5.966370e+04,-7.340957e-01,-9.991529e+00,-2.691242e-02,-2.522338e+00,-3.990623e-01,1.837726e+00,1.279000e+00,-1.212228e+00,8.729876e-01,5.774909e-01,1.355654e+00,-1.349467e+00,4.122895e+00,-2.290571e+00,-1.639639e+00
fru,2.020000,2.152168e+02,8.121939e-01,2.140027e-02,1.248761e-02,1.477390e-02,1.040809e+00,1.242890e+00,1.206174e-01,5.000000e-02,1.290003e-01,3.313291e-01,5.705464e-01,6.503592e-01,9.161804e-01,5.052336e-01,5.742829e-01,5.465407e-01,5.010098e-01,5.463781e-01,5.341622e-01,6.579957e-01,7.339166e-01,1.148805e+00,2.177841e+00,2.190888e+00,2.394156e+00,3.315593e+00,4.132709e+00,3.449428e+00,1.690076e+00,1.103932e+00,1.332158e+00,9.704385e-01,7.609685e-01,4.512084e-01,1.731350e+00,8.611614e-02,1.875000e+02,2.187500e+02,250,3.541667e+02,2.670146e-01,2.683758e+00,3.390333e+05,4.600230e+00,2.364028e+01,-3.187779e-01,2.569950e+01,-2.225448e+00,6.237134e+01,-1.143667e+01,-2.037632e+01,-6.595577e+00,-1.565043e+01,-4.343354e+00,-1.701564e+01,-2.482822e+01,1.379626e+01,-2.785168e+01,7.214035e-01,-6.165773e-03,-2.518528e-03,1.156868e-03,1.103273e-03,5.866989e-02,1.081497e-01,7.511591e-03,2.083335e-04,-7.354135e-03,5.002737e-04,2.321222e-02,-6.155466e-02,-4.009793e-02,3.018203e-02,4.843321e-02,-4.072470e-02,-8.640918e-03,3.183784e-02,4.134730e-02,1.533865e-02,3.845808e-02,1.526196e-01,2.746740e-01,2.984417e-01,3.501274e-01,2.702853e-01,4.594923e-01,3.023892e-01,9.816172e-02,2.693878e-01,3.696613e-02,6.719556e-02,9.059171e-02,7.062218e-02,1.970069e-01,3.247919e-02,2.083334e+00,0,-2.083333e+01,-8.333334e+00,1.662031e-02,-7.085402e-02,4.294509e+04,-5.345458e-01,-5.874681e+00,-3.869599e-02,-1.513528e+00,-1.227327e+00,7.792031e-01,1.565002e+00,-4.784868e-01,6.058903e-01,2.606837e+00,7.221797e-01,-2.399659e+00,3.857334e+00,-2.506754e+00,2.879288e-01
fru,2.030000,2.154670e+02,8.055066e-01,1.750860e-02,1.214786e-02,2.259572e-02,1.113359e+00,1.329793e+00,1.303420e-01,5.104167e-02,1.242608e-01,3.360656e-01,5.992458e-01,5.605993e-01,8.261352e-01,5.333992e-01,6.325708e-01,4.868448e-01,4.918847e-01,5.987069e-01,5.811914e-01,6.736385e-01,7.736275e-01,1.305355e+00,2.391295e+00,2.451620e+00,2.721849e+00,3.426402e+00,4.414977e+00,3.634568e+00,1.769335e+00,1.477476e+00,1.325332e+00,1.018101e+00,8.619373e-01,5.582056e-01,2.006789e+00,1.264719e-01,1.875000e+02,2.187500e+02,250,3.645833e+02,2.893678e-01,2.621818e+00,3.726505e+05,4.154984e+00,1.968727e+01,-3.724320e-01,2.447614e+01,-3.621727e+00,6.249661e+01,-9.229839e+00,-2.101107e+01,-7.191744e+00,-1.086081e+01,-3.197336e+00,-1.892783e+01,-2.179704e+01,1.007441e+01,-2.674092e+01,-2.152603e+00,-1.400623e-02,-4.233094e-03,-4.806644e-04,4.133853e-03,5.289551e-02,7.783033e-02,7.182591e-03,1.250000e-03,-3.975210e-03,4.464135e-03,2.574443e-02,-6.503956e-02,-6.261771e-02,3.467944e-02,5.150063e-02,-3.151890e-02,1.230932e-02,5.546396e-02,6.577406e-02,1.497005e-02,4.877009e-02,1.802737e-01,3.047221e-01,2.026019e-01,3.012273e-01,6.644420e-02,1.633175e-01,1.019617e-01,1.514590e-02,3.623701e-01,-1.147914e-02,3.581675e-02,6.166195e-02,8.899973e-02,2.088604e-01,3.223416e-02,3.125001e+00,0,-8.333331e+00,1.145833e+01,1.369939e-02,-2.240055e-02,1.733671e+04,-3.670368e-01,-3.334716e+00,-4.083943e-02,-3.682234e-01,-1.405709e+00,-4.169735e-01,2.292295e+00,-1.116255e+00,-2.339748e-01,2.632542e+00,-3.041428e-01,-3.161013e+00,3.035956e+00,-8.144823e-01,1.309820e+00
fru,2.040000,2.133105e+02,7.844970e-01,8.976114e-03,1.030994e-02,2.841855e-02,1.176967e+00,1.397726e+00,1.382935e-01,5.208333e-02,1.221533e-01,3.436739e-01,6.289892e-01,4.912422e-01,7.437479e-01,5.714608e-01,6.954782e-01,4.648346e-01,5.232999e-01,6.742666e-01,6.577386e-01,6.883696e-01,8.263605e-01,1.512715e+00,2.756228e+00,2.598068e+00,3.035836e+00,3.406864e+00,4.423301e+00,3.629478e+00,1.729371e+00,1.955935e+00,1.284175e+00,1.032221e+00,8.922212e-01,6.528369e-01,2.236424e+00,1.734376e-01,1.979167e+02,2.187500e+02,250,3.854167e+02,2.870031e-01,2.640938e+00,3.847421e+05,3.745461e+00,1.659222e+01,-4.182873e-01,2.528530e+01,-6.445059e+00,6.130746e+01,-7.206060e+00,-2.291164e+01,-7.430559e+00,-7.558829e+00,-5.328510e+00,-2.202129e+01,-2.114128e+01,1.066682e+01,-2.499515e+01,-5.757591e+00,-1.863861e-02,-2.855536e-03,-1.317821e-03,1.316434e-02,1.294469e-02,3.758212e-02,2.433239e-03,9.374991e-04,-1.178803e-03,4.699442e-03,1.868276e-02,-4.059040e-02,-4.552135e-02,3.909362e-02,3.973778e-02,-1.070012e-02,3.087355e-02,5.922314e-02,8.207460e-02,1.031336e-02,5.461501e-02,1.911964e-01,2.994425e-01,9.098480e-02,1.967489e-01,-1.267699e-01,-1.378300e-01,-1.003667e-01,-7.055686e-02,3.312243e-01,-4.433113e-02,5.921936e-03,2.151678e-02,7.863127e-02,9.115887e-02,1.391024e-02,3.125001e+00,0,-2.083334e+00,25,2.243051e-02,2.544362e-02,-1.730465e+04,-1.749437e-02,7.328760e-01,-1.795372e-02,8.220816e-01,-6.578977e-01,-1.129804e+00,2.713070e+00,-1.571833e+00,-1.896075e+00,1.423761e+00,-4.523304e-01,-2.069091e+00,2.124009e+00,5.298069e-01,2.087774e+00
fru,2.050000,2.035537e+02,7.567610e-01,8.050928e-03,7.604773e-03,2.330095e-02,1.187769e+00,1.428772e+00,1.397295e-01,5.416666e-02,1.218412e-01,3.494155e-01,6.485040e-01,4.701226e-01,7.178314e-01,6.168534e-01,7.282165e-01,4.802137e-01,5.738552e-01,7.459995e-01,7.717586e-01,6.943994e-01,8.899657e-01,1.736359e+00,3.186191e+00,2.637895e+00,3.216162e+00,3.206350e+00,4.138234e+00,3.436179e+00,1.592534e+00,2.310659e+00,1.229494e+00,1.027147e+00,8.900345e-01,7.318541e-01,2.323022e+00,1.788970e-01,1.979167e+02,2.187500e+02,250,4.479167e+02,2.907581e-01,2.729894e+00,3.567783e+05,3.732917e+00,1.683056e+01,-4.343897e-01,2.628416e+01,-6.374812e+00,5.956247e+01,-3.472390e+00,-2.529218e+01,-1.038094e+01,-1.017351e+01,-5.960496e+00,-2.586681e+01,-1.838146e+01,1.374212e+01,-2.266914e+01,-8.099216e+00,-1.652992e-02,8.443594e-04,-5.968650e-04,2.850010e-02,-6.514506e-02,-2.102113e-02,-6.926359e-03,5.208344e-04,1.689050e-03,-2.755403e-04,-3.270453e-03,-7.261339e-03,-1.462155e-02,3.540445e-02,1.160560e-02,1.181811e-03,3.037713e-02,3.711228e-02,7.326833e-02,2.888680e-03,5.385802e-02,1.436741e-01,1.394388e-01,-3.531456e-02,1.347761e-02,-3.033161e-01,-4.039174e-01,-2.938846e-01,-1.297376e-01,1.558512e-01,-6.071461e-02,-1.997978e-02,-1.941678e-02,4.533364e-02,-1.458423e-01,-1.832730e-02,-2.083334e+00,-2.083334e+00,-5.208333e+00,1.354167e+01,5.779542e-02,4.492123e-02,-5.520320e+04,4.637872e-01,6.086339e+00,2.760760e-02,1.440658e+00,9.165284e-01,-1.750366e+00,3.411694e+00,-5.218145e-01,-2.899862e+00,3.758885e-01,-3.990172e-01,1.004053e+00,2.774586e+00,5.770782e-01,3.305659e+00
fru,2.060000,1.923855e+02,7.433737e-01,1.185143e-02,8.170043e-03,8.024300e-02,1.068328e+00,1.381311e+00,1.280898e-01,5.312500e-02,1.243161e-01,3.481513e-01,6.393312e-01,4.926456e-01,7.427256e-01,6.589746e-01,7.251490e-01,4.963557e-01,6.143922e-01,7.688475e-01,8.492516e-01,6.991821e-01,9.488226e-01,1.889285e+00,3.277605e+00,2.552675e+00,3.130743e+00,2.791770e+00,3.581930e+00,3.046788e+00,1.425692e+00,2.343461e+00,1.158421e+00,9.955252e-01,8.545038e-01,7.575405e-01,2.029028e+00,1.294548e-01,1.979167e+02,2.187500e+02,2.395833e+02,4.375000e+02,3.784720e-01,2.756938e+00,2.604461e+05,4.723792e+00,2.873302e+01,-3.775677e-01,2.890590e+01,-4.138394e+00,5.818939e+01,-7.500424e-01,-2.609493e+01,-1.448136e+01,-8.875271e+00,-5.223426e+00,-2.389161e+01,-1.591597e+01,1.461144e+01,-1.944870e+01,-6.999771e+00,-6.082875e-03,1.131319e-02,6.189635e-03,4.053612e-02,-1.373181e-01,-9.220856e-02,-1.754227e-02,3.125019e-04,4.686461e-03,-1.032908e-02,-3.820331e-02,1.299960e-02,-5.350512e-03,1.678799e-02,-2.230276e-02,-6.046152e-03,6.934732e-03,-2.098322e-03,3.265329e-02,-5.457872e-03,4.319499e-02,2.831268e-02,-1.808492e-01,-1.685068e-01,-2.064829e-01,-4.547613e-01,-6.107966e-01,-4.607425e-01,-1.436889e-01,-7.319979e-02,-6.428887e-02,-4.254192e-02,-4.930591e-02,1.960498e-03,-4.088689e-01,-4.352582e-02,-8.333334e+00,-5.208333e+00,-8.333333e+00,-4.166666e+00,5.905024e-02,5.037902e-02,-6.661897e+04,7.058943e-01,8.618803e+00,7.725527e-02,1.268924e+00,1.959904e+00,-2.668391e+00,3.268326e+00,2.051352e+00,-3.186193e+00,1.125807e+00,6.902590e-02,4.465882e+00,3.210017e+00,-1.641587e+00,4.279884e+00
fru,2.070000,1.854335e+02,7.434187e-01,2.029274e-02,1.023349e-02,1.391840e-01,8.419537e-01,1.232895e+00,1.008120e-01,5.312501e-02,1.316246e-01,3.324492e-01,5.777225e-01,5.235909e-01,7.535386e-01,6.666646e-01,6.757634e-01,4.769933e-01,5.982242e-01,7.369779e-01,8.517765e-01,6.826757e-01,9.816866e-01,1.835441e+00,2.827801e+00,2.297744e+00,2.741783e+00,2.217369e+00,2.816075e+00,2.456491e+00,1.272487e+00,2.062968e+00,1.084636e+00,9.365497e-01,7.837121e-01,7.325220e-01,1.381275e+00,5.682679e-02,1.770833e+02,2.083333e+02,2.291667e+02,4.062500e+02,5.326104e-01,2.788424e+00,1.587825e+05,5.984755e+00,4.404857e+01,-2.547538e-01,2.986913e+01,-1.924175e-01,5.530381e+01,4.600625e+00,-2.202849e+01,-1.816565e+01,-8.323143e+00,-5.244964e+00,-1.297241e+01,-1.053677e+01,1.098749e+01,-1.298585e+01,-2.942297e+00,5.926955e-03,1.610585e-02,1.441316e-02,3.480431e-02,-1.546809e-01,-1.465326e-01,-2.302352e-02,-3.124989e-04,6.360412e-03,-2.249247e-02,-7.353856e-02,1.005550e-02,-2.931097e-02,-1.380308e-02,-4.997260e-02,-2.122052e-02,-1.967841e-02,-3.563991e-02,-1.857477e-02,-5.538392e-03,3.686243e-02,-1.112329e-01,-4.956182e-01,-2.769604e-01,-3.660800e-01,-5.158175e-01,-6.947980e-01,-5.487846e-01,-1.219253e-01,-2.222624e-01,-4.891704e-02,-5.617262e-02,-7.218871e-02,-4.259752e-02,-5.353831e-01,-4.432746e-02,-9.375000e+00,-8.333333e+00,-8.333333e+00,-1.770833e+01,1.761043e-02,5.888822e-02,-4.340798e+04,4.827050e-01,5.799961e+00,1.002354e-01,5.723823e-01,1.261913e+00,-3.334717e+00,2.520012e+00,5.247545e+00,-2.844308e+00,2.521777e+00,-9.873236e-01,6.322965e+00,2.203091e+00,-3.750741e+00,5.205462e+00
fru,2.080000,1.873718e+02,7.607538e-01,5.942116e-02,3.994376e-02,1.731576e-01,6.632841e-01,1.034621e+00,7.004083e-02,5.416667e-02,1.406939e-01,3.005117e-01,4.733634e-01,5.295060e-01,6.991418e-01,6.304951e-01,6.101909e-01,4.362141e-01,5.457891e-01,6.682858e-01,7.809961e-01,6.669421e-01,9.964750e-01,1.604737e+00,2.031178e+00,1.925610e+00,2.240611e+00,1.627548e+00,2.030398e+00,1.815610e+00,1.170950e+00,1.713781e+00,1.035160e+00,8.648098e-01,6.988528e-01,6.623055e-01,6.629525e-01,1.684363e-02,1.666667e+02,1.979167e+02,2.187500e+02,3.854167e+02,4.613281e-01,2.863568e+00,1.506451e+05,6.149013e+00,4.607723e+01,-1.218289e-01,2.983743e+01,2.632647e-01,5.009484e+01,5.099061e+00,-1.428672e+01,-1.946917e+01,-2.854978e+00,-5.341146e+00,-6.139081e+00,-9.013542e+00,3.836194e+00,-8.437378e+00,5.927628e-01,1.382627e-02,1.443652e-02,1.918374e-02,4.801445e-03,-9.531181e-02,-1.502749e-01,-1.939711e-02,-1.145834e-03,4.968961e-03,-3.090529e-02,-9.022357e-02,-6.505281e-03,-6.444533e-02,-4.534549e-02,-6.314467e-02,-2.223847e-02,-2.100876e-02,-3.650930e-02,-3.800890e-02,1.340219e-02,6.148329e-02,-1.938903e-01,-6.095036e-01,-3.107666e-01,-3.847050e-01,-4.593085e-01,-6.179258e-01,-5.046110e-01,-7.324012e-02,-2.177685e-01,-5.384183e-03,-4.743938e-02,-7.510006e-02,-6.902503e-02,-4.360119e-01,-2.543947e-02,-5.208334e+00,-6.249999e+00,-3.124999e+00,-1.041667e+01,-5.952734e-02,7.599618e-02,3.159572e+03,-1.170377e-01,-1.601158e+00,8.080444e-02,-4.402412e-01,-5.946020e-01,-3.653744e+00,1.424065e+00,7.379299e+00,-1.955862e+00,2.524761e+00,-2.420807e+00,4.171527e+00,-8.205214e-01,-4.062848e+00,4.561245e+00
fru,2.090000,1.913491e+02,7.777057e-01,6.479531e-02,6.378371e-02,1.508652e-01,6.168862e-01,8.694540e-01,5.363636e-02,5.208333e-02,1.454543e-01,2.607730e-01,3.637950e-01,5.019699e-01,5.930685e-01,5.620778e-01,5.358325e-01,4.041820e-01,5.097647e-01,6.180808e-01,7.130125e-01,6.828274e-01,1.050452e+00,1.322468e+00,1.331314e+00,1.566625e+00,1.830828e+00,1.209373e+00,1.440011e+00,1.307846e+00,1.110278e+00,1.514187e+00,1.046539e+00,8.116414e-01,6.069164e-01,5.664840e-01,3.291442e-01,1.356526e-02,1.666667e+02,1.875000e+02,2.187500e+02,3.854167e+02,3.373822e-01,2.971020e+00,1.946390e+05,5.433831e+00,3.715826e+01,-6.108192e-02,2.868031e+01,-2.266078e+00,4.693616e+01,6.203119e+00,-4.958565e+00,-2.210857e+01,-5.747757e-01,-1.083825e+01,-3.128251e+00,-1.081722e+01,3.760346e-01,-2.147491e+00,1.612555e+00,1.578620e-02,7.681716e-04,1.142371e-02,-8.546819e-03,2.551615e-03,-9.690493e-02,-8.486481e-03,-2.083336e-03,1.651764e-04,-3.088001e-02,-7.812444e-02,-1.405430e-02,-7.190508e-02,-6.143405e-02,-5.566058e-02,2.799266e-03,2.318463e-02,6.359851e-03,-6.779909e-03,6.413428e-02,1.410580e-01,-1.653875e-01,-4.911419e-01,-2.441322e-01,-2.644852e-01,-3.082719e-01,-4.100413e-01,-3.395052e-01,-1.276002e-02,-1.091503e-01,4.724747e-02,-1.713572e-02,-5.241609e-02,-7.121161e-02,-2.043219e-01,-1.033003e-03,5.208334e+00,1.041667e+01,1.354166e+01,8.437501e+01,-7.655597e-02,1.066290e-01,3.594440e+04,-6.218869e-01,-7.305557e+00,3.704173e-02,-5.540266e-01,-2.798998e+00,-3.501188e+00,3.520041e-01,6.001047e+00,-1.018025e+00,-3.467898e-01,-3.354476e+00,5.978767e-01,-4.007765e+00,-2.436229e+00,3.642667e+00
fru,2.100000,1.923916e+02,7.953615e-01,6.178275e-02,7.731362e-02,9.840965e-02,7.043026e-01,8.116568e-01,5.469215e-02,4.791667e-02,1.422461e-01,2.294630e-01,2.951771e-01,4.709297e-01,5.007340e-01,4.845406e-01,4.793911e-01,4.215690e-01,5.535781e-01,6.457496e-01,7.285891e-01,7.661172e-01,1.221856e+00,1.176320e+00,9.783309e-01,1.364401e+00,1.662696e+00,9.992250e-01,1.180333e+00,1.098056e+00,1.140596e+00,1.529009e+00,1.150548e+00,8.207824e-01,5.674013e-01,4.954343e-01,3.750343e-01,2.388823e-02,1.770833e+02,1.979167e+02,2.291667e+02,3.958333e+02,1.784494e-01,3.045621e+00,2.583158e+05,4.414065e+00,2.417238e+01,-7.038143e-02,2.729910e+01,-6.074574e+00,4.410450e+01,5.569038e+00,2.266602e+00,-2.228921e+01,-1.256482e-01,-1.453082e+01,-7.956050e+00,-1.987835e+01,-3.970689e-01,-2.061651e+00,5.587616e-02,1.107647e-02,-1.385651e-02,-4.960352e-03,-3.092024e-03,9.035366e-02,-1.227784e-02,3.279981e-03,-6.250016e-04,-5.947026e-03,-2.389797e-02,-4.790456e-02,4.661721e-03,-3.129349e-02,-5.008330e-02,-2.686540e-02,4.758903e-02,1.005962e-01,8.481215e-02,6.746501e-02,1.473639e-01,2.841078e-01,-4.834165e-02,-2.577323e-01,-1.098275e-01,-9.525566e-02,-1.165824e-01,-1.567603e-01,-1.354843e-01,3.222843e-02,-2.352111e-02,7.370114e-02,2.165964e-02,-7.198840e-03,-4.671314e-02,3.296281e-02,2.112731e-02,2.187500e+01,3.437500e+01,3.645834e+01,2.187500e+02,-2.090121e-02,1.233080e-01,3.866871e+04,-7.860359e-01,-8.412768e+00,-7.472821e-03,7.596455e-02,-4.263403e+00,-4.124010e+00,-1.564687e-01,1.042032e+00,4.310951e-02,-5.474595e+00,-1.857473e+00,-2.397108e-01,-5.364017e+00,6.198232e-01,2.585840e+00
fru,2.110000,1.909863e+02,8.050458e-01,2.295280e-02,4.866710e-02,1.338239e-01,8.342025e-01,8.598525e-01,6.605398e-02,4.583333e-02,1.316744e-01,2.135735e-01,2.761935e-01,4.826076e-01,4.932171e-01,4.324716e-01,4.628604e-01,4.983121e-01,7.102528e-01,7.800453e-01,8.440805e-01,9.537595e-01,1.574286e+00,1.222712e+00,8.985147e-01,1.357687e+00,1.708315e+00,9.901711e-01,1.190900e+00,1.117742e+00,1.223864e+00,1.609603e+00,1.263179e+00,8.728848e-01,5.873575e-01,4.598996e-01,5.036247e-01,4.813947e-02,1.979167e+02,2.604167e+02,2.916667e+02,8.229167e+02,2.912699e-01,3.230542e+00,2.846692e+05,3.742794e+00,1.847321e+01,-9.526891e-02,2.836816e+01,-1.101849e+01,4.079305e+01,6.125657e+00,-2.999185e-01,-2.184576e+01,-1.142176e+01,-1.742251e+01,-9.074540e+00,-2.514319e+01,9.229743e-01,2.039627e+00,-1.906966e+00,2.525824e-03,-1.643381e-02,-1.683115e-02,1.222007e-02,1.383149e-01,6.781304e-02,1.001849e-02,3.541667e-03,-1.064446e-02,-1.594230e-02,-1.980699e-02,4.928955e-02,4.368712e-02,-5.298436e-04,3.000062e-02,1.061903e-01,1.819831e-01,1.736255e-01,1.555501e-01,2.570621e-01,4.680750e-01,8.984564e-02,-5.626290e-02,2.626634e-02,3.355664e-02,5.959466e-02,4.561434e-02,1.895520e-02,3.709744e-02,-3.890474e-02,4.231419e-02,4.434946e-02,4.699679e-02,-4.823950e-03,1.428466e-01,4.176239e-02,3.958333e+01,5.520834e+01,7.604167e+01,3.489583e+02,4.937036e-02,1.681097e-01,2.964914e+04,-7.679496e-01,-6.814037e+00,-2.925733e-02,1.404524e+00,-5.013786e+00,-5.681131e+00,-9.913940e-01,-4.968880e+00,1.142141e+00,-9.153942e+00,1.915475e+00,1.852345e+00,-4.109422e+00,2.071248e+00,1.412287e+00
fru,2.120000,1.878325e+02,8.024661e-01,1.105986e-02,2.270031e-02,1.662181e-01,1.006394e+00,9.780330e-01,8.023193e-02,5.416666e-02,1.178487e-01,2.046216e-01,2.776413e-01,5.624958e-01,5.926000e-01,4.448817e-01,5.123500e-01,6.270941e-01,9.485259e-01,1.011364e+00,1.052787e+00,1.268295e+00,2.155097e+00,1.412907e+00,9.589160e-01,1.480941e+00,1.825590e+00,1.154237e+00,1.371151e+00,1.233241e+00,1.275300e+00,1.548468e+00,1.295346e+00,9.424863e-01,6.726381e-01,4.820320e-01,7.405263e-01,1.051931e-01,2.604167e+02,3.333333e+02,3.645833e+02,1.260417e+03,3.798782e-01,3.350347e+00,2.989736e+05,3.064352e+00,1.335591e+01,-1.420995e-01,3.037333e+01,-1.667755e+01,3.254634e+01,4.355449e+00,-1.140588e+01,-1.938503e+01,-2.480446e+01,-1.133638e+01,-4.364490e+00,-2.867065e+01,6.661840e+00,2.398265e+00,-3.082729e+00,-7.991177e-03,-1.192539e-02,-1.857929e-02,9.280957e-03,1.377289e-01,1.163641e-01,1.031597e-02,6.875001e-03,-1.186485e-02,-1.165952e-02,-7.638889e-03,9.781978e-02,1.121025e-01,9.287940e-02,1.114812e-01,1.684423e-01,2.265039e-01,2.419659e-01,2.224785e-01,3.714351e-01,6.239667e-01,1.696624e-01,5.324147e-02,1.078189e-01,7.362030e-02,1.915201e-01,1.372595e-01,7.000675e-02,-8.621752e-03,-1.310318e-01,-3.560960e-02,3.784130e-02,8.408844e-02,3.775921e-02,1.391144e-01,5.006963e-02,4.791666e+01,5.312500e+01,9.479166e+01,3.479167e+02,7.906848e-02,2.205305e-01,1.879471e+04,-6.334633e-01,-4.439840e+00,-2.983049e-02,2.347898e+00,-4.526918e+00,-6.481350e+00,-1.311325e+00,-8.251839e+00,1.805593e+00,-8.709186e+00,4.930055e+00,5.441186e+00,-1.011911e+00,1.602725e+00,1.659475e-01
fru,2.130000,1.840938e+02,7.867826e-01,7.987686e-03,6.934613e-03,1.780613e-01,1.157415e+00,1.125331e+00,9.095892e-02,6.666667e-02,1.044307e-01,1.934822e-01,2.735280e-01,7.026346e-01,7.655711e-01,5.792580e-01,6.693561e-01,8.323709e-01,1.222206e+00,1.303401e+00,1.328664e+00,1.717049e+00,2.924206e+00,1.653403e+00,1.059707e+00,1.639687e+00,1.917164e+00,1.429840e+00,1.572673e+00,1.335029e+00,1.228414e+00,1.309934e+00,1.185711e+00,9.725367e-01,7.892820e-01,5.490654e-01,8.606312e-01,1.817248e-01,3.229167e+02,3.958333e+02,5.312500e+02,1.697917e+03,4.835196e-01,3.659206e+00,3.225558e+05,2.268939e+00,8.496311e+00,-1.715095e-01,3.416581e+01,-2.203353e+01,2.430958e+01,1.852943e+00,-2.296672e+01,-1.784996e+01,-3.400508e+01,-2.858095e+00,4.337696e+00,-2.696819e+01,7.202822e+00,2.683986e+00,-3.350673e+00,-1.371318e-02,-1.752387e-03,-9.372455e-03,-1.605361e-02,9.320210e-02,1.248170e-01,5.749437e-03,5.520834e-03,-8.788350e-03,-9.595908e-03,-7.240054e-03,1.194836e-01,1.300199e-01,2.125828e-01,1.956851e-01,2.153480e-01,2.057436e-01,2.572509e-01,2.417911e-01,4.401027e-01,6.341292e-01,1.609242e-01,8.707681e-02,1.178759e-01,4.068968e-02,2.530938e-01,1.248301e-01,4.277984e-02,-6.405298e-02,-2.064873e-01,-1.048427e-01,1.510270e-02,8.762357e-02,6.411657e-02,7.721160e-02,3.451277e-02,3.645834e+01,3.125000e+01,8.645833e+01,1.437500e+02,3.852611e-02,2.465982e-01,7.050616e+03,-3.998216e-01,-2.453199e+00,-1.769446e-02,2.441184e+00,-2.719263e+00,-5.121691e+00,-1.469493e+00,-6.621708e+00,1.812932e+00,-4.401450e+00,5.710508e+00,7.056417e+00,1.519552e+00,-1.604482e-01,-1.929600e+00
fru,2.140000,1.804242e+02,7.645373e-01,9.638340e-03,5.283391e-03,1.226958e-01,1.231341e+00,1.260738e+00,9.381955e-02,7.187500e-02,9.654369e-02,1.812111e-01,2.583154e-01,8.500151e-01,9.250697e-01,8.755444e-01,9.335491e-01,1.096751e+00,1.430121e+00,1.593901e+00,1.598690e+00,2.241648e+00,3.666730e+00,1.809286e+00,1.163942e+00,1.762496e+00,1.926373e+00,1.736991e+00,1.675745e+00,1.339446e+00,1.095212e+00,1.023685e+00,1.011234e+00,9.601629e-01,8.868813e-01,6.396474e-01,8.921028e-01,2.074437e-01,3.541667e+02,3.958333e+02,5.833333e+02,1.697917e+03,4.776670e-01,3.933942e+00,3.333461e+05,1.983676e+00,6.961632e+00,-1.814135e-01,3.613977e+01,-2.320164e+01,1.993948e+01,1.148769e+00,-2.765919e+01,-1.525914e+01,-3.237992e+01,2.837248e+00,1.254376e+01,-2.402541e+01,4.476633e+00,-1.554093e+00,-2.981125e+00,-1.064858e-02,5.582993e-03,1.449128e-03,-2.972122e-02,2.928591e-03,8.769555e-02,2.093121e-04,-6.250002e-04,-1.774190e-03,-4.564459e-03,-4.485174e-03,9.633096e-02,8.419301e-02,2.914689e-01,2.295727e-01,2.059326e-01,1.144538e-01,1.932395e-01,1.847825e-01,3.864252e-01,3.978977e-01,6.647302e-02,7.153763e-02,6.016173e-02,-3.052836e-02,2.215686e-01,4.062718e-02,-1.935703e-02,-8.282004e-02,-2.008496e-01,-1.254823e-01,-1.099219e-02,5.340015e-02,6.287289e-02,3.466582e-03,-5.457995e-03,3.125006e+00,-3.125006e+00,2.916666e+01,-1.125000e+02,1.610509e-02,1.785238e-01,-2.190761e+04,2.533222e-01,4.699374e+00,-7.502288e-04,1.857304e+00,7.944492e-01,-1.558820e+00,-4.788645e-01,-2.053052e+00,1.379200e+00,1.233576e-01,3.876022e+00,4.889178e+00,3.341998e+00,-2.057858e+00,-2.861959e+00
fru,2.150000,1.779371e+02,7.554443e-01,1.490163e-02,1.051329e-02,7.531708e-02,1.187740e+00,1.342585e+00,8.800735e-02,6.458333e-02,9.838518e-02,1.772993e-01,2.496562e-01,9.362658e-01,9.770818e-01,1.280054e+00,1.230687e+00,1.340223e+00,1.498173e+00,1.775031e+00,1.780084e+00,2.667597e+00,3.989115e+00,1.829144e+00,1.231386e+00,1.806289e+00,1.861372e+00,1.964263e+00,1.662754e+00,1.278538e+00,9.936428e-01,8.395579e-01,8.810208e-01,9.395599e-01,9.183537e-01,7.016748e-01,8.138945e-01,1.695780e-01,3.333333e+02,3.854167e+02,6.145833e+02,1.322917e+03,4.350061e-01,4.171736e+00,3.027360e+05,2.284024e+00,9.404353e+00,-1.640842e-01,3.769086e+01,-2.135275e+01,2.148802e+01,3.815342e-01,-2.528181e+01,-1.484404e+01,-2.964128e+01,4.043215e+00,1.775342e+01,-1.986805e+01,1.213337e+00,-5.632196e+00,-2.362677e+00,-1.161754e-03,1.197391e-02,1.036884e-02,-2.752290e-02,-9.183343e-02,1.106712e-02,-2.895764e-03,-7.187501e-03,7.464038e-03,5.393347e-03,7.130572e-03,3.931214e-02,2.130348e-03,2.546728e-01,1.745553e-01,1.173656e-01,-1.899865e-02,4.931673e-02,5.383400e-02,1.785859e-01,-3.867466e-02,-7.614710e-02,2.056764e-02,-4.456724e-02,-1.252293e-01,9.565686e-02,-6.635246e-02,-7.896231e-02,-4.687821e-02,-1.319391e-01,-9.599288e-02,-3.005682e-02,-1.968163e-03,3.752652e-02,-1.472955e-02,-4.228846e-02,-2.916666e+01,-3.437501e+01,-3.854166e+01,-3.291667e+02,-2.061286e-03,-2.672598e-02,-5.894651e+04,1.110033e+00,1.822570e+01,6.528680e-03,1.197308e+00,4.663271e+00,1.553688e+00,5.855467e-01,2.544457e+00,2.293630e-01,2.799531e+00,1.993682e+00,4.426283e-01,3.601190e+00,-2.924156e+00,-2.940826e+00
fru,2.160000,1.760052e+02,7.648923e-01,3.551785e-02,2.815661e-02,6.898411e-02,1.005875e+00,1.307884e+00,8.275427e-02,5.208333e-02,1.120005e-01,1.898908e-01,2.671514e-01,9.273350e-01,9.078097e-01,1.551828e+00,1.379548e+00,1.402831e+00,1.382811e+00,1.741747e+00,1.750989e+00,2.725147e+00,3.612131e+00,1.657402e+00,1.230765e+00,1.698449e+00,1.700844e+00,1.994869e+00,1.529247e+00,1.164701e+00,9.785848e-01,7.794082e-01,8.202795e-01,9.040138e-01,8.751030e-01,7.200918e-01,7.812275e-01,8.397651e-02,2.708333e+02,3.229167e+02,4.687500e+02,8.854167e+02,4.846604e-01,3.986701e+00,1.993454e+05,4.323421e+00,3.639876e+01,-1.495633e-01,3.789732e+01,-1.304569e+01,2.616302e+01,2.696831e+00,-2.051360e+01,-1.399198e+01,-2.636957e+01,4.593075e+00,1.337354e+01,-1.551072e+01,-6.327092e-01,-7.753437e+00,-1.845523e+00,7.373244e-03,1.470117e-02,1.305703e-02,-8.405517e-03,-1.536998e-01,-8.075546e-02,-2.950466e-03,-9.270832e-03,1.587119e-02,1.724962e-02,2.311269e-02,-2.026266e-02,-6.993996e-02,9.295231e-02,4.230229e-02,-1.992879e-02,-1.355109e-01,-1.260810e-01,-1.104412e-01,-1.227330e-01,-4.824923e-01,-2.102077e-01,-4.933139e-02,-1.588075e-01,-2.186742e-01,-8.775548e-02,-1.602285e-01,-1.136528e-01,2.030125e-02,-5.580670e-02,-5.794284e-02,-5.191451e-02,-5.761058e-02,-2.108335e-03,-1.630029e-02,-5.383929e-02,-4.895833e+01,-5.208334e+01,-7.187498e+01,-3.489583e+02,-7.159096e-03,-2.306478e-01,-7.938852e+04,1.753459e+00,3.084844e+01,8.172530e-03,1.126466e+00,6.790267e+00,3.482678e+00,8.030869e-01,5.203001e+00,-9.186529e-01,4.353373e+00,9.717249e-01,-5.073691e+00,3.429865e+00,-3.364709e+00,-1.756656e+00
fru,2.170000,1.744899e+02,7.807963e-01,5.491748e-02,4.734222e-02,6.730259e-02,8.109809e-01,1.157094e+00,8.201274e-02,4.062500e-02,1.340225e-01,2.161091e-01,3.047628e-01,8.605353e-01,7.848528e-01,1.514480e+00,1.319133e+00,1.266159e+00,1.150868e+00,1.476062e+00,1.521684e+00,2.368229e+00,2.758133e+00,1.348610e+00,1.129134e+00,1.448874e+00,1.403782e+00,1.779186e+00,1.314160e+00,1.027590e+00,1.052336e+00,7.723773e-01,8.012242e-01,8.503272e-01,7.853304e-01,6.964758e-01,8.424211e-01,3.201612e-02,2.187500e+02,2.604167e+02,3.958333e+02,4.583333e+02,4.697165e-01,3.499196e+00,9.482353e+04,6.649231e+00,8.490623e+01,-1.547913e-01,3.927357e+01,-3.795150e+00,2.896625e+01,4.006645e+00,-1.381723e+01,-1.733672e+01,-2.301260e+01,6.232403e+00,6.135950e+00,-1.321958e+01,-4.863286e+00,-8.920470e+00,-1.637648e+00,9.830326e-03,1.089512e-02,9.229375e-03,8.849030e-03,-1.481877e-01,-1.483437e-01,-1.123222e-03,-6.458332e-03,2.062504e-02,2.600086e-02,3.328469e-02,-5.189233e-02,-9.802705e-02,-1.083595e-01,-9.783001e-02,-1.306254e-01,-1.841949e-01,-2.562878e-01,-2.400007e-01,-3.735601e-01,-7.118236e-01,-2.882319e-01,-1.093396e-01,-2.283227e-01,-2.787302e-01,-2.502770e-01,-2.196983e-01,-1.230816e-01,7.410187e-02,-1.183729e-02,-4.163055e-02,-7.722217e-02,-9.301418e-02,-3.696025e-02,1.711675e-02,-4.062219e-02,-4.583334e+01,-5.208333e+01,-6.770833e+01,-2.395833e+02,-3.718692e-02,-3.261794e-01,-7.059753e+04,1.760958e+00,3.573660e+01,8.217454e-04,1.290276e+00,6.565967e+00,3.333309e+00,4.561678e-01,4.955622e+00,-1.127598e+00,5.037481e+00,3.063219e-01,-8.141826e+00,2.854897e+00,-3.725615e+00,-1.323352e-01
fru,2.180000,1.729202e+02,7.887275e-01,6.313625e-02,5.215407e-02,8.467542e-02,6.512212e-01,9.497066e-01,8.206453e-02,3.750000e-02,1.580810e-01,2.480543e-01,3.463255e-01,7.865670e-01,6.714845e-01,1.223093e+00,1.100837e+00,1.034139e+00,9.262190e-01,1.112981e+00,1.175684e+00,1.777667e+00,1.869760e+00,9.985147e-01,9.684109e-01,1.147166e+00,1.061797e+00,1.390752e+00,1.048899e+00,8.966563e-01,1.167371e+00,7.782417e-01,7.614183e-01,7.452068e-01,6.653401e-01,6.317052e-01,7.963380e-01,7.028209e-03,1.666667e+02,1.979167e+02,3.333333e+02,3.854167e+02,4.245163e-01,3.116973e+00,4.035977e+04,8.568369e+00,1.234529e+02,-1.451973e-01,4.098074e+01,1.970885e+00,3.361375e+01,3.351648e+00,-7.376471e+00,-1.860606e+01,-1.392739e+01,6.601278e+00,-7.015962e+00,-1.020032e+01,-9.308600e+00,-8.693238e+00,-1.473138e+00,7.393348e-03,5.746420e-04,-6.326456e-04,1.791599e-02,-9.847908e-02,-1.628836e-01,2.938032e-04,-2.604166e-03,2.027098e-02,2.792823e-02,3.131890e-02,-4.895001e-02,-8.586712e-02,-2.318458e-01,-1.764697e-01,-1.569327e-01,-1.495592e-01,-2.858746e-01,-2.830039e-01,-4.622988e-01,-6.626590e-01,-2.820811e-01,-1.350750e-01,-2.166720e-01,-2.706002e-01,-3.185996e-01,-2.267967e-01,-1.042681e-01,9.566721e-02,4.531562e-04,-4.858067e-02,-9.518585e-02,-1.055838e-01,-6.370682e-02,2.986646e-02,-1.867962e-02,-2.916667e+01,-3.437500e+01,-3.229166e+01,-1.125000e+02,-7.508079e-02,-2.624363e-01,-4.097862e+04,1.294380e+00,3.162724e+01,-3.752485e-03,1.515062e+00,3.863167e+00,3.112164e+00,-9.453043e-01,4.085065e+00,-3.577982e-01,5.073261e+00,-5.817071e-01,-8.546289e+00,1.358626e+00,-2.827919e+00,1.394280e+00
fru,2.190000,1.712914e+02,7.926784e-01,5.556803e-02,4.466144e-02,1.117166e-01,6.241279e-01,7.799554e-01,8.273611e-02,3.958334e-02,1.784701e-01,2.782218e-01,3.764925e-01,7.471881e-01,6.051092e-01,9.026244e-01,8.808920e-01,8.714421e-01,8.054951e-01,8.079756e-01,8.677339e-01,1.273537e+00,1.301183e+00,7.174277e-01,8.158646e-01,9.403174e-01,7.872450e-01,1.014937e+00,8.044364e-01,7.971527e-01,1.269759e+00,7.809547e-01,7.022986e-01,6.328526e-01,5.581643e-01,5.610668e-01,8.919230e-01,4.941163e-03,1.562500e+02,1.875000e+02,3.437500e+02,375,2.791435e-01,2.975703e+00,2.924120e+04,8.966339e+00,1.445603e+02,-1.621584e-01,4.260053e+01,3.968793e+00,3.442920e+01,2.334965e+00,-7.072262e+00,-1.817499e+01,-1.067497e+01,4.570723e+00,-1.276096e+01,-8.248769e+00,-1.307679e+01,-5.823971e+00,-1.203923e+00,4.518437e-03,-8.227964e-03,-8.350953e-03,1.433120e-02,-4.546412e-02,-1.287006e-01,1.147445e-03,-6.250005e-04,1.606539e-02,2.370276e-02,2.150553e-02,-2.767337e-02,-5.692056e-02,-2.387075e-01,-1.826958e-01,-1.113071e-01,-6.818734e-02,-2.205180e-01,-2.402836e-01,-3.934451e-01,-4.482358e-01,-2.121760e-01,-1.201398e-01,-1.408744e-01,-1.923080e-01,-2.752109e-01,-1.840458e-01,-6.598071e-02,8.182371e-02,2.539855e-03,-5.640773e-02,-9.235812e-02,-9.423575e-02,-7.014142e-02,3.619956e-02,-5.786722e-03,-1.354167e+01,-1.562500e+01,-1.250000e+01,-2.291667e+01,-7.926546e-02,-1.371239e-01,-1.516598e+04,7.409027e-01,2.220161e+01,-6.194944e-03,8.421711e-01,1.722413e+00,2.135129e+00,-4.279719e-01,2.685802e+00,1.559960e+00,2.960810e+00,-2.003622e+00,-6.605240e+00,-3.391247e-02,-1.564957e+00,2.933528e+00
fru,2.200000,1.702388e+02,7.959180e-01,3.806579e-02,2.633378e-02,1.363571e-01,6.069059e-01,6.820351e-01,8.386160e-02,3.958334e-02,1.911316e-01,2.984756e-01,3.878810e-01,7.392585e-01,5.683460e-01,6.985270e-01,7.163201e-01,8.155256e-01,8.077021e-01,6.464171e-01,6.629449e-01,9.609993e-01,1.027311e+00,5.625872e-01,7.120247e-01,8.693669e-01,6.561117e-01,7.839958e-01,6.501252e-01,7.585794e-01,1.348210e+00,7.773852e-01,6.268390e-01,5.368218e-01,4.607670e-01,4.692622e-01,9.058089e-01,4.115891e-03,1.562500e+02,1.875000e+02,3.333333e+02,3.645833e+02,2.045429e-01,2.936266e+00,2.724341e+04,9.636768e+00,1.647079e+02,-1.646422e-01,4.380915e+01,2.388178e+00,3.899237e+01,-1.193850e+00,-3.460757e+00,-1.536184e+01,-7.172082e+00,2.515380e+00,-1.990946e+01,-1.120300e+01,-1.066556e+01,-2.330286e+00,-7.690140e-01,3.443182e-03,-1.326650e-02,-1.155560e-02,-8.552231e-04,-1.387340e-02,-7.365306e-02,1.874539e-03,-1.979167e-03,1.044723e-02,1.630040e-02,1.111065e-02,-6.288177e-03,-3.137384e-02,-1.767041e-01,-1.455809e-01,-4.492449e-02,5.744004e-03,-1.141326e-01,-1.495368e-01,-2.531926e-01,-2.220628e-01,-1.190511e-01,-8.584193e-02,-5.307190e-02,-8.924302e-02,-1.681775e-01,-1.093358e-01,-2.127326e-02,5.064118e-02,6.687033e-03,-4.541164e-02,-6.348242e-02,-6.368707e-02,-5.353829e-02,4.896937e-02,-5.655991e-04,-2.083334e+00,-2.083334e+00,-3.125003e+00,-1.041667e+01,-6.054292e-02,-6.382868e-02,-3.652795e+03,5.088857e-01,1.950165e+01,-8.858724e-03,-5.683670e-02,7.493221e-01,1.008540e+00,7.059442e-01,2.687508e+00,2.650727e+00,2.890914e-01,-2.835510e+00,-4.438362e+00,-1.445756e+00,-3.898158e-01,3.306962e+00
fru,2.210000,1.698110e+02,7.997932e-01,2.631289e-02,1.849760e-02,1.131178e-01,6.058179e-01,6.474264e-01,8.685143e-02,3.645833e-02,1.978241e-01,3.094122e-01,3.915127e-01,7.458227e-01,5.518193e-01,5.832255e-01,5.979131e-01,8.189306e-01,8.691898e-01,6.067534e-01,5.766359e-01,8.093367e-01,9.381782e-01,5.056931e-01,6.566281e-01,8.834016e-01,6.450841e-01,7.065093e-01,5.933177e-01,7.667251e-01,1.371036e+00,7.855048e-01,5.864752e-01,4.927291e-01,4.164381e-01,4.269902e-01,9.686834e-01,4.538668e-03,1.562500e+02,1.875000e+02,3.333333e+02,3.541667e+02,1.833758e-01,2.903930e+00,2.555182e+04,9.819545e+00,1.752868e+02,-1.760436e-01,4.207022e+01,4.608267e+00,3.695259e+01,4.139535e+00,-2.346075e+00,-1.115903e+01,-1.158620e+01,-1.742757e+00,-2.044350e+01,-1.288780e+01,-1.200959e+01,2.565695e+00,-3.079376e-01,2.083606e-03,-1.194241e-02,-9.315940e-03,-1.824797e-02,-5.686062e-03,-2.667627e-02,1.759762e-03,-3.541668e-03,5.420513e-03,8.803618e-03,5.240491e-03,3.496230e-03,-1.736893e-02,-1.110291e-01,-1.043445e-01,-3.772163e-03,3.895786e-02,-1.913304e-02,-6.003798e-02,-1.347303e-01,-8.101004e-02,-4.132402e-02,-5.149400e-02,2.322352e-03,-3.537315e-03,-6.803914e-02,-3.364663e-02,1.415009e-02,1.629816e-02,1.838670e-02,-1.402499e-02,-2.193395e-02,-2.311593e-02,-1.811756e-02,3.250076e-02,-9.063086e-05,0,2.083334e+00,-3.125000e+00,-6.250003e+00,-2.497337e-02,-2.784340e-02,-1.267219e+03,3.829011e-01,1.553232e+01,-5.898667e-03,-8.931816e-01,1.099803e+00,-3.023037e-01,1.804766e+00,1.666337e+00,3.034793e+00,-7.716568e-01,-3.263676e+00,-2.759215e+00,-1.017334e+00,6.869020e-01,2.523452e+00
fru,2.220000,1.698154e+02,8.023860e-01,1.143134e-02,7.457996e-03,7.969872e-02,5.910092e-01,6.477057e-01,8.937957e-02,2.916667e-02,2.006401e-01,3.139611e-01,3.943686e-01,7.558088e-01,5.412602e-01,4.992718e-01,5.144218e-01,8.357726e-01,9.230917e-01,6.429290e-01,5.735489e-01,7.438033e-01,9.409483e-01,5.091266e-01,6.188195e-01,9.102643e-01,6.866620e-01,7.040789e-01,6.077793e-01,8.055038e-01,1.369939e+00,8.094018e-01,5.922718e-01,4.978565e-01,4.177678e-01,4.310521e-01,1.002805e+00,4.401461e-03,1.562500e+02,1.875000e+02,3.229167e+02,3.437500e+02,1.696856e-01,2.833716e+00,2.394048e+04,1.068619e+01,2.055979e+02,-1.825484e-01,4.096171e+01,5.397758e+00,3.739476e+01,5.979084e+00,3.697976e+00,-8.860404e+00,-1.202632e+01,-4.419532e+00,-2.536650e+01,-1.510958e+01,-1.179128e+01,3.646740e+00,1.660400e-01,-1.948941e-03,-7.898889e-03,-5.457807e-03,-2.612698e-02,-1.304823e-03,2.577484e-03,8.038975e-04,-3.020834e-03,1.488112e-03,2.808970e-03,3.426701e-03,4.842901e-03,-8.737731e-03,-6.476124e-02,-6.684129e-02,1.029749e-02,3.414939e-02,3.766327e-02,2.930439e-03,-6.632076e-02,-2.379561e-02,3.322423e-03,-2.418702e-02,2.233824e-02,4.746173e-02,-1.265485e-02,1.702812e-02,2.941037e-02,-1.506633e-02,3.367765e-02,2.847619e-02,1.967532e-02,2.032987e-02,3.005196e-02,1.308624e-02,-1.149164e-04,0,5.208333e+00,0,0,-7.486002e-03,-1.748061e-03,-5.183547e+02,2.102030e-01,1.063332e+01,-2.290235e-03,-1.052032e+00,1.622108e+00,-1.555035e+00,1.518751e+00,-7.268640e-01,2.540067e+00,-2.316072e-01,-2.958642e+00,-1.250623e+00,5.107939e-01,9.625446e-01,1.139147e+00
fru,2.230000,1.699634e+02,7.998624e-01,9.173227e-03,7.519628e-03,4.880592e-02,6.036460e-01,6.637387e-01,8.877593e-02,2.708333e-02,2.008184e-01,3.144972e-01,3.994512e-01,7.563941e-01,5.318074e-01,4.471066e-01,4.601187e-01,8.424578e-01,9.425896e-01,7.140544e-01,6.122420e-01,7.084832e-01,9.393141e-01,5.375379e-01,6.049972e-01,9.314805e-01,7.542832e-01,7.146997e-01,6.573762e-01,8.444409e-01,1.340385e+00,8.568799e-01,6.494573e-01,5.426655e-01,4.640843e-01,4.895841e-01,1.005929e+00,4.345224e-03,1.562500e+02,1.979167e+02,3.333333e+02,3.541667e+02,1.717053e-01,2.887761e+00,2.455657e+04,1.035613e+01,2.017769e+02,-1.826987e-01,3.955834e+01,7.963017e+00,3.371649e+01,7.772328e+00,-2.319943e+00,-6.251743e+00,-1.210613e+01,-8.280200e+00,-2.382851e+01,-1.138215e+01,-9.079419e+00,3.804775e+00,8.266815e-01,-6.801462e-03,-4.148284e-03,-3.248703e-03,-1.857711e-02,-2.482474e-03,1.528955e-02,-1.125061e-03,-1.041666e-03,-2.167785e-03,-2.467471e-03,1.305673e-03,1.352459e-03,-2.853221e-03,-2.333168e-02,-3.250281e-02,1.294029e-02,1.692476e-02,5.674938e-02,2.934912e-02,-3.821146e-02,-2.297277e-02,2.156711e-02,-1.456606e-03,2.668204e-02,7.094652e-02,1.099968e-03,3.709474e-02,2.943698e-02,-3.276191e-02,4.107215e-02,5.760403e-02,4.439213e-02,4.709809e-02,6.063825e-02,-3.345652e-02,-3.343830e-04,0,6.249999e+00,3.125000e+00,4.166672e+00,-4.796302e-03,2.129147e-02,3.425545e+02,6.447792e-02,4.132535e+00,6.242284e-03,-5.732887e-01,1.214952e+00,-1.420645e+00,-2.045301e-01,-2.531589e+00,1.328654e+00,1.290459e+00,-1.820541e+00,-6.551977e-01,1.927575e+00,1.491256e+00,-1.656218e-01
fru,2.240000,1.709928e+02,7.861387e-01,7.141179e-03,4.533727e-03,3.787811e-02,6.014678e-01,6.867664e-01,8.691883e-02,2.916667e-02,1.970750e-01,3.099780e-01,4.010453e-01,7.581874e-01,5.346633e-01,4.427803e-01,4.510109e-01,8.552495e-01,9.417491e-01,7.810829e-01,6.597940e-01,6.798223e-01,9.077647e-01,5.632769e-01,6.169051e-01,9.570187e-01,8.388208e-01,7.166263e-01,7.032366e-01,8.667734e-01,1.288203e+00,9.100859e-01,7.377289e-01,6.102302e-01,5.385933e-01,5.882251e-01,9.526173e-01,3.638031e-03,1.562500e+02,2.083333e+02,3.333333e+02,3.645833e+02,1.729482e-01,2.935610e+00,2.514927e+04,1.041949e+01,2.046295e+02,-1.727658e-01,3.980494e+01,8.821342e+00,3.283524e+01,4.583509e+00,-7.108143e+00,-5.115150e+00,-8.070153e+00,-9.009110e+00,-2.447007e+01,-9.401855e+00,-7.317919e+00,2.745907e+00,1.626245e+00,-8.255792e-03,-1.533883e-03,-1.228899e-03,-1.011703e-02,-6.900960e-03,1.717168e-02,-3.034765e-03,1.875000e-03,-5.702917e-03,-7.361472e-03,-2.993679e-03,-4.604340e-03,2.618432e-03,1.992148e-02,-5.354977e-03,1.245096e-02,2.409911e-03,4.705281e-02,3.023832e-02,-2.707054e-02,-4.427124e-02,2.393510e-02,1.890362e-02,2.809265e-02,7.450829e-02,-2.867961e-03,3.248189e-02,2.267925e-02,-4.076303e-02,3.559666e-02,6.509981e-02,4.940707e-02,5.423896e-02,6.781848e-02,-7.204098e-02,-4.229728e-04,0,5.208331e+00,5.208334e+00,5.208337e+00,-9.895125e-03,3.067276e-02,6.808115e+02,-4.859390e-02,1.969757e-01,1.328090e-02,-2.569103e-01,9.089974e-01,-1.302167e+00,-7.474901e-01,-3.052356e+00,9.630875e-02,1.254296e+00,-6.688949e-01,2.067661e-02,2.830087e+00,1.623827e+00,-9.176182e-01
fru,2.250000,1.733557e+02,7.739096e-01,7.716554e-03,3.716218e-03,4.114250e-02,5.881763e-01,7.043438e-01,8.245649e-02,3.125000e-02,1.887677e-01,2.990664e-01,3.947028e-01,7.513958e-01,5.408517e-01,4.948129e-01,4.671045e-01,8.738936e-01,9.444849e-01,8.214234e-01,6.802589e-01,6.502699e-01,8.399062e-01,5.864535e-01,6.503023e-01,9.934346e-01,9.237373e-01,7.057354e-01,7.310628e-01,8.832752e-01,1.248094e+00,9.405234e-01,8.017668e-01,6.585029e-01,5.915158e-01,6.515949e-01,8.264945e-01,3.248468e-03,1.562500e+02,2.083333e+02,3.437500e+02,3.645833e+02,1.577630e-01,2.959440e+00,2.666020e+04,1.027529e+01,1.964337e+02,-1.497235e-01,3.978217e+01,8.971233e+00,3.212912e+01,3.814672e+00,-9.600961e+00,-6.388393e+00,-7.111990e+00,-8.550671e+00,-2.416771e+01,-6.103790e+00,-6.789993e+00,2.188003e+00,2.206462e+00,-2.699494e-03,1.242487e-02,1.262246e-02,1.822176e-02,1.475433e-02,1.768283e-02,-2.862405e-03,4.687500e-03,-8.523643e-03,-1.052110e-02,-7.453895e-03,-1.359484e-02,9.938836e-03,5.687878e-02,1.433681e-02,1.332356e-02,-2.466184e-03,3.291257e-02,3.256872e-02,1.173490e-03,-4.484565e-02,2.655177e-02,3.559315e-02,3.293704e-02,6.827427e-02,2.984786e-03,2.296898e-02,2.328382e-02,-2.756165e-02,1.992773e-02,5.331945e-02,3.924439e-02,4.178306e-02,4.671919e-02,-6.772771e-02,3.492361e-03,2.083334e+00,1.041667e+01,9.374997e+00,1.250000e+01,1.817641e-02,7.543311e-02,9.139893e+03,-3.797573e-01,-8.225561e+00,1.203194e-02,6.382637e-02,-1.101000e+00,-8.740690e-01,-8.399242e-01,-9.359041e-01,-1.087157e+00,-5.669076e-01,2.206227e-01,2.206301e+00,2.550376e+00,7.923316e-01,-1.607884e+00
fru,2.260000,1.762504e+02,7.740834e-01,4.490257e-03,3.215204e-03,3.294529e-02,5.642393e-01,7.132616e-01,7.736547e-02,3.645833e-02,1.781509e-01,2.848691e-01,3.817745e-01,7.352863e-01,5.498303e-01,5.750260e-01,4.841540e-01,8.823095e-01,9.341936e-01,8.245086e-01,6.907320e-01,6.375573e-01,7.692961e-01,6.043443e-01,6.906850e-01,1.019750e+00,9.744763e-01,6.942212e-01,7.333454e-01,8.994830e-01,1.212269e+00,9.455633e-01,8.416161e-01,6.869732e-01,6.252468e-01,6.891391e-01,7.323170e-01,2.834975e-03,1.562500e+02,2.083333e+02,3.437500e+02,3.645833e+02,1.271811e-01,2.951241e+00,2.629272e+04,1.048365e+01,2.092544e+02,-1.326315e-01,3.956525e+01,9.438637e+00,3.167761e+01,4.220461e+00,-7.923294e+00,-8.310535e+00,-8.251911e+00,-7.628771e+00,-2.509352e+01,-3.598323e+00,-4.816854e+00,-1.329643e-01,2.194183e+00,7.100659e-03,3.331782e-02,3.393120e-02,5.210913e-02,8.608144e-02,3.367537e-02,1.432096e-03,7.812500e-03,-9.923620e-03,-1.095451e-02,-9.775016e-03,-2.773356e-02,2.407303e-02,1.010432e-01,4.457240e-02,2.097435e-02,1.165712e-02,5.108025e-02,7.832227e-02,9.548890e-02,6.289470e-03,4.933492e-02,6.299624e-02,5.831463e-02,8.052817e-02,5.344528e-02,3.774972e-02,3.698226e-02,-3.770614e-03,4.577047e-03,4.450001e-02,3.509712e-02,2.854980e-02,1.214068e-02,8.747036e-03,2.149937e-02,2.395834e+01,3.541667e+01,2.604166e+01,9.479166e+01,8.712102e-02,1.554281e-01,2.678926e+04,-1.156408e+00,-2.673133e+01,-3.228992e-03,1.667603e-01,-4.238078e+00,-1.866417e+00,-7.548439e-01,-6.876973e-01,-1.064772e+00,-2.424134e+00,3.648860e-01,8.418802e+00,1.887434e+00,1.181433e+00,-3.161700e+00
fru,2.270000,1.783669e+02,7.923926e-01,7.262303e-02,7.129121e-02,1.423811e-01,6.960319e-01,7.389053e-01,7.924059e-02,4.687500e-02,1.676623e-01,2.744461e-01,3.718171e-01,6.998704e-01,5.739180e-01,6.653777e-01,5.152311e-01,8.955455e-01,9.340364e-01,8.569044e-01,7.596167e-01,7.354832e-01,7.843202e-01,6.497630e-01,7.460729e-01,1.064800e+00,1.027827e+00,7.408262e-01,7.571667e-01,9.445052e-01,1.240544e+00,9.387798e-01,8.641109e-01,7.005160e-01,6.296728e-01,6.727230e-01,7.774405e-01,2.220856e-02,1.666667e+02,250,375,4.166667e+02,2.854709e-01,3.257112e+00,6.968430e+04,8.425266e+00,1.583366e+02,-1.426061e-01,3.999732e+01,2.149370e+00,2.992496e+01,3.754231e+00,-6.591888e+00,-1.008984e+01,-1.484979e+01,-7.867256e+00,-1.248528e+01,-1.532031e+00,-6.368294e+00,-2.795211e+00,1.725627e+00,1.407299e-02,4.592527e-02,4.615895e-02,6.954356e-02,1.922195e-01,8.814089e-02,8.898449e-03,1.031250e-02,-9.963828e-03,-8.906213e-03,-9.093821e-03,-4.503652e-02,5.176147e-02,1.954769e-01,1.344501e-01,5.638010e-02,6.632393e-02,1.461698e-01,2.196151e-01,3.167165e-01,1.326015e-01,1.131748e-01,1.271742e-01,1.245518e-01,1.492887e-01,1.775062e-01,1.072353e-01,7.434571e-02,1.612182e-02,2.585954e-03,6.631932e-02,6.316216e-02,3.699981e-02,-1.329752e-02,1.804628e-01,5.099450e-02,5.937500e+01,6.979166e+01,4.791666e+01,1.822917e+02,1.501504e-01,2.327649e-01,4.159038e+04,-1.942650e+00,-4.799734e+01,-3.719714e-02,1.290714e-01,-7.702388e+00,-3.906523e+00,-1.683042e+00,-1.282187e+00,-1.299127e-01,-2.921337e+00,1.236235e+00,1.477848e+01,7.208148e-01,2.372279e+00,-5.255965e+00
fru,2.280000,1.794581e+02,8.124005e-01,1.412770e-01,1.404022e-01,2.478045e-01,9.779472e-01,8.378625e-01,9.568726e-02,6.041667e-02,1.580096e-01,2.675156e-01,3.636130e-01,6.452822e-01,6.384952e-01,8.627140e-01,6.498095e-01,9.492952e-01,1.005259e+00,1.018744e+00,1.011726e+00,1.114660e+00,9.670051e-01,7.782968e-01,8.840010e-01,1.212909e+00,1.189417e+00,9.663073e-01,8.789333e-01,1.021070e+00,1.273125e+00,9.338430e-01,9.290569e-01,7.647092e-01,6.622638e-01,6.383644e-01,1.020880e+00,1.016548e-01,2.708333e+02,3.645833e+02,4.479167e+02,8.125000e+02,5.446993e-01,3.563915e+00,1.375835e+05,5.562462e+00,9.002134e+01,-1.924694e-01,4.053116e+01,-8.958114e+00,2.460524e+01,8.395100e-01,-1.205117e+01,-8.588287e+00,-1.632192e+01,-7.526388e+00,1.178273e+01,-2.250563e+00,-1.621603e+00,-1.057099e+01,1.330147e+00,1.485084e-02,2.904697e-02,2.908895e-02,4.397596e-02,2.569620e-01,1.846364e-01,1.474713e-02,1.093750e-02,-9.337147e-03,-6.414411e-03,-7.581785e-03,-5.998758e-02,8.451989e-02,3.626177e-01,3.147894e-01,1.372098e-01,1.730567e-01,3.341969e-01,4.848615e-01,6.775659e-01,2.944921e-01,2.185952e-01,2.316750e-01,2.254643e-01,2.717651e-01,3.559388e-01,2.456321e-01,1.458465e-01,2.635113e-02,2.046216e-02,1.116268e-01,1.219165e-01,6.801815e-02,-2.273473e-02,2.812236e-01,7.957904e-02,9.166667e+01,8.958334e+01,7.187500e+01,2.593750e+02,1.569072e-01,2.523229e-01,4.498992e+04,-2.122121e+00,-5.336963e+01,-6.037114e-02,2.451172e-02,-8.876895e+00,-5.603690e+00,-3.437115e+00,-1.489229e+00,1.615752e+00,-2.154159e+00,2.449275e+00,1.566409e+01,3.977200e-01,3.965118e+00,-7.148418e+00
fru,2.290000,1.803800e+02,8.251160e-01,1.689495e-01,1.659174e-01,2.814307e-01,1.342420e+00,1.082748e+00,1.177878e-01,7.083333e-02,1.490192e-01,2.632121e-01,3.583144e-01,5.712152e-01,7.553265e-01,1.328353e+00,1.056527e+00,1.122301e+00,1.240572e+00,1.455155e+00,1.617837e+00,1.995301e+00,1.404059e+00,1.065351e+00,1.189515e+00,1.519614e+00,1.562711e+00,1.457223e+00,1.194445e+00,1.194210e+00,1.298275e+00,9.593134e-01,1.089643e+00,9.354456e-01,7.580064e-01,6.104947e-01,1.584527e+00,2.088110e-01,3.958333e+02,4.791667e+02,5.312500e+02,1.052083e+03,6.997561e-01,3.816928e+00,1.789667e+05,3.022628e+00,1.606346e+01,-3.057902e-01,3.994457e+01,-2.034233e+01,1.613269e+01,-2.910063e+00,-1.394796e+01,-6.899080e+00,-1.768367e+01,-2.420686e+00,3.128658e+01,-3.173596e+00,3.473775e+00,-1.887281e+01,1.412343e+00,9.923011e-03,-1.158643e-02,-1.128708e-02,-1.401844e-02,2.441005e-01,2.834746e-01,1.499508e-02,9.791667e-03,-8.399424e-03,-5.090388e-03,-6.821143e-03,-6.322349e-02,1.010931e-01,5.345706e-01,5.328115e-01,2.546208e-01,3.018355e-01,5.610685e-01,8.176732e-01,1.000511e+00,3.723463e-01,3.164790e-01,3.322147e-01,2.991195e-01,3.622613e-01,4.775918e-01,4.190771e-01,2.517404e-01,2.845058e-02,6.038626e-02,1.509338e-01,1.823744e-01,1.051272e-01,-8.411986e-03,2.853898e-01,1.007015e-01,9.374998e+01,7.812500e+01,8.020834e+01,2.218750e+02,7.128034e-02,2.118362e-01,2.911428e+04,-1.482339e+00,-3.647308e+01,-6.870269e-02,-1.850407e-01,-6.562749e+00,-6.124839e+00,-5.053083e+00,2.229877e-01,3.177344e+00,-1.029941e+00,3.170589e+00,8.696373e+00,1.094979e+00,4.985570e+00,-7.808497e+00
fru,2.300000,1.818946e+02,8.319759e-01,1.015618e-01,1.013468e-01,1.833003e-01,1.525856e+00,1.464522e+00,1.318275e-01,7.916667e-02,1.407867e-01,2.584140e-01,3.506169e-01,4.996760e-01,8.817255e-01,2.056627e+00,1.787453e+00,1.454981e+00,1.646209e+00,2.196368e+00,2.685929e+00,3.395478e+00,1.931887e+00,1.489526e+00,1.627339e+00,1.919664e+00,2.065860e+00,2.115717e+00,1.742866e+00,1.503863e+00,1.315159e+00,1.037607e+00,1.286984e+00,1.179091e+00,9.011707e-01,6.065796e-01,1.734891e+00,3.074289e-01,500,5.416667e+02,625,1.343750e+03,7.045748e-01,3.932947e+00,1.966011e+05,2.574362e+00,1.354283e+01,-3.528952e-01,3.971418e+01,-2.369999e+01,1.055529e+01,-9.632964e+00,-1.169140e+01,-1.827153e+00,-1.760577e+01,1.894322e+00,3.134100e+01,-7.889406e-01,1.008770e+01,-2.783626e+01,1.952231e+00,4.527974e-03,-3.939395e-02,-3.885174e-02,-4.757037e-02,1.661129e-01,3.254306e-01,1.011138e-02,7.187499e-03,-7.199089e-03,-4.335284e-03,-5.164427e-03,-4.933281e-02,8.553590e-02,5.706279e-01,6.531568e-01,3.710631e-01,3.924250e-01,7.250448e-01,1.095156e+00,1.051874e+00,2.881812e-01,3.382523e-01,3.532172e-01,2.885029e-01,3.370813e-01,4.397196e-01,5.563498e-01,3.579207e-01,4.554334e-02,1.102205e-01,1.434123e-01,1.946770e-01,1.115719e-01,1.769358e-02,1.151305e-01,1.060673e-01,6.249999e+01,4.479166e+01,9.687501e+01,1.229166e+02,-1.175723e-02,1.982358e-01,1.431727e+04,-7.420391e-01,-1.584946e+01,-4.570635e-02,-1.143620e-01,-3.296600e+00,-4.785447e+00,-5.523474e+00,2.806621e+00,4.200980e+00,-1.090603e+00,2.002564e+00,-4.758337e-01,2.080599e+00,3.583145e+00,-6.313436e+00
fru,2.310000,1.842103e+02,8.322199e-01,3.454847e-02,3.438351e-02,1.045410e-01,1.642580e+00,1.842949e+00,1.361459e-01,8.645833e-02,1.342766e-01,2.535450e-01,3.442095e-01,4.565561e-01,9.577683e-01,2.741275e+00,2.610467e+00,1.915807e+00,2.122739e+00,3.073435e+00,4.010881e+00,4.597630e+00,2.163610e+00,1.876543e+00,2.035477e+00,2.207020e+00,2.400912e+00,2.554081e+00,2.420585e+00,1.961810e+00,1.361780e+00,1.188829e+00,1.439816e+00,1.405197e+00,1.035855e+00,6.465555e-01,1.847384e+00,4.228288e-01,5.208333e+02,5.520833e+02,6.875000e+02,1.260417e+03,5.619349e-01,4.131776e+00,1.857469e+05,2.507622e+00,1.421053e+01,-4.059067e-01,3.948061e+01,-2.329344e+01,6.325739e+00,-1.627495e+01,-5.656830e+00,2.416315e+00,-1.935757e+01,3.275336e+00,2.121745e+01,3.212055e+00,1.270490e+01,-3.320506e+01,2.661301e+00,6.129801e-04,-4.049969e-02,-4.050644e-02,-4.792143e-02,8.660300e-02,2.728195e-01,5.133835e-03,4.687501e-03,-6.166498e-03,-4.006362e-03,-2.272439e-03,-2.138377e-02,4.095151e-02,4.017172e-01,5.709784e-01,4.263130e-01,3.942492e-01,7.275794e-01,1.169586e+00,7.122744e-01,6.582323e-02,2.535457e-01,2.611323e-01,1.905762e-01,1.859162e-01,2.381707e-01,5.715920e-01,3.874910e-01,6.921337e-02,1.322560e-01,7.872576e-02,1.409705e-01,7.654021e-02,3.153533e-02,-4.614794e-02,1.047408e-01,2.916666e+01,1.979167e+01,1.125000e+02,4.583331e+01,-5.539099e-02,1.728339e-01,3.987620e+03,-2.672426e-01,-1.202343e+00,-1.998811e-02,3.184887e-01,-1.234609e+00,-3.052165e+00,-4.781838e+00,3.386561e+00,3.954629e+00,-7.426933e-01,-4.702091e-01,-5.215573e+00,1.360403e+00,2.656150e+00,-4.809643e+00
fru,2.320000,1.873041e+02,8.314884e-01,1.150778e-02,1.191052e-02,9.839749e-02,1.658431e+00,2.084915e+00,1.370651e-01,8.854166e-02,1.293855e-01,2.506727e-01,3.448434e-01,4.559477e-01,9.649538e-01,3.009393e+00,3.138623e+00,2.407858e+00,2.526300e+00,3.834827e+00,5.290983e+00,5.072868e+00,2.028135e+00,2.063962e+00,2.227106e+00,2.311721e+00,2.455723e+00,2.616477e+00,3.047612e+00,2.426873e+00,1.469090e+00,1.370188e+00,1.471032e+00,1.503218e+00,1.081199e+00,7.088019e-01,1.465104e+00,5.249823e-01,5.208333e+02,5.520833e+02,8.541667e+02,1.322917e+03,5.548238e-01,4.397669e+00,2.057798e+05,2.109770e+00,1.170049e+01,-3.709429e-01,4.019133e+01,-2.396556e+01,5.581481e+00,-2.009542e+01,-2.163625e+00,7.758914e+00,-2.093798e+01,-3.615781e-01,1.443813e+01,4.959608e+00,1.167856e+01,-3.497203e+01,3.242906e+00,-3.477299e-03,-2.040457e-02,-2.155958e-02,-2.853039e-02,4.420731e-02,1.554493e-01,2.766782e-03,3.437502e-03,-6.073254e-03,-4.378705e-03,1.046419e-03,6.968686e-03,-6.837470e-03,1.126147e-01,3.240536e-01,3.959790e-01,3.204193e-01,5.678596e-01,9.920089e-01,1.637307e-01,-1.353953e-01,1.158768e-01,1.051428e-01,6.744888e-02,6.071138e-03,-5.870819e-03,4.362218e-01,3.039039e-01,7.509568e-02,1.030685e-01,-1.311708e-03,5.486227e-02,2.377793e-02,2.539954e-02,-1.161238e-01,9.302996e-02,9.375006e+00,1.250000e+01,125,-3.125000e+00,-3.673716e-02,1.388175e-01,-1.716394e+03,-2.260538e-01,-9.495867e-01,-6.342387e-03,4.920513e-01,-1.029570e+00,-2.575413e+00,-2.783403e+00,1.905027e+00,2.884491e+00,-5.808452e-01,-1.884752e+00,-4.791238e+00,-4.419498e-01,1.453743e+00,-2.914342e+00
fru,2.330000,1.909818e+02,8.284246e-01,1.147812e-02,8.103393e-03,8.427495e-02,1.709147e+00,2.136649e+00,1.408382e-01,8.958334e-02,1.238873e-01,2.470510e-01,3.498389e-01,4.861605e-01,9.184699e-01,2.860556e+00,3.235834e+00,2.777428e+00,2.771772e+00,4.273822e+00,6.163241e+00,4.717978e+00,1.685051e+00,2.045861e+00,2.195293e+00,2.276467e+00,2.297360e+00,2.397697e+00,3.400033e+00,2.670160e+00,1.567377e+00,1.454303e+00,1.391248e+00,1.478234e+00,1.050693e+00,7.170601e-01,1.488681e+00,6.237385e-01,5.312500e+02,5.729167e+02,9.791667e+02,1.291667e+03,4.976766e-01,4.448736e+00,1.943155e+05,1.918711e+00,1.097292e+01,-3.967068e-01,4.129844e+01,-2.638259e+01,3.358770e+00,-2.158803e+01,-1.779043e+00,8.081033e+00,-1.973103e+01,-3.643782e+00,1.366015e+01,7.541468e-01,1.595910e+01,-3.935313e+01,3.463939e+00,-7.701665e-03,-3.460100e-03,-5.193478e-03,-8.016078e-03,1.985192e-02,3.314457e-02,2.884345e-03,3.541668e-03,-7.356303e-03,-6.338634e-03,2.004555e-03,2.160383e-02,-3.849251e-02,-1.281099e-01,6.427304e-02,2.952879e-01,2.104745e-01,3.053649e-01,6.092852e-01,-2.610784e-01,-2.027066e-01,3.527307e-03,-3.088942e-02,-1.752098e-02,-9.932427e-02,-1.576645e-01,1.916706e-01,1.300177e-01,4.429036e-02,2.672836e-02,-6.172159e-02,-1.608077e-02,-1.333733e-02,-2.147901e-03,-9.738982e-02,5.743124e-02,8.333338e+00,1.666667e+01,8.749999e+01,1.354169e+01,3.889299e-03,5.277014e-02,-7.427586e+03,-1.694264e-01,-7.050198e-01,-3.068316e-03,5.300598e-01,-1.379857e+00,-2.518674e+00,-1.386942e+00,-2.550728e-01,1.525592e+00,2.664042e-01,-1.905730e+00,-2.117891e+00,-1.953326e+00,4.167356e-01,-2.708621e+00
fru,2.340000,1.947234e+02,8.164871e-01,1.107416e-02,6.688986e-03,5.078140e-02,1.713609e+00,2.094918e+00,1.433152e-01,9.479167e-02,1.156150e-01,2.397675e-01,3.530343e-01,5.197172e-01,8.671873e-01,2.560059e+00,3.095038e+00,3.004066e+00,2.923789e+00,4.435472e+00,6.569794e+00,4.153957e+00,1.494190e+00,1.984251e+00,2.073145e+00,2.222185e+00,2.147991e+00,2.164555e+00,3.434252e+00,2.669208e+00,1.587839e+00,1.420213e+00,1.304710e+00,1.416884e+00,1.012641e+00,6.983250e-01,1.333623e+00,6.721239e-01,5.416667e+02,5.937500e+02,1.104167e+03,1.312500e+03,5.530181e-01,4.468555e+00,1.837348e+05,1.738549e+00,1.041370e+01,-3.892070e-01,4.126552e+01,-2.730326e+01,-8.382939e-01,-2.089344e+01,-4.105164e+00,9.762942e+00,-2.032327e+01,-4.069877e+00,1.116346e+01,-1.769735e+00,1.572932e+01,-3.933393e+01,2.887546e+00,-1.460809e-02,1.957315e-03,8.324177e-04,1.565110e-03,1.194208e-02,-4.931011e-02,3.751761e-03,3.437500e-03,-9.656409e-03,-9.806724e-03,3.312170e-04,1.867709e-02,-4.666604e-02,-2.131330e-01,-6.921301e-02,1.543788e-01,9.788263e-02,2.855587e-02,1.321140e-01,-3.958676e-01,-1.640619e-01,-5.607469e-02,-1.046431e-01,-5.459838e-02,-1.080427e-01,-1.944306e-01,-5.651550e-02,-2.986913e-02,-7.387483e-03,-4.277487e-02,-7.545761e-02,-3.855034e-02,-1.456976e-02,-2.268394e-02,9.326382e-02,1.069548e-02,1.041667e+01,1.666666e+01,-6.103516e-06,-2.083325e+00,4.336921e-02,-7.636027e-02,-1.716947e+04,8.123163e-02,1.106352e+00,-2.511386e-02,-1.398754e-01,-5.833647e-01,-2.855473e+00,-1.536266e+00,-1.957396e+00,1.769371e-01,-1.390795e-01,-1.231994e+00,-1.267648e-01,-1.002567e+00,-1.554813e+00,-2.842822e+00
fru,2.350000,1.978204e+02,8.012123e-01,1.746477e-02,1.102689e-02,8.826866e-02,1.714251e+00,2.003670e+00,1.474426e-01,1.010417e-01,1.043803e-01,2.273044e-01,3.501368e-01,5.326905e-01,8.141890e-01,2.325392e+00,2.953625e+00,3.094142e+00,2.976367e+00,4.299937e+00,6.417902e+00,3.751693e+00,1.417050e+00,1.934035e+00,1.958011e+00,2.164183e+00,2.058156e+00,1.991719e+00,3.185619e+00,2.490732e+00,1.523857e+00,1.297458e+00,1.214369e+00,1.367961e+00,1.003447e+00,6.410545e-01,1.426175e+00,6.364142e-01,5.520833e+02,6.145833e+02,1000,1.333333e+03,5.822842e-01,4.360184e+00,1.596314e+05,1.846100e+00,1.132882e+01,-4.121162e-01,4.159381e+01,-2.852387e+01,-3.057744e+00,-2.281065e+01,-5.961424e+00,9.042263e+00,-1.833291e+01,-4.399163e+00,1.226533e+01,-3.189903e+00,1.276320e+01,-4.456722e+01,1.469334e+00,-1.906788e-02,2.851939e-03,2.408435e-03,1.960515e-02,-2.976071e-02,-9.158447e-02,1.747136e-03,9.374991e-04,-1.150610e-02,-1.251291e-02,-6.271988e-04,5.631000e-03,-3.604714e-02,-1.860861e-01,-7.998197e-02,-8.310294e-03,-3.222380e-02,-2.134195e-01,-3.187633e-01,-3.277147e-01,-1.076349e-01,-9.756458e-02,-1.378800e-01,-7.425120e-02,-7.117243e-02,-1.668079e-01,-2.196490e-01,-1.023883e-01,-3.092293e-02,-5.858458e-02,-5.380385e-02,-2.206118e-02,4.117846e-03,-2.103205e-02,1.445413e-01,-5.762647e-02,-2.083337e+00,8.333331e+00,-8.645834e+01,-1.874999e+01,9.033515e-02,-1.457849e-01,-1.837670e+04,3.406084e-01,3.144577e+00,-1.649679e-02,-7.626377e-01,1.161229e+00,-1.772253e+00,-2.366102e+00,-1.867342e+00,-1.565551e+00,-1.122374e+00,-1.066681e+00,8.840587e-01,7.252182e-01,-2.997443e+00,-3.163550e+00
fru,2.360000,1.983225e+02,7.720542e-01,1.830103e-02,1.461086e-02,1.042262e-01,1.715590e+00,1.904854e+00,1.525217e-01,1.000000e-01,9.085694e-02,2.115124e-01,3.463505e-01,5.260682e-01,7.837641e-01,2.211310e+00,2.933662e+00,3.021394e+00,2.913416e+00,3.964549e+00,5.824223e+00,3.576673e+00,1.341826e+00,1.839502e+00,1.822532e+00,2.094871e+00,2.035111e+00,1.847312e+00,2.872242e+00,2.367242e+00,1.453912e+00,1.234736e+00,1.182183e+00,1.365603e+00,1.031973e+00,6.333851e-01,1.962676e+00,5.721218e-01,5.625000e+02,6.145833e+02,8.437500e+02,1.291667e+03,7.293660e-01,4.060144e+00,1.372744e+05,2.552234e+00,1.705430e+01,-4.888075e-01,3.934427e+01,-2.581174e+01,-5.487629e+00,-2.716544e+01,-9.859412e+00,8.162984e+00,-2.233244e+01,-6.143858e+00,1.450171e+01,1.918798e+00,5.502441e+00,-4.657910e+01,-4.272431e-01,-1.840180e-02,4.651055e-03,4.688311e-03,3.530408e-02,-9.428807e-02,-1.226902e-01,-5.001626e-03,-4.062500e-03,-1.132649e-02,-1.199167e-02,1.922947e-03,-5.619258e-03,-2.010561e-02,-1.453055e-01,-7.219050e-02,-2.004147e-01,-1.894865e-01,-3.975767e-01,-6.664887e-01,-2.693345e-01,-1.021175e-01,-1.564452e-01,-1.684357e-01,-1.157611e-01,-6.354395e-02,-1.448154e-01,-2.915586e-01,-1.113512e-01,-1.478784e-02,-2.279793e-02,-1.737698e-02,5.330252e-03,1.732845e-02,-1.569420e-02,9.988364e-02,-1.119658e-01,-3.333334e+01,-9.375000e+00,-1.302083e+02,-5.208332e+01,8.991965e-02,-1.446926e-01,-1.519954e+04,4.499143e-01,4.054572e+00,1.057283e-02,-8.524906e-01,3.190287e+00,-1.076244e-01,-1.969530e+00,-1.201553e-02,-3.913422e+00,-1.198809e+00,-2.435174e+00,1.954896e+00,1.369963e+00,-2.187029e+00,-2.410746e+00
fru,2.370000,1.965289e+02,7.553017e-01,2.212438e-02,1.618463e-02,1.555783e-01,1.559353e+00,1.773759e+00,1.449706e-01,9.166667e-02,7.873585e-02,1.986139e-01,3.500448e-01,5.111400e-01,7.799458e-01,2.104501e+00,2.916612e+00,2.727212e+00,2.615840e+00,3.442186e+00,4.942210e+00,3.368047e+00,1.223059e+00,1.630413e+00,1.631200e+00,1.968868e+00,1.997938e+00,1.722279e+00,2.582793e+00,2.309202e+00,1.479725e+00,1.254119e+00,1.183492e+00,1.393569e+00,1.061617e+00,6.443698e-01,1.896862e+00,3.856072e-01,5.104167e+02,6.041667e+02,6.770833e+02,1.208333e+03,8.611784e-01,3.924017e+00,1.256622e+05,3.214911e+00,2.337550e+01,-4.293905e-01,3.844587e+01,-2.132221e+01,-3.177826e+00,-3.028254e+01,-8.238627e+00,1.053258e+00,-2.433831e+01,-7.940197e+00,1.641131e+01,2.535971e+00,6.085319e+00,-5.154830e+01,-1.681248e+00,-1.490844e-02,5.406997e-03,7.392166e-03,3.145541e-02,-1.873349e-01,-1.621503e-01,-1.532541e-02,-9.791667e-03,-8.055494e-03,-6.737818e-03,7.967505e-03,-1.111258e-02,-1.146569e-02,-1.652501e-01,-1.479895e-01,-3.870412e-01,-3.392074e-01,-5.148966e-01,-8.665288e-01,-3.325822e-01,-1.219990e-01,-2.205586e-01,-2.036944e-01,-1.898740e-01,-1.227278e-01,-1.560687e-01,-3.197485e-01,-1.294065e-01,-1.321530e-03,2.356607e-02,1.426191e-02,9.002507e-03,4.855084e-03,-1.929384e-02,-1.740803e-01,-1.430801e-01,-7.291666e+01,-4.374999e+01,-1.145833e+02,-1.010417e+02,3.564053e-02,-9.797156e-02,-1.130325e+04,3.747629e-01,4.073494e+00,6.852579e-02,-1.419361e-01,5.110928e+00,1.598251e+00,7.264175e-01,2.567471e+00,-4.831228e+00,2.214050e-03,-2.862791e+00,1.201989e+00,1.866846e-01,-4.100135e-01,3.060398e-01
fru,2.380000,1.932329e+02,7.474334e-01,3.199963e-02,2.755167e-02,1.936470e-01,1.319618e+00,1.596423e+00,1.195431e-01,7.916667e-02,7.180486e-02,1.941544e-01,3.626950e-01,5.023962e-01,7.837809e-01,1.943977e+00,2.752592e+00,2.185457e+00,2.156620e+00,2.876465e+00,3.975196e+00,2.999108e+00,1.080598e+00,1.353836e+00,1.394372e+00,1.741037e+00,1.860381e+00,1.575198e+00,2.277872e+00,2.203216e+00,1.535966e+00,1.327893e+00,1.233263e+00,1.430731e+00,1.070199e+00,6.181963e-01,1.597698e+00,2.376986e-01,3.958333e+02,5.520833e+02,6.145833e+02,1.114583e+03,8.631693e-01,3.963176e+00,1.247217e+05,3.303715e+00,2.466323e+01,-3.277057e-01,3.857704e+01,-1.495266e+01,-1.316375e+00,-2.700514e+01,-3.026640e+00,-5.809666e+00,-2.331462e+01,-1.447523e+01,1.886495e+01,2.217143e+00,8.133113e+00,-4.789712e+01,-1.821152e+00,-1.297423e-02,7.161406e-03,1.121442e-02,2.574488e-02,-2.593954e-01,-2.116300e-01,-2.402099e-02,-1.354167e-02,-1.991156e-03,1.847999e-03,1.309499e-02,-1.782090e-02,-2.621420e-02,-2.424331e-01,-3.179629e-01,-5.085458e-01,-4.288119e-01,-5.732639e-01,-9.286251e-01,-4.651683e-01,-1.404556e-01,-2.531969e-01,-2.239882e-01,-2.697226e-01,-2.258811e-01,-1.949890e-01,-3.627695e-01,-2.159830e-01,-4.009576e-02,2.476777e-02,1.142373e-02,-3.090514e-02,-3.753845e-02,-4.715066e-02,-4.235567e-01,-1.375151e-01,-9.687499e+01,-8.229166e+01,-1.010417e+02,-1.437500e+02,-7.495522e-02,-1.068294e-01,-1.130053e+04,2.916526e-01,4.243464e+00,1.092910e-01,8.086407e-01,5.571822e+00,3.049515e+00,4.692374e+00,4.683068e+00,-3.824118e+00,2.718032e+00,-3.214052e+00,-9.120388e-02,-1.194240e+00,8.992416e-01,2.706055e+00
fru,2.390000,1.919589e+02,7.389805e-01,3.765046e-02,4.151731e-02,2.008353e-01,9.755628e-01,1.347134e+00,8.730484e-02,6.250000e-02,7.362890e-02,2.022943e-01,3.818021e-01,4.889636e-01,7.568521e-01,1.632807e+00,2.304213e+00,1.576905e+00,1.658728e+00,2.269496e+00,3.009771e+00,2.377564e+00,9.376686e-01,1.074076e+00,1.153618e+00,1.391730e+00,1.531882e+00,1.347433e+00,1.884061e+00,1.925712e+00,1.476222e+00,1.368710e+00,1.260139e+00,1.380409e+00,1.008610e+00,5.521796e-01,7.382622e-01,8.822534e-02,2.708333e+02,4.270833e+02,5.416667e+02,9.166667e+02,6.935852e-01,3.918811e+00,1.093915e+05,3.344174e+00,2.789183e+01,-1.500382e-01,4.126775e+01,-8.398775e+00,2.847884e+00,-1.925871e+01,3.459543e+00,-8.127552e+00,-1.783075e+01,-1.454743e+01,1.609366e+01,-2.405652e+00,9.397797e+00,-4.237801e+01,-3.947889e+01,-1.288125e-02,-2.990338e-03,-1.904294e-04,-2.944815e-02,-2.607136e-01,-2.465833e-01,-2.526120e-02,-1.281250e-02,4.133372e-03,8.777887e-03,1.170067e-02,-2.894047e-02,-5.750954e-02,-3.201847e-01,-4.818233e-01,-5.126844e-01,-4.243758e-01,-5.700526e-01,-8.702639e-01,-5.472299e-01,-1.482342e-01,-2.394856e-01,-2.208160e-01,-3.123848e-01,-3.101608e-01,-2.364965e-01,-4.019569e-01,-3.228808e-01,-1.311076e-01,-1.842501e-02,-2.014525e-02,-9.992790e-02,-9.011999e-02,-7.057180e-02,-4.416866e-01,-9.550305e-02,-8.437500e+01,-1.052083e+02,-8.749999e+01,-1.666667e+02,-1.562820e-01,-1.592971e-01,-1.348538e+04,3.233738e-01,5.142290e+00,1.001087e-01,9.177147e-01,5.314285e+00,2.692870e+00,6.699924e+00,4.580098e+00,-1.684479e+00,3.187579e+00,-2.727622e+00,-1.407217e+00,-1.562678e+00,-3.042727e-01,4.540462e+00
fru,2.400000,1.915017e+02,7.153437e-01,4.634502e-02,5.801664e-02,2.103221e-01,7.105073e-01,1.060017e+00,6.124965e-02,4.687500e-02,8.345463e-02,2.189122e-01,3.959468e-01,4.480519e-01,6.642399e-01,1.234991e+00,1.650047e+00,1.053819e+00,1.247913e+00,1.684575e+00,2.147317e+00,1.746072e+00,7.822432e-01,8.516860e-01,9.413815e-01,1.034827e+00,1.138734e+00,1.059790e+00,1.407760e+00,1.479072e+00,1.255185e+00,1.301279e+00,1.200978e+00,1.217657e+00,8.707842e-01,4.437269e-01,4.241923e-01,3.323714e-02,1.979167e+02,2.916667e+02,4.062500e+02,7.187500e+02,4.383865e-01,3.528600e+00,8.890713e+04,3.945865e+00,3.601345e+01,-8.202870e-02,4.197654e+01,-4.414351e+00,6.747093e+00,-9.215484e+00,7.706842e+00,-6.367201e+00,-1.199606e+01,-1.891050e+01,1.420452e+01,-1.581591e+00,8.342411e+00,-3.763397e+01,-1.188081e+01,-4.774428e-03,-1.016497e-02,-9.662067e-03,-5.881292e-02,-1.985956e-01,-2.421582e-01,-1.904579e-02,-7.083334e-03,7.077568e-03,9.321230e-03,2.219686e-03,-4.218777e-02,-8.481634e-02,-3.464406e-01,-5.379280e-01,-4.068140e-01,-3.576027e-01,-5.136574e-01,-7.190312e-01,-5.174676e-01,-1.406756e-01,-1.931905e-01,-1.926877e-01,-2.903963e-01,-3.189493e-01,-2.407572e-01,-3.924506e-01,-3.667131e-01,-1.962317e-01,-6.614199e-02,-5.326285e-02,-1.497784e-01,-1.182265e-01,-6.932430e-02,-3.290825e-01,-5.353559e-02,-5.000000e+01,-8.020833e+01,-6.354166e+01,-1.406250e+02,-1.644256e-01,-1.514215e-01,-7.731449e+03,4.810840e-01,7.110453e+00,6.842313e-02,-3.766949e-01,4.290349e+00,1.691970e+00,5.514580e+00,3.108125e+00,-1.401644e+00,2.525804e+00,-1.376455e+00,-7.977408e-01,-9.387577e-01,-1.898477e+00,3.513233e+00
fru,2.410000,0,7.069402e-01,0,0,0,5.603400e-01,8.090456e-01,4.781133e-02,4.375000e-02,9.357782e-02,2.301245e-01,3.919223e-01,3.936098e-01,5.521685e-01,8.580701e-01,1.058768e+00,7.296088e-01,9.483147e-01,1.187868e+00,1.504831e+00,1.258416e+00,6.310654e-01,6.840602e-01,7.536154e-01,7.600489e-01,8.079576e-01,7.974997e-01,1.008065e+00,1.056870e+00,9.645780e-01,1.175301e+00,1.098909e+00,1.000466e+00,7.107242e-01,3.787456e-01,2.751815e-01,1.032268e-02,1.875000e+02,2.083333e+02,3.437500e+02,5.729167e+02,2.921596e-01,3.344819e+00,7.614262e+04,4.510705e+00,4.341184e+01,-5.168535e-02,4.133470e+01,-1.993497e-02,6.254789e+00,-5.677748e+00,9.295121e+00,-7.090370e+00,-1.405970e+01,-1.936067e+01,1.170544e+01,-3.378050e+00,4.459307e+00,-3.397756e+01,1.164014e+01,1.224567e-02,-1.216459e-02,-1.410513e-02,-1.009667e-02,-7.701310e-02,-1.843233e-01,-8.015364e-03,-2.083320e-04,4.828603e-03,2.661237e-03,-9.844422e-03,-4.297466e-02,-8.075261e-02,-2.896645e-01,-4.407034e-01,-2.584239e-01,-2.663513e-01,-3.971883e-01,-5.060049e-01,-3.738475e-01,-1.044444e-01,-1.276900e-01,-1.439451e-01,-2.111030e-01,-2.369358e-01,-1.778053e-01,-3.036802e-01,-3.030159e-01,-1.770651e-01,-5.704870e-02,-4.004981e-02,-1.284680e-01,-8.471930e-02,-3.816872e-02,-9.885160e-02,-1.646892e-02,-1.354167e+01,-1.979167e+01,-1.354167e+01,-7.395834e+01,-8.766265e-02,-3.150086e-02,2.332166e+03,5.373287e-01,8.184134e+00,2.131655e-02,-1.980372e+00,2.710269e+00,-3.048641e-01,2.470032e+00,-3.814470e-01,-3.106989e+00,-9.358848e-01,-6.768841e-01,1.691541e+00,-1.194130e+00,-2.781315e+00,2.797066e+00
fru,2.420000,2.298083e+02,7.395813e-01,0,0,0,5.342512e-01,6.546763e-01,4.406090e-02,5.312501e-02,9.721824e-02,2.268455e-01,3.687333e-01,3.391342e-01,4.620410e-01,5.991428e-01,6.856750e-01,5.750352e-01,7.238131e-01,8.489919e-01,1.132510e+00,9.713443e-01,5.305217e-01,5.828909e-01,6.309347e-01,6.048961e-01,6.275964e-01,6.463784e-01,7.536168e-01,8.040716e-01,8.106291e-01,1.093888e+00,1.047564e+00,8.718110e-01,6.280094e-01,3.582918e-01,1.838259e-01,8.971962e-03,1.875000e+02,2.604167e+02,3.958333e+02,5.833333e+02,2.417538e-01,3.493064e+00,1.026889e+05,5.125869e+00,5.245549e+01,-3.476647e-02,3.666009e+01,2.309664e+00,5.440022e+00,-6.222722e+00,9.596196e+00,-1.333648e+01,-1.257112e+01,-1.895089e+01,1.707035e+01,-1.990446e+00,1.109973e+00,-3.453118e+01,3.139155e+01,2.958464e-02,2.685476e-02,7.627818e-03,3.565021e-02,3.276007e-02,-8.807366e-02,3.092605e-03,3.750001e-03,-8.625239e-04,-5.685246e-03,-1.272449e-02,-2.473554e-02,-3.367706e-02,-1.712545e-01,-2.502975e-01,-1.278109e-01,-1.735892e-01,-2.490029e-01,-2.927438e-01,-1.940228e-01,-2.048033e-02,-4.939591e-02,-7.459788e-02,-1.115840e-01,-1.069883e-01,-5.227417e-02,-1.511585e-01,-1.605566e-01,-8.026618e-02,3.279127e-02,3.296904e-02,-3.911825e-02,1.197774e-02,1.517413e-02,5.602924e-02,-9.226439e-04,8.333333e+00,3.854167e+01,3.229166e+01,-25,5.172574e-03,6.551607e-02,7.563919e+03,5.298437e-01,8.852896e+00,-8.916492e-03,-2.740408e+00,1.007656e+00,-8.775183e-01,-9.067921e-02,-4.016415e+00,-5.187837e+00,-3.916322e+00,7.065685e-01,3.311809e+00,-2.622851e+00,-2.387139e+00,3.730263e+00
fru,2.430000,2.310063e+02,7.880900e-01,0,0,2.555130e-01,6.786253e-01,6.281877e-01,5.582239e-02,5.833334e-02,9.089012e-02,2.116339e-01,3.461867e-01,3.285491e-01,4.541886e-01,5.024088e-01,5.828823e-01,5.241778e-01,5.890208e-01,7.013462e-01,9.871500e-01,8.956909e-01,5.413074e-01,5.700230e-01,5.891161e-01,5.511804e-01,6.027719e-01,6.651123e-01,6.927320e-01,7.481325e-01,8.131747e-01,1.187162e+00,1.136597e+00,9.109924e-01,7.064008e-01,4.040535e-01,3.641874e-01,1.801332e-02,2.083333e+02,3.437500e+02,4.791667e+02,6.145833e+02,3.535883e-01,3.779075e+00,1.141615e+05,5.440815e+00,6.059148e+01,-6.708653e-02,3.402411e+01,1.790565e+00,1.977099e+00,-8.404927e+00,6.076310e-01,-2.017786e+01,-2.222264e+01,-1.791166e+01,2.311845e+01,-8.171872e+00,-8.925589e-01,-2.994408e+01,4.687156e+01,3.416427e-02,4.303857e-02,2.784315e-02,7.614210e-02,1.027594e-01,1.456915e-02,1.051686e-02,3.229167e-03,-5.992101e-03,-9.067443e-03,1.039368e-03,3.698954e-03,4.280796e-02,-3.177028e-02,-7.373006e-02,-4.716197e-02,-7.590018e-02,-1.022290e-01,-1.291749e-01,-3.341857e-02,1.126525e-01,4.991799e-02,1.894229e-02,-1.586995e-02,2.399928e-02,9.728666e-02,1.003416e-02,-2.008438e-02,2.869808e-02,1.487418e-01,1.209755e-01,6.576881e-02,1.311530e-01,6.748009e-02,1.759399e-01,6.618825e-03,1.875000e+01,6.354166e+01,3.541666e+01,-9.375000e+00,4.693076e-02,3.116269e-02,2.592479e+03,3.768524e-01,6.813098e+00,-3.103030e-02,-2.041679e+00,-1.211615e+00,-7.754782e-01,4.426700e-01,-6.560050e+00,-5.637553e+00,-5.169509e+00,7.070438e-01,1.981384e+00,-3.804358e+00,1.829772e-01,5.814314e+00
fru,2.440000,2.329564e+02,8.226920e-01,1.806188e-01,9.615573e-02,2.608167e-01,8.151650e-01,7.100778e-01,7.270715e-02,5.833334e-02,8.048587e-02,1.997313e-01,3.551922e-01,3.569045e-01,5.448446e-01,5.565489e-01,6.365023e-01,5.174803e-01,5.596136e-01,6.828211e-01,9.424384e-01,9.573207e-01,7.247205e-01,6.617250e-01,6.506417e-01,5.813417e-01,7.063851e-01,8.646129e-01,8.096340e-01,8.306573e-01,9.295557e-01,1.459305e+00,1.346979e+00,1.066803e+00,9.328346e-01,5.069435e-01,6.598355e-01,2.477860e-02,2.291667e+02,4.166667e+02,500,5.729167e+02,4.335350e-01,3.639053e+00,1.077173e+05,6.130028e+00,7.168811e+01,-1.189106e-01,3.192979e+01,-2.813222e-01,4.498347e+00,-8.305290e+00,-8.031487e+00,-2.576264e+01,-2.749619e+01,-1.610217e+01,2.505706e+01,-1.229893e+01,-9.173522e-01,-2.099940e+01,6.122879e-01,2.652013e-02,2.016623e-02,1.660456e-02,3.156012e-02,1.110638e-01,8.891048e-02,1.272420e-02,1.354166e-03,-7.665582e-03,-5.747885e-03,2.570907e-02,2.880737e-02,1.272054e-01,8.265730e-02,2.170197e-02,-4.816764e-03,2.660825e-02,1.016895e-02,-2.973695e-02,7.674426e-02,2.612775e-01,1.676358e-01,1.299801e-01,5.582787e-02,1.049431e-01,1.999645e-01,1.230664e-01,5.300035e-02,7.180347e-02,2.072830e-01,1.710300e-01,1.123618e-01,1.995313e-01,1.023312e-01,2.300094e-01,9.782884e-03,3.229166e+01,5.000000e+01,1.562500e+01,-2.499999e+01,1.756875e-02,-8.648071e-02,-6.273264e+03,3.444142e-02,5.111622e-01,-4.087042e-02,-2.156437e-01,-2.643854e+00,-1.095604e+00,2.682582e+00,-6.237037e+00,-5.409982e+00,-3.440657e+00,2.530026e-01,-1.315761e+00,-4.077409e+00,2.947834e+00,7.632427e+00
fru,2.450000,2.327838e+02,8.362063e-01,1.248834e-01,9.113791e-02,2.503022e-01,9.336799e-01,8.541905e-01,8.607253e-02,5.729167e-02,7.198351e-02,1.983443e-01,4.038897e-01,4.032194e-01,7.248065e-01,7.205157e-01,7.147036e-01,5.225764e-01,6.509135e-01,7.598088e-01,9.539923e-01,1.098335e+00,1.097229e+00,8.942330e-01,8.384733e-01,6.924763e-01,8.885596e-01,1.174816e+00,1.030227e+00,9.431555e-01,1.048605e+00,1.736301e+00,1.554078e+00,1.231814e+00,1.214077e+00,6.418201e-01,9.168761e-01,3.551349e-02,2.604167e+02,4.479167e+02,4.687500e+02,5.312500e+02,4.309229e-01,3.427638e+00,8.659082e+04,5.892887e+00,6.786102e+01,-1.647648e-01,3.349145e+01,-4.782519e+00,2.848235e+00,-2.423114e+00,-1.469129e+01,-2.906505e+01,-3.244471e+01,-1.724981e+01,1.761901e+01,-1.724560e+01,6.387856e+00,-1.167188e+01,-9.125519e-02,1.593878e-02,-1.282551e-02,-4.715398e-05,-4.633908e-02,8.012984e-02,1.141542e-01,9.871055e-03,1.249999e-03,-5.771215e-03,-3.018767e-04,4.275863e-02,3.449233e-02,1.795506e-01,1.415136e-01,2.643736e-02,1.931157e-02,1.114996e-01,7.429652e-02,3.237844e-02,1.290543e-01,3.611397e-01,2.915936e-01,2.359727e-01,8.777522e-02,1.094931e-01,2.000796e-01,1.364820e-01,4.501784e-02,4.675270e-02,1.534748e-01,1.563024e-01,7.944743e-02,1.753606e-01,1.038984e-01,1.817231e-01,1.529945e-02,4.479166e+01,2.916667e+01,3.051758e-06,1.354167e+01,-4.299120e-02,-1.589232e-01,-4.116009e+03,-3.993643e-01,-7.659172e+00,-3.309755e-02,1.100170e+00,-3.314225e+00,-2.673908e+00,5.069098e+00,-3.385062e+00,-5.066264e+00,-1.637253e-01,2.732309e-01,-3.759576e+00,-2.287548e+00,4.899743e+00,6.695356e+00
fru,2.460000,2.319810e+02,8.481238e-01,3.838946e-02,3.745383e-02,1.604060e-01,9.620430e-01,9.862272e-01,9.255686e-02,6.041667e-02,6.834363e-02,2.047508e-01,4.684272e-01,4.458359e-01,9.627588e-01,9.033759e-01,7.282742e-01,5.517520e-01,8.259080e-01,8.706053e-01,1.000404e+00,1.253744e+00,1.558949e+00,1.258965e+00,1.156157e+00,8.133875e-01,1.009418e+00,1.391349e+00,1.200202e+00,9.715618e-01,1.051931e+00,1.855733e+00,1.693973e+00,1.273209e+00,1.371828e+00,7.510648e-01,1.057528e+00,4.913630e-02,3.229167e+02,4.583333e+02,4.791667e+02,500,2.909303e-01,3.236378e+00,8.510791e+04,5.072041e+00,5.137653e+01,-1.902794e-01,3.584820e+01,-7.623066e+00,-4.735661e-01,4.199284e+00,-1.393953e+01,-3.594279e+01,-2.466338e+01,-1.801680e+01,1.324127e+01,-1.784063e+01,1.220894e+01,-5.505142e+00,-7.507232e-01,8.653373e-03,-4.712849e-02,-2.472075e-02,-6.154343e-02,5.058494e-02,9.529488e-02,5.793404e-03,1.458332e-03,-3.205063e-03,1.740894e-03,3.847574e-02,2.483849e-02,1.794314e-01,1.364953e-01,-9.494519e-03,4.018653e-02,1.553312e-01,1.058313e-01,9.721672e-02,1.488380e-01,3.690746e-01,4.025876e-01,2.799130e-01,6.920023e-02,4.637405e-02,9.750452e-02,5.548435e-02,-1.405450e-02,-1.937502e-02,1.648408e-02,9.926437e-02,4.034352e-03,8.026979e-02,7.521884e-02,9.417973e-02,2.377488e-02,5.416666e+01,1.250000e+01,2.083334e+00,1.062500e+02,-7.012872e-02,-1.040973e-01,6.695467e+03,-8.139806e-01,-1.415007e+01,-1.900517e-02,1.800818e+00,-3.174103e+00,-5.303575e+00,5.632554e+00,-3.418925e-01,-4.711946e+00,4.010576e-01,-6.601610e-02,-3.060760e+00,-1.775159e+00,4.276071e+00,4.542093e+00
fru,2.470000,2.310377e+02,8.550680e-01,6.987124e-03,2.911518e-02,7.402290e-02,1.005836e+00,1.060884e+00,9.525281e-02,6.354167e-02,6.810516e-02,2.076147e-01,5.033624e-01,4.565451e-01,1.142985e+00,1.036563e+00,6.691832e-01,6.035998e-01,1.013372e+00,9.789367e-01,1.120059e+00,1.392751e+00,1.929892e+00,1.729371e+00,1.516222e+00,8.740336e-01,9.987209e-01,1.402142e+00,1.179858e+00,9.027694e-01,9.857504e-01,1.756322e+00,1.744612e+00,1.205027e+00,1.363707e+00,8.014848e-01,1.073956e+00,8.233169e-02,3.854167e+02,4.687500e+02,4.895833e+02,7.187500e+02,2.099347e-01,3.185796e+00,1.048861e+05,3.972987e+00,3.245141e+01,-1.968899e-01,3.756575e+01,-1.110969e+01,-8.906485e+00,1.068828e+01,-1.336366e+01,-4.041910e+01,-2.445768e+01,-1.558819e+01,1.022847e+01,-1.683876e+01,1.704301e+01,-4.214423e+00,-9.035904e-01,5.198872e-03,-2.784505e-02,-2.084437e-02,-5.538229e-02,2.578169e-02,5.434812e-02,2.233539e-03,1.250000e-03,-1.864477e-03,-6.312281e-05,1.629268e-02,9.758955e-03,1.266349e-01,8.708257e-02,-3.681327e-02,5.641808e-02,1.485913e-01,1.126302e-01,1.641860e-01,1.578610e-01,2.887585e-01,4.460309e-01,2.095885e-01,1.235119e-02,-3.376161e-02,-3.414246e-02,-5.845952e-02,-7.160234e-02,-7.215364e-02,-1.162296e-01,4.500048e-02,-5.698841e-02,-2.032180e-02,3.426556e-02,1.392406e-02,2.827581e-02,4.479167e+01,3.125003e+00,6.250003e+00,2.031250e+02,-5.747194e-02,-2.480624e-02,1.620933e+04,-8.695909e-01,-1.399494e+01,-5.851691e-03,1.516637e+00,-2.030158e+00,-6.065255e+00,4.195285e+00,1.869414e+00,-3.125185e+00,-1.068353e+00,-5.770935e-01,3.270141e-01,-1.705904e+00,1.133600e+00,2.753611e+00
fru,2.480000,2.300758e+02,8.565280e-01,3.924492e-03,3.563363e-03,4.123915e-02,1.032012e+00,1.083205e+00,9.708402e-02,6.250000e-02,6.639972e-02,2.038006e-01,4.978345e-01,4.544341e-01,1.232913e+00,1.081002e+00,6.117899e-01,6.779013e-01,1.155040e+00,1.102413e+00,1.345488e+00,1.554303e+00,2.153762e+00,2.257094e+00,1.711332e+00,8.365642e-01,8.831747e-01,1.238472e+00,1.012240e+00,7.805778e-01,8.641079e-01,1.531715e+00,1.748035e+00,1.100368e+00,1.259368e+00,8.032054e-01,1.052194e+00,1.202439e-01,4.375000e+02,4.687500e+02,500,1.010417e+03,1.933855e-01,3.239488e+00,132047,3.020075e+00,1.864256e+01,-1.978739e-01,3.889673e+01,-1.298826e+01,-1.614217e+01,1.330178e+01,-1.040477e+01,-4.364535e+01,-2.948442e+01,-1.726306e+01,1.344853e+01,-2.137814e+01,1.513543e+01,-2.017663e+00,-8.718811e-01,1.964277e-03,-7.324226e-03,-9.164980e-03,-2.248663e-02,3.318405e-03,1.506635e-02,-3.708176e-04,5.208328e-04,-2.186640e-03,-2.206117e-03,-6.000736e-03,1.206547e-04,5.010508e-02,2.442778e-02,-3.637825e-02,5.811387e-02,1.046579e-01,1.061189e-01,2.108838e-01,1.593859e-01,1.641322e-01,3.682284e-01,3.831450e-02,-4.405125e-02,-7.548765e-02,-1.093526e-01,-1.251064e-01,-9.103024e-02,-8.391200e-02,-1.839008e-01,4.992640e-03,-7.015985e-02,-6.993809e-02,1.953745e-03,-4.367048e-02,2.131276e-02,1.458334e+01,-3.125003e+00,0,2.010417e+02,-2.334912e-02,3.215339e-02,1.419431e+04,-6.398042e-01,-8.957312e+00,4.677904e-03,9.934288e-01,-6.358417e-01,-4.894929e+00,1.846667e+00,2.682435e+00,-6.030674e-01,-3.973299e+00,-2.019432e+00,2.519796e+00,-2.175271e+00,-1.534889e+00,9.034872e-01
fru,2.490000,2.292185e+02,8.579985e-01,2.890651e-03,3.861284e-03,3.297412e-02,1.027604e+00,1.077442e+00,9.497664e-02,6.250000e-02,6.363308e-02,1.985039e-01,4.706494e-01,4.477150e-01,1.222904e+00,1.067116e+00,5.888794e-01,7.415922e-01,1.229304e+00,1.207056e+00,1.602380e+00,1.737360e+00,2.243614e+00,2.625323e+00,1.608828e+00,7.426438e-01,7.828733e-01,1.080542e+00,8.319100e-01,6.806358e-01,7.817485e-01,1.317162e+00,1.752050e+00,1.033292e+00,1.168697e+00,7.870776e-01,9.891636e-01,1.413388e-01,4.270833e+02,4.583333e+02,4.895833e+02,1.291667e+03,1.923355e-01,3.302052e+00,1.441680e+05,2.570915e+00,1.425332e+01,-1.902260e-01,3.955037e+01,-1.225071e+01,-1.964374e+01,1.400206e+01,-7.111599e+00,-4.083969e+01,-3.537595e+01,-2.051215e+01,1.915044e+01,-2.400636e+01,1.059261e+01,3.524312e-01,-7.867325e-01,-6.076813e-04,-6.351845e-04,-4.982439e-03,7.113926e-03,-2.581855e-02,-1.408880e-02,-2.335303e-03,5.208344e-04,-2.483390e-03,-7.243946e-04,-1.333797e-02,3.756940e-04,-1.350366e-02,-2.769398e-02,-2.290146e-02,4.286282e-02,4.464877e-02,7.880215e-02,1.998761e-01,1.354338e-01,3.411601e-02,1.507246e-01,-1.453021e-01,-7.114173e-02,-6.938243e-02,-1.040696e-01,-1.123317e-01,-7.303276e-02,-6.478238e-02,-1.712221e-01,-2.512922e-02,-5.051152e-02,-7.041518e-02,-1.518237e-02,-6.270836e-02,4.183953e-03,-2.083333e+01,-8.333334e+00,-6.250003e+00,6.874999e+01,-1.160218e-02,3.471296e-02,2.976802e+03,-2.602184e-01,-2.653170e+00,9.964983e-03,4.836788e-01,1.212628e+00,-2.013135e+00,-1.694869e-01,3.158543e+00,1.603073e+00,-4.868755e+00,-2.848261e+00,2.995894e+00,-1.408467e+00,-2.920959e+00,-3.644991e-01
fru,2.500000,2.285312e+02,8.564799e-01,3.816561e-03,4.255876e-03,6.849720e-02,9.677508e-01,1.053280e+00,9.084085e-02,6.354167e-02,5.964648e-02,1.982756e-01,4.547800e-01,4.508542e-01,1.173324e+00,1.010239e+00,5.865348e-01,7.733252e-01,1.241232e+00,1.287140e+00,1.813662e+00,1.878369e+00,2.222749e+00,2.652131e+00,1.301426e+00,6.588261e-01,7.399037e-01,1.005386e+00,7.486439e-01,6.274775e-01,7.343722e-01,1.155809e+00,1.715217e+00,1.008277e+00,1.119642e+00,7.680371e-01,8.815724e-01,1.261966e-01,375,4.479167e+02,4.791667e+02,1.218750e+03,1.829842e-01,3.339017e+00,1.364385e+05,2.574056e+00,1.568902e+01,-1.702219e-01,3.982303e+01,-1.023176e+01,-1.957958e+01,1.177573e+01,-3.653385e+00,-3.874783e+01,-3.907074e+01,-2.565198e+01,2.137926e+01,-2.513318e+01,7.759696e+00,-3.271133e+00,-7.186676e-01,-3.331757e-03,1.277239e-04,-9.369857e-05,1.878099e-02,-4.400241e-02,-3.424349e-02,-3.307083e-03,1.770834e-03,-1.347008e-03,4.001380e-03,-6.195390e-03,3.730890e-03,-5.249636e-02,-5.779639e-02,-1.606459e-02,1.690822e-02,-1.114178e-02,2.911996e-02,1.306397e-01,7.430346e-02,-8.302288e-02,-1.329937e-01,-2.424071e-01,-6.416167e-02,-4.389429e-02,-5.277397e-02,-5.403166e-02,-3.054311e-02,-2.551613e-02,-1.152197e-01,-6.683679e-02,-2.223947e-02,-5.108209e-02,-1.926866e-02,-6.650510e-02,-9.412968e-03,-4.687500e+01,-8.333334e+00,-8.333334e+00,-4.375001e+01,-1.229836e-02,2.024589e-02,-5.306802e+03,-6.697250e-03,9.474737e-01,1.228156e-02,1.222889e-01,2.350296e+00,2.274818e-02,-1.361141e+00,3.333491e+00,2.825269e+00,-4.782893e+00,-1.530853e+00,1.292894e+00,2.996372e-01,-2.420595e+00,-2.558720e+00
fru,2.510000,2.278763e+02,8.520536e-01,3.865167e-03,3.856727e-03,9.596350e-02,9.088733e-01,1.005403e+00,8.669788e-02,6.562500e-02,5.906484e-02,2.067552e-01,4.581998e-01,4.602135e-01,1.105260e+00,9.334747e-01,5.673034e-01,7.702019e-01,1.193520e+00,1.280584e+00,1.885353e+00,1.907887e+00,2.065979e+00,2.285475e+00,9.946647e-01,6.071940e-01,7.234443e-01,9.983370e-01,7.499978e-01,6.141558e-01,7.267063e-01,1.088164e+00,1.635374e+00,9.985147e-01,1.081494e+00,7.431571e-01,8.457255e-01,1.002751e-01,3.125000e+02,4.375000e+02,4.687500e+02,9.583333e+02,1.571244e-01,3.309596e+00,1.175744e+05,2.894905e+00,2.066234e+01,-1.608910e-01,3.952100e+01,-6.424796e+00,-1.725345e+01,1.060387e+01,-9.466322e-01,-3.485249e+01,-4.400830e+01,-2.563503e+01,2.124257e+01,-2.200358e+01,6.126078e+00,-5.410183e+00,-8.268830e-01,-7.299530e-03,8.010779e-04,1.146013e-04,1.323664e-02,-4.351490e-02,-4.566998e-02,-2.388945e-03,1.666667e-03,8.273702e-04,9.409433e-03,6.477735e-03,6.511128e-03,-6.623658e-02,-6.799982e-02,-1.839886e-02,-5.954206e-03,-5.062704e-02,-2.734762e-02,3.750326e-02,-4.499316e-03,-1.612378e-01,-3.480228e-01,-2.285547e-01,-4.050614e-02,-2.990263e-02,-9.566808e-03,1.219124e-03,1.841182e-02,1.496698e-02,-5.607853e-02,-1.192023e-01,1.673853e-03,-3.537041e-02,-1.491349e-02,-3.971758e-02,-1.444928e-02,-4.895834e+01,-5.208334e+00,-5.208334e+00,-1.218750e+02,-1.338658e-02,4.362488e-03,-8.103741e+03,1.576643e-01,3.066276e+00,8.325425e-03,-1.257996e-01,2.763146e+00,9.685059e-01,-1.433154e+00,2.941589e+00,2.488880e+00,-4.193196e+00,3.692293e-01,-4.288996e-01,1.129853e+00,-1.767217e+00,-3.802622e+00
fru,2.520000,2.271535e+02,8.428417e-01,4.075854e-03,3.097149e-03,1.036494e-01,8.713651e-01,9.480075e-01,8.468799e-02,6.979167e-02,6.194881e-02,2.196818e-01,4.730824e-01,4.668393e-01,1.029253e+00,8.588402e-01,5.422549e-01,7.481375e-01,1.117223e+00,1.211249e+00,1.857201e+00,1.840557e+00,1.827465e+00,1.762049e+00,8.063785e-01,5.834808e-01,6.934177e-01,1.015705e+00,7.830378e-01,6.611023e-01,7.640483e-01,1.070115e+00,1.472189e+00,1.006560e+00,1.047559e+00,7.288224e-01,7.913876e-01,9.371086e-02,2.604167e+02,4.375000e+02,4.687500e+02,9.583333e+02,1.494993e-01,3.336945e+00,1.188098e+05,2.824594e+00,2.017542e+01,-1.511336e-01,3.952286e+01,-4.149731e+00,-1.722357e+01,8.195168e+00,3.180206e+00,-3.251261e+01,-4.908271e+01,-2.235588e+01,1.886694e+01,-2.088135e+01,5.265718e+00,-1.192995e+01,-1.291112e+00,-1.152276e-02,6.797697e-04,4.562256e-04,-6.113465e-03,-3.099751e-02,-4.612173e-02,-9.113327e-04,-6.249994e-04,3.686988e-03,1.387452e-02,1.624023e-02,6.829462e-03,-6.633078e-02,-6.239223e-02,-2.043033e-02,-1.936616e-02,-7.019235e-02,-7.305048e-02,-4.709190e-02,-6.601451e-02,-1.755109e-01,-4.109430e-01,-1.529686e-01,-1.776203e-02,-2.501888e-02,1.223919e-02,2.454185e-02,6.047615e-02,5.667185e-02,-1.467031e-02,-1.566691e-01,2.062933e-02,-2.803704e-02,-7.905746e-03,1.263553e-03,-1.184097e-02,-3.645833e+01,-1.458333e+01,-4.166663e+00,-1.041667e+02,-5.457514e-03,-8.704734e-03,-7.216737e+03,2.223889e-01,3.464764e+00,8.319303e-04,-1.100903e-01,2.457070e+00,1.801079e+00,-6.412787e-01,2.295959e+00,1.485006e+00,-2.765885e+00,1.723710e+00,-7.150170e-01,1.239953e+00,-1.862467e+00,-3.227507e+00
fru,2.530000,2.257729e+02,8.283200e-01,6.766394e-03,5.013654e-03,8.158120e-02,8.582222e-01,9.017284e-01,8.610835e-02,6.770834e-02,6.661876e-02,2.348479e-01,4.938869e-01,4.722781e-01,9.637571e-01,8.028157e-01,5.190250e-01,7.244150e-01,1.038173e+00,1.108263e+00,1.768127e+00,1.733770e+00,1.635067e+00,1.330250e+00,7.135785e-01,5.777858e-01,6.566032e-01,1.027549e+00,8.208086e-01,7.558824e-01,8.417454e-01,1.079617e+00,1.277553e+00,1.042520e+00,1.027887e+00,7.321175e-01,8.356681e-01,8.533520e-02,2.395833e+02,4.375000e+02,4.687500e+02,8.125000e+02,1.421451e-01,3.324901e+00,1.124636e+05,3.233968e+00,2.734150e+01,-1.581430e-01,3.907146e+01,-1.475999e+00,-1.597922e+01,8.626572e+00,4.179552e+00,-3.151291e+01,-5.133594e+01,-2.031405e+01,1.826211e+01,-2.048301e+01,3.003510e+00,-1.433127e+01,-2.197038e+00,-1.618950e-02,8.342608e-04,1.397650e-03,-1.307537e-02,-2.899168e-02,-3.681377e-02,-6.320700e-04,-5.000000e-03,5.850307e-03,1.683539e-02,2.110594e-02,5.312172e-03,-6.093235e-02,-5.172094e-02,-1.713938e-02,-2.524915e-02,-7.695448e-02,-9.378177e-02,-1.158045e-01,-9.890785e-02,-1.291266e-01,-3.310295e-01,-7.329345e-02,3.017706e-03,-1.148787e-02,2.373718e-02,2.275174e-02,8.421100e-02,9.741373e-02,7.712364e-03,-1.574760e-01,3.100654e-02,-2.762661e-02,-5.582440e-03,9.327823e-03,-1.328908e-02,-2.187500e+01,-3.125000e+01,-5.208334e+00,-1.145833e+02,6.223792e-03,-3.903852e-02,-8.470050e+03,3.775176e-01,5.175385e+00,-3.858253e-04,-3.907211e-01,1.737978e+00,3.299613e+00,7.243595e-02,1.079286e+00,-3.262047e-01,2.454849e-01,1.576891e+00,-1.092575e+00,5.323984e-01,-2.624070e+00,-1.421035e+00
fru,2.540000,2.231274e+02,8.107329e-01,5.764796e-03,5.958541e-03,4.512103e-02,8.380888e-01,8.745086e-01,8.657896e-02,5.937500e-02,7.430445e-02,2.536019e-01,5.181376e-01,4.789692e-01,9.124222e-01,7.636068e-01,5.085223e-01,6.993878e-01,9.679437e-01,1.008048e+00,1.636816e+00,1.635355e+00,1.560650e+00,1.075028e+00,6.771260e-01,5.847201e-01,6.482298e-01,1.051977e+00,8.359478e-01,8.589949e-01,9.602119e-01,1.086731e+00,1.110783e+00,1.089421e+00,1.006261e+00,7.340282e-01,8.929189e-01,7.446168e-02,2.291667e+02,375,4.583333e+02,7.708333e+02,1.631863e-01,3.287841e+00,1.029102e+05,3.516469e+00,2.967326e+01,-1.674362e-01,3.949735e+01,-4.208120e-01,-1.121131e+01,9.557982e+00,5.263319e+00,-3.299260e+01,-4.923634e+01,-1.969392e+01,1.929441e+01,-1.969370e+01,8.644979e-03,-1.494813e+01,-2.948711e+00,-2.246303e-02,8.604426e-04,1.735574e-03,-1.036650e-02,-3.737689e-02,-2.379636e-02,-1.932403e-03,-9.062501e-03,7.713222e-03,1.893147e-02,2.169152e-02,1.461816e-03,-6.230290e-02,-4.979421e-02,-1.288206e-02,-2.855210e-02,-8.165859e-02,-1.001009e-01,-1.837256e-01,-1.186690e-01,-6.453188e-02,-1.895224e-01,-7.733953e-03,2.850323e-02,2.212077e-02,4.807360e-02,1.852224e-02,8.388442e-02,1.361046e-01,3.484314e-02,-1.035422e-01,1.858975e-02,-4.202854e-02,-1.410149e-02,-9.779269e-03,-1.718553e-02,-1.250000e+01,-5.208334e+01,-2.083333e+01,-1.437500e+02,2.048308e-02,-1.083634e-01,-1.070892e+04,7.008086e-01,9.267515e+00,3.400664e-03,-9.989735e-01,9.406444e-01,6.128484e+00,3.494390e-01,4.260119e-01,-1.161266e+00,4.993606e+00,1.596455e+00,-1.639287e+00,-8.842804e-01,-4.046243e+00,1.679002e+00
fru,2.550000,2.189042e+02,7.871605e-01,7.192000e-03,9.414284e-03,5.985085e-02,7.805530e-01,8.580834e-01,8.259205e-02,4.583333e-02,8.213855e-02,2.739721e-01,5.412019e-01,4.807094e-01,8.590137e-01,7.224867e-01,4.984728e-01,6.683310e-01,8.833874e-01,9.132754e-01,1.416523e+00,1.515948e+00,1.553753e+00,9.738386e-01,6.928237e-01,6.216629e-01,6.885989e-01,1.098887e+00,8.373016e-01,9.362645e-01,1.115693e+00,1.118418e+00,1.028697e+00,1.112117e+00,9.640105e-01,7.126420e-01,8.415989e-01,4.345429e-02,2.187500e+02,3.125000e+02,4.479167e+02,4.791667e+02,1.813999e-01,3.138955e+00,8.317388e+04,4.436555e+00,4.179034e+01,-1.546688e-01,3.758015e+01,4.006339e-01,-3.761516e+00,1.028464e+01,3.408242e+00,-3.624352e+01,-4.270406e+01,-1.908156e+01,1.556596e+01,-1.993541e+01,-4.365736e+00,-1.100627e+01,-3.067125e+00,-3.627423e-02,1.199779e-03,1.622894e-03,3.298125e-03,-4.810631e-02,-9.540802e-03,-4.226624e-03,-9.270834e-03,9.580143e-03,1.928719e-02,1.699380e-02,-7.585165e-03,-7.808162e-02,-6.278101e-02,-7.736275e-03,-3.430020e-02,-8.949381e-02,-1.023761e-01,-2.472050e-01,-1.480653e-01,-3.971970e-02,-5.871654e-02,5.259129e-02,6.942031e-02,7.360581e-02,9.658603e-02,3.126650e-02,8.364792e-02,1.831629e-01,1.004548e-01,3.016269e-03,-1.370281e-02,-6.883267e-02,-2.907824e-02,-6.351241e-02,-1.839123e-02,-1.041667e+01,-5.520833e+01,-3.958334e+01,-1.302083e+02,2.341558e-02,-1.715691e-01,-4.539737e+03,1.076190e+00,1.401483e+01,1.292464e-02,-2.359951e+00,7.881497e-01,8.956276e+00,-8.774903e-01,3.759624e-01,-1.382035e+00,1.000954e+01,1.554848e+00,-2.947082e+00,-1.347751e+00,-4.844595e+00,2.994446e+00
fru,2.560000,2.158443e+02,7.511063e-01,8.165264e-03,9.574703e-03,6.268207e-02,7.233152e-01,8.508482e-01,7.678412e-02,3.541667e-02,9.275503e-02,2.947770e-01,5.578825e-01,4.699328e-01,7.701098e-01,6.500337e-01,4.881207e-01,6.334190e-01,7.863231e-01,8.082385e-01,1.114375e+00,1.356122e+00,1.545463e+00,9.926431e-01,7.780862e-01,7.040584e-01,7.880237e-01,1.220404e+00,8.674026e-01,9.903334e-01,1.307597e+00,1.224930e+00,1.078905e+00,1.064710e+00,8.693550e-01,6.680527e-01,7.395258e-01,2.872369e-02,2.083333e+02,2.395833e+02,375,4.062500e+02,2.322873e-01,2.888101e+00,7.991005e+04,5.727343e+00,5.928857e+01,-1.358674e-01,3.527365e+01,-3.848262e-01,7.309998e+00,9.113327e+00,5.695920e+00,-3.595363e+01,-2.843062e+01,-1.498985e+01,1.201857e+01,-2.557655e+01,-1.128087e+01,-5.197445e+00,-4.510802e+01,-5.184012e-02,-7.156538e-04,-1.001132e-03,-6.080161e-03,-4.358107e-02,1.304753e-02,-6.818985e-03,2.083335e-04,1.138264e-02,1.569089e-02,4.110134e-03,-2.232230e-02,-1.029590e-01,-8.370115e-02,-9.145498e-04,-4.300504e-02,-9.770224e-02,-1.057899e-01,-2.799719e-01,-1.914071e-01,-7.392615e-02,3.127285e-02,1.147356e-01,1.408685e-01,1.475964e-01,1.801849e-01,9.118776e-02,1.213135e-01,2.543994e-01,2.365503e-01,1.535670e-01,-3.955217e-02,-8.576632e-02,-3.660657e-02,-1.185564e-01,-1.474300e-02,-1.041667e+01,-3.958333e+01,-5.520834e+01,2.187501e+01,2.507245e-02,-1.356664e-01,5.955739e+04,9.512521e-01,1.198346e+01,2.238360e-02,-4.358335e+00,1.024949e+00,1.105381e+01,-2.762911e+00,1.201206e-01,6.319710e-01,1.284334e+01,1.255069e+00,-2.986119e+00,-5.260565e-01,-3.462030e+00,2.340140e+00
fru,2.570000,2.140788e+02,6.767622e-01,1.156505e-02,1.132004e-02,8.929130e-02,6.750775e-01,8.658546e-01,6.987265e-02,3.333334e-02,1.052942e-01,3.106963e-01,5.589834e-01,4.388705e-01,6.445052e-01,5.456973e-01,4.905445e-01,5.858985e-01,6.815140e-01,6.962873e-01,7.933226e-01,1.133059e+00,1.444062e+00,1.077860e+00,9.260549e-01,8.652182e-01,9.547353e-01,1.426265e+00,9.614137e-01,1.108453e+00,1.583867e+00,1.512791e+00,1.308573e+00,9.863613e-01,7.521765e-01,6.197140e-01,5.948026e-01,1.624805e-02,1.979167e+02,2.291667e+02,3.125000e+02,3.437500e+02,2.246725e-01,2.666925e+00,1.012650e+05,7.509480e+00,8.260800e+01,-1.093042e-01,2.938355e+01,2.446756e+00,1.954151e+01,4.461448e+00,5.843063e+00,-3.694257e+01,-1.169110e+01,-1.489184e+01,7.164619e+00,-2.428034e+01,-1.557471e+01,-4.234378e+00,-6.536527e+01,-6.421846e-02,-2.254926e-03,-2.840327e-03,-1.823838e-02,-2.160279e-02,5.359958e-02,-9.530044e-03,2.437500e-02,1.322753e-02,6.136125e-03,-2.073624e-02,-3.715605e-02,-1.189250e-01,-9.727550e-02,6.999501e-03,-5.266165e-02,-1.012284e-01,-1.032302e-01,-2.556898e-01,-2.242354e-01,-1.401285e-01,6.477675e-02,1.674187e-01,2.501838e-01,2.624408e-01,3.049594e-01,2.153780e-01,2.278083e-01,3.699922e-01,4.403691e-01,3.254291e-01,-1.901942e-02,-6.424072e-02,-2.700338e-02,-1.526543e-01,-6.461306e-03,-8.333333e+00,-6.250001e+00,1.291667e+02,4.104167e+02,1.949573e-02,1.463773e-01,2.823361e+05,7.676053e-02,3.320694e-01,2.791585e-02,-6.350825e+00,1.489516e+00,1.090907e+01,-4.378855e+00,-2.549779e-01,3.273853e+00,1.192914e+01,-1.967141e-01,-5.043367e-01,2.728730e+00,2.971783e-02,5.485272e-02
fru,2.580000,0,6.067315e-01,0,0,0,6.729212e-01,9.358606e-01,5.884373e-02,6.666667e-02,1.196399e-01,3.136942e-01,5.297975e-01,3.882772e-01,5.048813e-01,4.334958e-01,5.079138e-01,5.255789e-01,5.803692e-01,5.875931e-01,5.485566e-01,8.697636e-01,1.245865e+00,1.179382e+00,1.134188e+00,1.167285e+00,1.253144e+00,1.789212e+00,1.229831e+00,1.379468e+00,1.998122e+00,2.072296e+00,1.738680e+00,9.545379e-01,6.833463e-01,5.974593e-01,4.235350e-01,1.434977e-02,1.875000e+02,2.187500e+02,250,9.479167e+02,2.669123e-01,2.845524e+00,3.916516e+05,6.736267e+00,6.918173e+01,-7.820048e-02,2.180397e+01,3.680875e+00,3.240621e+01,-1.344972e+00,4.646512e+00,-2.948322e+01,-5.261379e-01,-1.551343e+01,8.564487e+00,-2.015152e+01,-1.169702e+01,-6.633373e+00,-6.457674e+01,-5.631916e-02,-2.789558e-03,-3.046945e-03,-2.146554e-02,8.244062e-03,1.129076e-01,-1.144427e-02,5.875001e-02,1.313617e-02,-9.693834e-03,-5.380570e-02,-4.617770e-02,-1.127586e-01,-9.333376e-02,8.891424e-03,-5.768647e-02,-9.652337e-02,-8.882891e-02,-1.804566e-01,-2.221295e-01,-1.991369e-01,3.693904e-02,1.795001e-01,3.738906e-01,4.075341e-01,4.667774e-01,4.152476e-01,3.923863e-01,5.414034e-01,6.613232e-01,4.790230e-01,8.498128e-02,2.716717e-02,7.927770e-03,-1.677589e-01,1.066440e-03,9.374998e+00,2.187500e+02,4.635417e+02,900,1.277426e-02,5.586284e-01,6.007659e+05,-1.233211e+00,-1.528540e+01,3.059000e-02,-7.947480e+00,2.136599e+00,7.644620e+00,-5.162096e+00,-5.988049e-01,6.617241e+00,6.706373e+00,-2.014050e+00,2.985639e+00,5.390079e+00,3.748386e+00,-2.297082e+00
fru,2.590000,0,5.382556e-01,0,0,0,6.977361e-01,1.083575e+00,4.391202e-02,1.520833e-01,1.348338e-01,2.951941e-01,4.515632e-01,3.357570e-01,3.970032e-01,3.443781e-01,5.235738e-01,4.589427e-01,4.802226e-01,5.074473e-01,4.209827e-01,6.379505e-01,1.002910e+00,1.204353e+00,1.351866e+00,1.640969e+00,1.768243e+00,2.339280e+00,1.732977e+00,1.880738e+00,2.620392e+00,2.896581e+00,2.325956e+00,1.072106e+00,7.358112e-01,6.129218e-01,2.363229e-01,1.833472e-02,1.875000e+02,2.916667e+02,1.156250e+03,2.260417e+03,2.615661e-01,3.892130e+00,1.338984e+06,4.315896e+00,3.850411e+01,-4.392302e-02,1.256086e+01,5.815366e+00,3.823571e+01,-6.380480e+00,2.658057e+00,-2.310946e+01,2.989394e+00,-1.980334e+01,1.477132e+01,-9.004277e+00,-4.009071e+00,-1.001404e+01,-4.281576e+01,-3.198335e-02,-2.313011e-03,-2.264009e-03,-1.785826e-02,3.187488e-02,1.764438e-01,-1.107391e-02,8.989583e-02,8.885944e-03,-2.854995e-02,-8.393392e-02,-4.569801e-02,-8.771299e-02,-7.590037e-02,-3.151661e-03,-5.340462e-02,-8.184893e-02,-6.716210e-02,-8.519832e-02,-1.736619e-01,-2.157776e-01,-3.565086e-02,1.315443e-01,4.248726e-01,5.001836e-01,6.281868e-01,6.696841e-01,5.790350e-01,7.373099e-01,8.182214e-01,5.898466e-01,2.708521e-01,1.946386e-01,7.192710e-02,-1.479071e-01,7.978519e-03,2.302083e+02,5.708334e+02,9.125000e+02,1275,3.829744e-03,9.033701e-01,7.599449e+05,-2.059295e+00,-2.240876e+01,2.709701e-02,-8.698225e+00,2.570637e+00,2.460487e+00,-5.173800e+00,6.228216e-01,7.288318e+00,-6.282848e-01,-2.472289e+00,5.358068e+00,5.481110e+00,5.522991e+00,-2.732314e+00
fru,2.600000,0,5.387638e-01,0,0,0,7.532063e-01,1.306526e+00,3.254308e-02,2.697917e-01,1.436661e-01,2.540590e-01,3.425641e-01,2.906010e-01,3.300678e-01,2.840244e-01,5.160632e-01,4.084645e-01,4.043519e-01,4.585140e-01,3.982615e-01,4.930295e-01,7.703541e-01,1.114092e+00,1.462681e+00,2.185636e+00,2.418940e+00,3.097783e+00,2.557859e+00,2.566122e+00,3.496352e+00,3.839651e+00,2.965329e+00,1.446744e+00,1.013373e+00,7.110876e-01,7.997097e-02,3.301256e-02,2.604167e+02,1.302083e+03,2.270833e+03,3.947917e+03,2.777118e-01,5.068640e+00,2464880,1.158081e+00,4.913497e+00,-1.560798e-02,3.947600e+00,8.613866e+00,3.618600e+01,-1.127619e+01,4.294399e+00,-9.783978e+00,-2.239009e+00,-2.260435e+01,2.314342e+01,-6.264188e+00,1.678239e+00,-1.379303e+01,0,-2.541929e-03,0,0,0,3.050899e-02,2.143670e-01,-7.962349e-03,1.002083e-01,-7.839560e-04,-4.407863e-02,-9.604968e-02,-3.843514e-02,-5.659126e-02,-5.390724e-02,-2.564530e-02,-4.235234e-02,-5.923411e-02,-4.568650e-02,-6.769297e-03,-9.778072e-02,-1.902138e-01,-1.141604e-01,2.565784e-02,3.201385e-01,4.378920e-01,6.631810e-01,8.406572e-01,7.247332e-01,9.194458e-01,8.445860e-01,6.311716e-01,4.892538e-01,3.913540e-01,1.571581e-01,-1.026404e-01,8.787018e-03,5.708334e+02,9.437500e+02,1.108333e+03,1.245833e+03,-1.251360e-02,9.150274e-01,5.933872e+05,-1.898945e+00,-1.675375e+01,1.908601e-02,-8.305484e+00,2.877063e+00,-2.835484e+00,-5.070918e+00,2.020102e+00,4.191973e+00,-6.290582e+00,-1.658266e+00,4.441426e+00,3.947704e+00,4.867371e+00,-1.979597e+00
fru,2.610000,0,5.508292e-01,0,0,0,7.943094e-01,1.562741e+00,2.765341e-02,3.812500e-01,1.377108e-01,1.977642e-01,2.329305e-01,2.592185e-01,2.933470e-01,2.409311e-01,4.707115e-01,3.774326e-01,3.602779e-01,4.250164e-01,4.424786e-01,4.531167e-01,6.029290e-01,9.322509e-01,1.419530e+00,2.480406e+00,2.872755e+00,3.912914e+00,3.645820e+00,3.410301e+00,4.521302e+00,4.720221e+00,3.644482e+00,2.094518e+00,1.560356e+00,9.225354e-01,2.704907e-02,4.680925e-02,1.312500e+03,2.541667e+03,3.864583e+03,5.218750e+03,2.384214e-01,6.072217e+00,2.864375e+06,2.096613e-03,2.698329e+00,-5.115433e-03,-5.179386e+00,1.283344e+01,2.995405e+01,-1.644194e+01,9.133227e+00,-1.035059e+01,-1.397609e+01,-2.370782e+01,2.666550e+01,-3.818456e+00,5.352618e+00,-1.431612e+01,0,2.040055e-02,0,0,0,1.138006e-02,2.017124e-01,-4.114367e-03,8.520833e-02,-1.277950e-02,-5.025893e-02,-8.466520e-02,-3.061424e-02,-3.260068e-02,-3.380942e-02,-4.933420e-02,-2.966910e-02,-3.319571e-02,-2.989407e-02,3.624901e-02,-2.859117e-02,-1.375581e-01,-1.516456e-01,-8.788793e-02,6.475897e-02,1.898297e-01,4.849018e-01,7.884125e-01,7.722353e-01,1.001730e+00,7.386101e-01,5.856506e-01,6.232784e-01,5.211871e-01,2.301834e-01,-5.210267e-02,3.670807e-03,9.093750e+02,1.019792e+03,950,8.687499e+02,-1.615939e-02,6.312037e-01,2.066232e+05,-1.235734e+00,-7.084668e+00,1.008967e-02,-6.530397e+00,2.503932e+00,-5.320842e+00,-4.185360e+00,3.811337e+00,-7.316127e-01,-7.770181e+00,3.405464e-01,1.002995e+00,1.665488e+00,3.772500e+00,1.631422e-01
fru,2.620000,0,5.877350e-01,0,0,0,7.771795e-01,1.768113e+00,2.716129e-02,4.531250e-01,1.142816e-01,1.420161e-01,1.588655e-01,2.343707e-01,2.737531e-01,2.156831e-01,4.061184e-01,3.545723e-01,3.441710e-01,4.003761e-01,5.039622e-01,4.732769e-01,4.947866e-01,7.446311e-01,1.228646e+00,2.348259e+00,2.890348e+00,4.318300e+00,4.476696e+00,4.238353e+00,5.644896e+00,5.383406e+00,4.235275e+00,2.889601e+00,2.227844e+00,1.228443e+00,1.496980e-02,4.404759e-02,2.479167e+03,3.812500e+03,4.437500e+03,5.697917e+03,2.159166e-01,6.330617e+00,2.595892e+06,-6.015576e-01,3.315884e+00,-2.174206e-03,-1.085333e+01,1.455715e+01,2.236962e+01,-2.166883e+01,1.150944e+01,-1.490279e+01,-2.349631e+01,-2.185252e+01,2.482453e+01,-3.005909e+00,7.958989e+00,-1.438032e+01,0,2.305424e-02,0,0,0,-2.319691e-02,1.283366e-01,-1.854481e-03,5.010416e-02,-2.071855e-02,-4.453389e-02,-5.740051e-02,-2.417185e-02,-1.751580e-02,-1.560059e-02,-6.250733e-02,-2.010123e-02,-1.352170e-02,-1.699394e-02,4.096139e-02,9.972188e-03,-7.651196e-02,-1.352940e-01,-1.578018e-01,-2.206043e-01,-1.325140e-01,8.992946e-02,4.148714e-01,6.629599e-01,9.137326e-01,5.277172e-01,4.351338e-01,5.628358e-01,4.637092e-01,2.307203e-01,-1.522509e-02,-5.702096e-03,6.979166e+02,7.427083e+02,5.895834e+02,3.510416e+02,-1.926411e-02,2.451582e-01,7.985910e+04,-5.116870e-01,-2.437570e-01,3.391885e-03,-3.340430e+00,2.212831e+00,-4.871296e+00,-2.455654e+00,5.218907e+00,-5.480990e+00,-4.712964e+00,1.576329e+00,-2.423867e+00,4.151151e-01,1.560134e+00,1.660346e+00
fru,2.630000,0,6.157727e-01,0,0,0,7.426497e-01,1.861344e+00,2.603108e-02,4.864583e-01,8.562854e-02,9.992093e-02,1.200865e-01,2.108010e-01,2.621571e-01,2.095017e-01,3.318752e-01,3.375433e-01,3.443345e-01,3.870459e-01,5.493774e-01,5.048710e-01,4.529029e-01,6.308553e-01,1.029444e+00,1.883452e+00,2.481688e+00,4.153531e+00,4.715621e+00,4.905799e+00,6.554771e+00,5.817754e+00,4.619236e+00,3.467070e+00,2.734511e+00,1.505161e+00,8.310142e-03,3.117123e-02,3625,4.135417e+03,4.822917e+03,5.729167e+03,2.116667e-01,6.417160e+00,2.306594e+06,-9.829521e-01,3.879577e+00,-1.915611e-04,-1.269066e+01,1.536338e+01,1.853969e+01,-2.211096e+01,1.810722e+01,-2.420812e+01,-2.523286e+01,-1.847652e+01,1.894574e+01,-2.305980e+00,1.171305e+01,-8.904685e+00,0,1.042030e-02,0,0,0,-4.962933e-02,1.505461e-02,-1.509072e-03,1.333333e-02,-1.995972e-02,-2.873201e-02,-2.480753e-02,-1.893235e-02,-1.102403e-02,-1.069750e-03,-5.991499e-02,-1.454672e-02,-4.959085e-03,-4.393903e-03,2.106442e-02,1.527180e-02,-2.537893e-02,-8.529032e-02,-1.681161e-01,-3.858523e-01,-3.631408e-01,-3.446639e-01,-1.287185e-01,3.643741e-01,5.956655e-01,2.574303e-01,1.765538e-01,2.977392e-01,2.176195e-01,1.352028e-01,-2.380850e-03,-1.100790e-02,3.854165e+01,3.677083e+02,2.072917e+02,1.041670e+01,-1.631768e-02,-6.520577e-02,2.968958e+05,-1.612309e-01,-1.240157e-01,7.825138e-04,-2.669088e-01,2.315714e+00,-1.954847e+00,6.867296e-01,6.268443e+00,-5.716115e+00,-6.416981e-01,1.230527e+00,-3.530732e+00,-9.451195e-01,-1.510051e+00,7.606770e-01
fru,2.640000,0,6.215633e-01,0,0,0,6.630515e-01,1.798907e+00,2.408184e-02,4.677083e-01,6.611446e-02,8.031116e-02,1.119836e-01,1.939506e-01,2.580837e-01,2.217362e-01,2.729447e-01,3.279029e-01,3.447151e-01,3.925296e-01,5.496191e-01,5.170133e-01,4.628073e-01,5.883197e-01,8.687146e-01,1.381091e+00,1.951904e+00,3.427122e+00,4.097315e+00,5.133173e+00,7.048280e+00,5.929471e+00,4.653621e+00,3.574648e+00,2.744841e+00,1.573376e+00,1.321501e-02,1.232109e-02,2.593750e+03,4.218750e+03,4.739583e+03,5.447917e+03,1.947687e-01,6.121960e+00,3.143066e+06,-9.078295e-01,3.104089e+00,-1.110491e-03,-8.998909e+00,1.841305e+01,1.753670e+01,-2.071995e+01,2.590194e+01,-3.026016e+01,-2.017544e+01,-1.733836e+01,1.488396e+01,-4.944851e+00,6.298690e+00,-8.197012e+00,0,-1.011811e-02,0,0,0,-6.403653e-02,-9.726696e-02,-2.134422e-03,-5.833340e-03,-1.213280e-02,-9.014159e-03,3.421164e-03,-1.231757e-02,-1.207091e-02,3.582418e-03,-4.512026e-02,-1.280890e-02,-8.347383e-03,2.636126e-03,-4.807293e-03,3.832513e-03,8.758659e-03,-3.843760e-02,-1.375205e-01,-3.875000e-01,-4.203381e-01,-6.208256e-01,-5.766853e-01,-4.526939e-02,1.004743e-01,-2.453680e-02,-1.116157e-01,-4.842429e-02,-1.014646e-01,-2.240968e-02,7.870590e-04,-1.027540e-02,-5.760417e+02,8.541670e+01,6.145835e+01,-8.333330e+01,-1.879171e-02,-1.708534e-01,5.631257e+05,4.732226e-02,-5.005077e-01,-9.008930e-05,1.295376e+00,2.414215e+00,9.399652e-01,3.141127e+00,6.449235e+00,-4.664195e+00,2.061403e+00,-2.688410e-01,-2.621557e+00,-2.357572e+00,-4.980725e+00,-1.863766e+00
fru,2.650000,0,5.860166e-01,0,0,0,6.032267e-01,1.622616e+00,2.164777e-02,4.406250e-01,6.199576e-02,8.495661e-02,1.323338e-01,1.847669e-01,2.460616e-01,2.325558e-01,2.377234e-01,3.180337e-01,3.352104e-01,4.069701e-01,5.249723e-01,5.076075e-01,4.920240e-01,5.839550e-01,7.589150e-01,1.034728e+00,1.526273e+00,2.635183e+00,3.191918e+00,4.784762e+00,6.797937e+00,5.734340e+00,4.318078e+00,3.240691e+00,2.389954e+00,1.426083e+00,1.602222e-02,7.633006e-03,1.447917e+03,4.177083e+03,4750,5.395833e+03,1.674070e-01,5.850517e+00,4.075267e+06,-6.509219e-01,2.184148e+00,-1.734722e-03,-7.441139e+00,2.248406e+01,2.259627e+01,-1.348273e+01,3.327919e+01,-3.125248e+01,-1.884502e+01,-1.981227e+01,1.398212e+01,-7.574583e+00,-1.367491e+00,-1.360439e+01,0,-1.301086e-01,0,0,0,-6.497731e-02,-1.715456e-01,-2.520336e-03,-1.250005e-03,-3.638823e-03,6.431296e-03,2.198747e-02,-5.275130e-03,-1.824505e-02,-2.581613e-03,-2.330212e-02,-1.524552e-02,-1.887688e-02,-9.735823e-04,-2.124790e-02,-8.688495e-03,2.100256e-02,-1.287686e-02,-1.023693e-01,-2.812826e-01,-3.318269e-01,-6.647619e-01,-7.476981e-01,-4.338698e-01,-4.043869e-01,-2.738265e-01,-3.459842e-01,-3.094273e-01,-3.265601e-01,-1.566623e-01,1.824414e-04,-6.352384e-03,-5.156250e+02,4.791670e+01,1.666665e+01,-5.416660e+01,-2.344645e-02,-1.377459e-01,4.556684e+05,5.537575e-02,-4.137492e-01,-1.942956e-04,1.035460e+00,1.531641e+00,2.043025e+00,3.797929e+00,4.020167e+00,-2.851990e+00,2.673879e+00,-1.154787e+00,-6.752504e-01,-2.354689e+00,-6.781145e+00,-3.542805e+00
fru,2.660000,0,5.520225e-01,0,0,0,5.267084e-01,1.401142e+00,1.868083e-02,4.468750e-01,6.543396e-02,1.044274e-01,1.698477e-01,1.857999e-01,2.214464e-01,2.220681e-01,2.275930e-01,3.002826e-01,3.069961e-01,4.035946e-01,4.921283e-01,4.910711e-01,5.190194e-01,5.758932e-01,6.763077e-01,8.351215e-01,1.266365e+00,1.973346e+00,2.355121e+00,4.072525e+00,6.025684e+00,5.302429e+00,3.827775e+00,2.760669e+00,1.892799e+00,1.155934e+00,1.504906e-02,4.439719e-03,6.875000e+02,4.218750e+03,4.781250e+03,5.447917e+03,1.440879e-01,5.759672e+00,4.527184e+06,-5.309613e-01,1.661059e+00,-1.853072e-03,-7.001209e+00,2.306789e+01,2.504115e+01,-1.027731e+01,3.616963e+01,-3.470158e+01,-1.638322e+01,-2.252885e+01,1.419855e+01,-1.215947e+01,-1.040436e+01,-2.134930e+01,0,-8.261640e-02,0,0,0,-5.340660e-02,-1.901492e-01,-2.536167e-03,1.458332e-02,7.052924e-04,1.117354e-02,2.489323e-02,-1.452585e-03,-2.397978e-02,-1.300040e-02,-4.563016e-03,-1.534452e-02,-2.521018e-02,-1.269754e-02,-2.352964e-02,-1.491717e-02,1.893703e-02,-2.498746e-04,-6.816512e-02,-1.594161e-01,-2.011586e-01,-5.311199e-01,-6.421778e-01,-6.438617e-01,-7.379928e-01,-4.354011e-01,-4.500746e-01,-4.101079e-01,-3.772424e-01,-2.079258e-01,-2.582807e-03,-2.446510e-03,2.010417e+02,7.395835e+01,6.979165e+01,0,-2.367867e-02,-1.341391e-03,-6.345107e+04,-1.232146e-01,2.125275e-01,2.920506e-04,3.975515e-02,-3.546415e-01,8.013000e-01,2.230868e+00,1.227568e+00,-1.783062e+00,3.887861e+00,5.544052e-02,-1.866747e-01,-1.435710e+00,-4.480233e+00,-1.336416e+00
fru,2.670000,0,0,0,0,0,4.859347e-01,1.202499e+00,1.612990e-02,4.906250e-01,6.777468e-02,1.200193e-01,2.010918e-01,1.885006e-01,1.892505e-01,1.964276e-01,2.380404e-01,2.751259e-01,2.688096e-01,3.766455e-01,4.718833e-01,4.743996e-01,5.298097e-01,5.726842e-01,6.138014e-01,7.500239e-01,1.165323e+00,1.556609e+00,1.848228e+00,3.266774e+00,5.044135e+00,4.762143e+00,3.302237e+00,2.326923e+00,1.527732e+00,9.305706e-01,8.305324e-03,3.350004e-03,2000,4375,4.885417e+03,5.458333e+03,1.197749e-01,5.909575e+00,3892877,-8.945074e-01,2.532346e+00,-7.917485e-04,-8.512214e+00,2.069417e+01,2.500258e+01,-8.342639e+00,3.307421e+01,-3.624736e+01,-1.375958e+01,-2.165521e+01,1.591219e+01,-1.047211e+01,-1.384114e+01,-2.004257e+01,0,-1.879048e-02,0,0,0,-4.211511e-02,-1.679958e-01,-2.381452e-03,1.791666e-02,6.745569e-04,5.357906e-03,1.205000e-02,-2.292319e-03,-2.168771e-02,-1.583156e-02,1.031861e-02,-3.143084e-03,-1.682122e-02,-2.105727e-02,-1.862993e-02,-1.390345e-02,1.544464e-02,1.114769e-02,-3.483284e-02,-7.151710e-02,-9.922880e-02,-3.650692e-01,-4.476791e-01,-6.510593e-01,-8.077852e-01,-5.130044e-01,-4.284531e-01,-3.911912e-01,-3.160215e-01,-1.836768e-01,-3.788979e-03,-1.377292e-03,7.239584e+02,9.791665e+01,9.687505e+01,-1.354170e+01,-2.007864e-02,8.091831e-02,-4.150978e+05,-2.458669e-01,6.119882e-01,5.270977e-04,5.204029e-02,-1.969364e+00,-1.915191e+00,-4.033650e-01,-1.193690e+00,-9.884491e-01,5.860199e+00,2.633717e+00,2.310772e-01,4.163977e-01,-1.602905e+00,2.035552e+00
fru,2.680000,0,5.014895e-01,0,0,0,4.546646e-01,1.058220e+00,1.415994e-02,5.156249e-01,6.675146e-02,1.186475e-01,2.020707e-01,1.848208e-01,1.665903e-01,1.747983e-01,2.499711e-01,2.726342e-01,2.518646e-01,3.442042e-01,4.585154e-01,4.590314e-01,5.385996e-01,5.927057e-01,6.004458e-01,7.263632e-01,1.126586e+00,1.310809e+00,1.558271e+00,2.672858e+00,4.235218e+00,4.238564e+00,2.911168e+00,1.980992e+00,1.289741e+00,7.815031e-01,4.159422e-03,2.230038e-03,3.322917e+03,4.489583e+03,5.020833e+03,5.416667e+03,1.001914e-01,6.085724e+00,2917006,-1.402110e+00,3.992627e+00,-1.217243e-04,-8.264596e+00,1.753479e+01,2.034005e+01,-1.213566e+01,3.214227e+01,-3.667803e+01,-3.278855e+00,-1.613969e+01,1.298555e+01,-1.067464e+01,-9.865649e+00,-1.166000e+01,0,5.093420e-02,0,0,0,-3.445842e-02,-1.303694e-01,-2.130309e-03,6.770837e-03,-5.922139e-04,-4.124242e-03,-7.305038e-03,-7.192717e-03,-1.098234e-02,-6.309380e-03,2.063724e-02,2.156441e-02,6.572172e-03,-1.658224e-02,-1.493579e-02,-9.451017e-03,1.433034e-02,2.204162e-02,-1.211834e-03,-1.988932e-02,-5.219555e-02,-2.347250e-01,-2.833522e-01,-5.381994e-01,-7.073364e-01,-5.280504e-01,-3.518529e-01,-3.292359e-01,-2.250435e-01,-1.261808e-01,-3.220940e-03,-7.929884e-04,7.770834e+02,7.812500e+01,1.125000e+02,-1.354165e+01,-1.601280e-02,7.891645e-02,-4.032866e+05,-2.191455e-01,5.702522e-01,4.542778e-04,4.472898e-01,-2.146262e+00,-3.592937e+00,-1.732690e+00,-2.219495e+00,1.142204e-01,7.060335e+00,3.895899e+00,1.048983e-01,1.610207e+00,1.252714e+00,3.568792e+00
fru,2.690000,0,5.173307e-01,0,0,0,4.286731e-01,9.540979e-01,1.200096e-02,4.958333e-01,6.470979e-02,1.046361e-01,1.764723e-01,1.737949e-01,1.650510e-01,1.770329e-01,2.781274e-01,3.161425e-01,2.786700e-01,3.313790e-01,4.486291e-01,4.541101e-01,5.594571e-01,6.312872e-01,6.226818e-01,7.315218e-01,1.100018e+00,1.141106e+00,1.351947e+00,2.229298e+00,3.654244e+00,3.701251e+00,2.634115e+00,1.674574e+00,1.111376e+00,6.949138e-01,2.522149e-03,1.851386e-03,3750,4.531250e+03,5.114583e+03,5.343750e+03,8.896202e-02,6.092083e+00,2.804867e+06,-1.444682e+00,4.078306e+00,3.509314e-05,-6.549244e+00,1.540379e+01,1.537087e+01,-1.457038e+01,2.932442e+01,-3.520650e+01,3.903799e+00,-9.838267e+00,1.574401e+01,-6.235011e+00,-9.651374e+00,-8.271277e+00,0,1.157458e-01,0,0,0,-3.379208e-02,-9.906870e-02,-1.868357e-03,-6.041661e-03,-9.280391e-04,-9.018649e-03,-2.008355e-02,-1.131283e-02,3.163531e-03,9.317460e-03,2.952171e-02,4.909108e-02,3.271659e-02,-1.046106e-03,-1.693205e-02,-4.580072e-03,1.258231e-02,2.038267e-02,2.571927e-02,-2.341706e-03,-5.107019e-02,-1.635266e-01,-1.956094e-01,-4.102697e-01,-5.711321e-01,-5.160316e-01,-2.794932e-01,-2.604720e-01,-1.636324e-01,-8.080024e-02,-1.491806e-03,-5.929838e-04,1.312500e+02,5.208335e+01,9.375000e+01,1.249995e+01,-1.226896e-02,4.920416e-02,3.211112e+04,-8.098459e-03,-5.378366e-02,1.487535e-04,1.201598e+00,-1.051404e+00,-3.749281e+00,-1.840956e+00,-2.456613e+00,9.192112e-01,6.388134e+00,3.152148e+00,6.752554e-01,8.718712e-01,2.107688e+00,2.140210e+00
fru,2.700000,0,5.480282e-01,0,0,0,3.830471e-01,8.734951e-01,1.009376e-02,4.781250e-01,6.400533e-02,9.149782e-02,1.456322e-01,1.571892e-01,1.786344e-01,2.002186e-01,3.107357e-01,3.875964e-01,3.349267e-01,3.433166e-01,4.290765e-01,4.539608e-01,5.758474e-01,6.567998e-01,6.658084e-01,7.449259e-01,1.038039e+00,1.007473e+00,1.186501e+00,1.900265e+00,3.183947e+00,3.192623e+00,2.402572e+00,1.440664e+00,9.757596e-01,6.428581e-01,1.835944e-03,1.224086e-03,3.697917e+03,4.531250e+03,5.229167e+03,5.437500e+03,7.943030e-02,6.063000e+00,3.054755e+06,-1.351601e+00,3.739341e+00,4.896006e-06,-5.746245e+00,1.498177e+01,1.189233e+01,-1.582689e+01,2.694705e+01,-3.465091e+01,1.008677e+01,-8.957829e+00,1.480713e+01,-6.226985e+00,-6.235680e+00,-9.390983e+00,0,-9.648501e-02,0,0,0,-3.457930e-02,-8.076645e-02,-1.582479e-03,-4.999989e-03,-5.195237e-04,-7.553464e-03,-2.099475e-02,-1.121707e-02,1.371184e-02,2.211570e-02,3.767937e-02,5.957762e-02,4.444974e-02,1.570118e-02,-2.312072e-02,-2.734220e-03,4.303485e-03,5.666780e-03,3.531760e-02,-4.033255e-03,-6.505068e-02,-1.247429e-01,-1.489057e-01,-3.287495e-01,-4.966154e-01,-4.847182e-01,-2.520642e-01,-1.885745e-01,-1.235557e-01,-5.530069e-02,-5.899210e-04,-4.201399e-04,-2.343750e+02,5.208335e+01,7.812495e+01,5.208335e+01,-9.888472e-03,3.386722e-02,3.346147e+05,1.295111e-01,-4.735722e-01,-1.575696e-07,1.124309e+00,-5.351210e-02,-2.684924e+00,-9.604065e-01,-3.126462e+00,7.279060e-01,4.277771e+00,1.333645e+00,1.471258e+00,1.771632e-01,2.764497e+00,9.249161e-01
fru,2.710000,0,5.554596e-01,0,0,0,3.527831e-01,7.995176e-01,8.821208e-03,4.791667e-01,6.450754e-02,8.850086e-02,1.288933e-01,1.457523e-01,1.990461e-01,2.303048e-01,3.552667e-01,4.631002e-01,3.908615e-01,3.718587e-01,4.019425e-01,4.540345e-01,5.740973e-01,6.425505e-01,7.097165e-01,7.290340e-01,9.542451e-01,8.906443e-01,1.056066e+00,1.601722e+00,2.714109e+00,2.704955e+00,2.159070e+00,1.294727e+00,8.665603e-01,5.958920e-01,2.008031e-03,8.880608e-04,2.468750e+03,4.614583e+03,5250,5.510417e+03,6.881063e-02,6.166958e+00,3984558,-9.602538e-01,2.390071e+00,-1.112909e-04,-3.763400e+00,1.671366e+01,1.048004e+01,-1.570180e+01,2.338876e+01,-3.266487e+01,1.149828e+01,-9.485402e+00,1.837768e+01,-8.336584e+00,-5.117686e+00,-1.047603e+01,0,-1.582690e-01,0,0,0,-3.156450e-02,-6.958639e-02,-1.242466e-03,5.208337e-03,-5.828962e-05,-3.862277e-03,-1.477185e-02,-6.399988e-03,1.631981e-02,2.604682e-02,4.017101e-02,4.939898e-02,3.972613e-02,2.622709e-02,-2.900720e-02,-6.338647e-03,-9.092355e-03,-1.166554e-02,3.300796e-02,-1.456755e-02,-7.574144e-02,-9.423630e-02,-1.096795e-01,-2.710952e-01,-4.635875e-01,-4.197017e-01,-2.511867e-01,-1.179228e-01,-9.504713e-02,-4.618223e-02,-3.186687e-04,-3.307425e-04,-2.718750e+02,5.520835e+01,2.812495e+01,7.395830e+01,-8.911217e-03,3.473773e-02,2.942204e+05,1.147884e-01,-4.118052e-01,-2.180881e-05,8.268517e-01,2.920456e-02,-1.745521e+00,-1.022470e+00,-2.558028e+00,6.360592e-01,3.168607e+00,3.216726e-01,9.572635e-01,-9.597133e-01,3.496267e+00,1.166129e+00
fru,2.720000,0,0,0,0,0,3.197131e-01,7.316782e-01,7.837422e-03,4.989583e-01,6.425496e-02,8.894781e-02,1.208865e-01,1.427567e-01,2.181520e-01,2.587408e-01,3.997983e-01,4.970434e-01,4.180176e-01,4.024702e-01,3.662551e-01,4.453981e-01,5.527968e-01,6.154079e-01,7.335165e-01,7.074408e-01,8.742191e-01,8.123257e-01,9.616827e-01,1.342899e+00,2.222208e+00,2.313121e+00,1.888370e+00,1.228043e+00,7.943704e-01,5.545106e-01,1.466876e-03,6.110010e-04,2.791667e+03,4.708333e+03,5.343750e+03,5.593750e+03,6.082469e-02,6.217623e+00,4.000234e+06,-9.967685e-01,2.468884e+00,-4.932011e-05,-4.035972e+00,1.661230e+01,9.360842e+00,-1.637198e+01,1.947779e+01,-3.430931e+01,1.431276e+01,-9.647896e+00,1.902501e+01,-8.738034e+00,1.689991e+00,-5.933049e+00,0,-4.843058e-02,0,0,0,-2.578467e-02,-5.964910e-02,-1.005247e-03,3.020826e-03,2.911396e-04,-1.855083e-03,-8.561670e-03,1.019193e-03,1.269596e-02,2.228896e-02,4.117296e-02,2.888561e-02,2.949289e-02,3.054535e-02,-2.708310e-02,-1.093578e-02,-1.863871e-02,-1.946942e-02,2.132162e-02,-1.915632e-02,-7.248135e-02,-6.328931e-02,-6.985790e-02,-2.164745e-01,-4.193161e-01,-3.322508e-01,-2.529390e-01,-8.010733e-02,-8.016089e-02,-4.601343e-02,-2.600878e-04,-1.922136e-04,-1.562500e+02,-1.729167e+02,-4.687495e+01,6.250000e+00,-7.435541e-03,-2.957487e-03,1.214963e+05,1.067978e-01,-2.235018e-01,-1.089810e-05,9.350009e-01,-7.740359e-01,-7.314061e-01,-1.660872e+00,-1.185546e+00,1.166263e+00,1.955129e+00,3.304724e-01,3.362549e-01,-2.172660e-01,2.483848e+00,1.316339e+00
fru,2.730000,0,0,0,0,0,3.025176e-01,6.770744e-01,6.916797e-03,5.114583e-01,6.429353e-02,8.659973e-02,1.149859e-01,1.490112e-01,2.268913e-01,2.780059e-01,4.344512e-01,5.084139e-01,4.357552e-01,4.329376e-01,3.350038e-01,4.266982e-01,5.255206e-01,5.936554e-01,7.538676e-01,6.774266e-01,8.032212e-01,7.674980e-01,9.159581e-01,1.152506e+00,1.817176e+00,2.042494e+00,1.635283e+00,1.191270e+00,7.268350e-01,5.081764e-01,1.113340e-03,5.042157e-04,2.843750e+03,4.718750e+03,5.197917e+03,5.635417e+03,5.370875e-02,6.188460e+00,3803230,-1.048157e+00,2.654508e+00,-4.684286e-05,-3.270123e+00,1.473455e+01,7.909008e+00,-1.941019e+01,2.026891e+01,-3.219700e+01,1.763384e+01,-7.884871e+00,1.842139e+01,-9.778052e+00,3.867123e+00,-4.169599e+00,0,6.398959e-02,0,0,0,-2.420042e-02,-4.962813e-02,-9.325484e-04,-1.885417e-02,7.203937e-04,-2.264033e-03,-4.802517e-03,6.465350e-03,5.230537e-03,1.488266e-02,3.822773e-02,1.453389e-02,2.644913e-02,3.083340e-02,-1.641851e-02,-1.270609e-02,-2.129790e-02,-1.639488e-02,8.780944e-03,-1.139451e-02,-5.920983e-02,-3.404092e-02,-3.528888e-02,-1.544435e-01,-3.460847e-01,-2.576900e-01,-2.478661e-01,-8.583800e-02,-8.044792e-02,-5.026684e-02,-2.590049e-04,-1.166311e-04,-1.937500e+02,-5.906251e+02,-2.052083e+02,-75,-5.925482e-03,-4.936643e-02,-57692,1.946193e-01,-6.760955e-03,-8.853498e-06,1.477802e+00,-1.950252e+00,2.005422e-01,-2.022694e+00,1.328735e-01,2.660627e+00,1.501856e+00,3.194482e-01,-1.007886e+00,-4.937274e-01,1.131807e+00,3.503014e-01
fru,2.740000,0,5.836051e-01,0,0,0,2.792565e-01,6.364712e-01,6.019730e-03,4.770833e-01,6.556804e-02,8.317297e-02,1.097776e-01,1.606557e-01,2.281917e-01,2.878128e-01,4.770083e-01,5.093676e-01,4.599443e-01,4.655039e-01,3.271303e-01,4.129500e-01,5.069422e-01,5.839003e-01,7.503409e-01,6.749480e-01,7.511446e-01,7.526000e-01,9.072652e-01,1.042501e+00,1.535833e+00,1.862600e+00,1.399770e+00,1.091856e+00,6.448178e-01,4.566487e-01,9.828507e-04,4.549406e-04,2.729167e+03,3.614583e+03,5.020833e+03,5.406250e+03,4.980354e-02,6.037462e+00,3.752901e+06,-7.736611e-01,2.489613e+00,-8.181853e-05,-1.317879e+00,1.210114e+01,9.520812e+00,-2.227705e+01,2.257924e+01,-2.905353e+01,1.679464e+01,-8.105733e+00,1.646655e+01,-6.592580e+00,1.691156e+00,-5.962504e+00,0,5.836051e-02,0,0,0,-2.175375e-02,-4.082810e-02,-8.626033e-04,-5.510416e-02,1.435292e-03,-1.250102e-03,9.527095e-04,8.316582e-03,-2.714728e-03,8.043599e-03,3.275854e-02,1.438613e-02,3.351330e-02,3.291814e-02,5.230749e-03,-3.990114e-03,-1.568292e-02,-8.804709e-03,3.935116e-03,2.316862e-03,-3.763986e-02,-1.180345e-02,-1.282067e-02,-1.021955e-01,-2.655253e-01,-2.315046e-01,-2.393752e-01,-1.259891e-01,-9.013350e-02,-5.590776e-02,-5.316353e-05,-3.406539e-05,-6.479167e+02,-1.044792e+03,-5.062500e+02,-2.093750e+02,-5.636481e-03,-1.014097e-01,-7.271073e+04,4.661520e-01,-2.923293e-02,-5.260649e-05,2.562881e+00,-3.102609e+00,1.185958e+00,-3.558931e-01,1.192115e+00,4.351630e+00,-5.429659e-01,-2.541608e-01,-1.826575e+00,-5.684284e-01,-1.679769e+00,-2.039716e+00
fru,2.750000,0,5.836051e-01,0,0,0,2.520092e-01,5.989805e-01,5.067312e-03,3.958333e-01,6.745297e-02,8.006812e-02,1.104351e-01,1.691295e-01,2.201790e-01,2.901821e-01,5.078003e-01,5.296075e-01,5.021438e-01,4.945089e-01,3.394123e-01,4.067281e-01,4.905351e-01,5.763299e-01,7.452090e-01,6.883078e-01,7.197332e-01,7.503026e-01,9.068305e-01,9.797031e-01,1.326874e+00,1.641765e+00,1.164039e+00,9.336309e-01,5.390970e-01,3.934887e-01,9.550192e-04,3.829353e-04,1.531250e+03,2.208333e+03,4.385417e+03,5.229167e+03,4.469380e-02,6.010206e+00,3.819765e+06,-9.871117e-02,2.345902e+00,-1.393092e-04,2.266562e+00,9.217978e+00,1.140277e+01,-2.286274e+01,2.250240e+01,-2.198962e+01,1.776662e+01,-8.659243e+00,1.461748e+01,-1.187795e+01,5.407652e-01,-8.709793e+00,0,-5.836051e-02,0,0,0,-2.072676e-02,-3.446009e-02,-6.808442e-04,-8.395834e-02,2.151915e-03,2.869101e-03,1.091752e-02,7.426132e-03,-8.344713e-03,5.007881e-03,2.108849e-02,1.698196e-02,3.905394e-02,3.343885e-02,3.105790e-02,1.484306e-02,-3.245273e-03,3.118080e-03,6.076402e-03,1.808622e-02,-1.376663e-02,-1.091683e-03,-1.088284e-02,-7.210657e-02,-2.098159e-01,-2.486953e-01,-2.275393e-01,-1.617612e-01,-9.375970e-02,-5.707045e-02,1.192763e-04,-6.759539e-06,-7.791667e+02,-1.162500e+03,-8.614584e+02,-3.197916e+02,-5.683948e-03,-1.961406e-01,-2.124741e+05,6.746587e-01,2.861127e-01,-7.397589e-05,3.001282e+00,-3.174122e+00,1.818027e+00,2.408796e+00,1.159936e+00,3.705616e+00,-2.043678e+00,-5.115269e-01,-2.032801e+00,-1.024373e+00,-2.668692e+00,-3.725916e+00
fru,2.760000,0,0,0,0,0,2.361985e-01,5.665846e-01,4.449148e-03,2.812500e-01,6.985170e-02,8.596311e-02,1.279254e-01,1.742805e-01,2.079345e-01,2.928708e-01,5.269164e-01,5.583772e-01,5.523899e-01,5.362753e-01,3.902046e-01,4.354326e-01,4.918750e-01,5.800471e-01,7.575213e-01,7.135845e-01,7.277638e-01,7.619061e-01,9.021432e-01,9.183225e-01,1.139733e+00,1.355962e+00,9.271162e-01,7.269170e-01,4.375719e-01,3.323157e-01,1.280219e-03,5.013143e-04,2.083333e+02,7.395833e+02,3.218750e+03,4750,3.714976e-02,5.799701e+00,3.628413e+06,8.592685e-01,2.477022e+00,-2.661194e-04,6.010092e+00,3.857536e+00,1.354375e+01,-1.642517e+01,2.432162e+01,-1.765486e+01,1.153154e+01,-1.053151e+01,1.179409e+01,-1.053023e+01,-5.045675e+00,-1.386153e+01,0,-1.750815e-01,0,0,0,-1.716335e-02,-2.862561e-02,-4.301123e-04,-8.562499e-02,2.517299e-03,8.133618e-03,2.176576e-02,6.678271e-03,-1.155553e-02,5.786595e-03,3.071880e-03,1.612592e-02,3.566406e-02,3.069337e-02,5.175392e-02,3.652335e-02,1.532027e-02,1.941330e-02,1.394759e-02,2.495710e-02,3.593415e-03,-4.986775e-03,-2.317218e-02,-6.080811e-02,-1.741432e-01,-2.654386e-01,-2.049783e-01,-1.627584e-01,-8.209650e-02,-5.027385e-02,1.668857e-04,-9.902840e-07,-6.406250e+02,-8.531250e+02,-1.032292e+03,-3.531249e+02,-5.219550e-03,-2.406453e-01,-3.725246e+05,6.524628e-01,5.970880e-01,-6.499887e-05,2.647617e+00,-2.649344e+00,1.248833e+00,4.024820e+00,1.097039e+00,2.099344e+00,-2.887009e+00,4.101421e-01,-2.263145e+00,-1.218346e+00,-2.724671e+00,-4.028048e+00
fru,2.770000,0,0,0,0,0,2.204128e-01,5.397173e-01,4.297867e-03,1.895833e-01,7.291127e-02,9.955017e-02,1.604996e-01,1.793294e-01,1.952963e-01,3.005164e-01,5.149395e-01,5.688189e-01,5.848022e-01,5.647462e-01,4.587562e-01,4.896722e-01,5.168278e-01,6.111724e-01,7.806594e-01,7.485394e-01,7.460785e-01,7.573864e-01,8.641049e-01,8.540619e-01,9.661472e-01,1.052336e+00,7.339132e-01,5.649335e-01,3.616594e-01,2.849907e-01,1.561037e-03,4.472311e-04,2.083333e+02,3.437500e+02,1.791667e+03,4.364583e+03,3.161590e-02,5.326637e+00,2.803103e+06,1.508672e+00,4.091367e+00,-3.245719e-04,8.072301e+00,2.985739e+00,1.498767e+01,-1.029215e+01,2.519740e+01,-1.936826e+01,1.004699e+01,-9.229615e+00,1.059362e+01,-1.293109e+01,-6.107922e+00,-1.884966e+01,0,-1.167210e-01,0,0,0,-1.526590e-02,-2.212133e-02,-2.249409e-04,-6.208334e-02,2.971682e-03,1.200716e-02,2.769180e-02,8.884993e-03,-1.187865e-02,5.820421e-03,-1.049429e-02,7.536161e-03,2.061202e-02,1.895440e-02,5.786061e-02,4.827786e-02,3.426132e-02,3.353900e-02,1.499400e-02,2.918011e-02,6.511020e-03,-1.967832e-02,-3.666217e-02,-5.234538e-02,-1.384884e-01,-2.424576e-01,-1.679065e-01,-1.304590e-01,-5.689391e-02,-3.699326e-02,1.088959e-04,-3.675718e-05,-2.729167e+02,-4.333333e+02,-9.041666e+02,-3.614583e+02,-4.227143e-03,-2.646403e-01,-4.443196e+05,4.780889e-01,8.186609e-01,-3.173363e-05,1.827317e+00,-1.291201e+00,1.304125e+00,3.757252e+00,4.844652e-01,8.491859e-01,-1.882270e+00,1.846777e+00,-2.199008e+00,-1.142483e+00,-1.916764e+00,-3.919699e+00
fru,2.780000,0,0,0,0,0,2.092379e-01,5.229748e-01,4.253891e-03,1.520833e-01,7.542539e-02,1.141000e-01,1.935741e-01,1.889471e-01,1.828554e-01,3.115787e-01,4.887981e-01,5.703916e-01,5.969355e-01,5.838521e-01,5.262280e-01,5.540947e-01,5.703972e-01,6.635455e-01,8.023537e-01,7.696177e-01,7.559391e-01,7.241241e-01,8.127671e-01,8.012810e-01,8.454804e-01,8.301212e-01,5.899412e-01,4.624124e-01,3.230540e-01,2.595285e-01,1.514270e-03,4.178413e-04,1.875000e+02,2.812500e+02,1.156250e+03,4.072917e+03,3.024474e-02,5.176020e+00,2.398609e+06,1.684961e+00,4.602321e+00,-3.141815e-04,9.017334e+00,1.970544e+00,1.397253e+01,-8.438247e+00,2.671693e+01,-1.986749e+01,6.219406e+00,-5.769836e+00,7.162757e+00,-1.215774e+01,-8.607857e+00,-2.103281e+01,0,1.234066e-01,0,0,0,-1.504347e-02,-1.703212e-02,-1.847653e-04,-2.604166e-02,3.964490e-03,1.093702e-02,2.317213e-02,1.300419e-02,-1.032794e-02,1.561162e-03,-9.793815e-03,5.343497e-03,6.262660e-05,-1.797247e-03,4.054346e-02,3.565368e-02,4.312934e-02,3.570656e-02,4.965234e-03,2.915050e-02,-5.328798e-03,-3.491734e-02,-4.321811e-02,-4.002348e-02,-9.914149e-02,-1.862484e-01,-1.228107e-01,-8.208580e-02,-2.977025e-02,-2.456532e-02,-8.160710e-05,-8.256634e-05,-1.770833e+01,-1.031250e+02,-5.312500e+02,-3.875000e+02,-2.412438e-03,-1.783395e-01,-3.942817e+05,2.803176e-01,9.700633e-01,1.611547e-05,1.177906e+00,-3.126907e-01,9.314182e-01,1.565588e+00,-9.300877e-01,9.735152e-01,1.177883e+00,3.340996e+00,-9.190074e-01,-2.174810e+00,-6.366258e-01,-2.326790e+00
fru,2.790000,0,0,0,0,0,1.891601e-01,5.101787e-01,4.040236e-03,1.500000e-01,7.952454e-02,1.260355e-01,2.160698e-01,2.062211e-01,1.733253e-01,3.099302e-01,4.743881e-01,5.612811e-01,5.829311e-01,5.654925e-01,5.607037e-01,5.887864e-01,6.225806e-01,7.022758e-01,7.977628e-01,8.061917e-01,7.382007e-01,6.708019e-01,7.682077e-01,7.764969e-01,7.815580e-01,6.923974e-01,4.930945e-01,4.135883e-01,3.118864e-01,2.449160e-01,1.382473e-03,2.408859e-04,1.770833e+02,2.708333e+02,8.958333e+02,3.760417e+03,2.701059e-02,4.998846e+00,2213069,1.878887e+00,5.376557e+00,-2.739463e-04,9.899525e+00,3.705467e+00,1.770901e+01,-8.069938e+00,2.372707e+01,-1.663738e+01,1.101134e+01,-1.806198e+00,5.938103e+00,-1.677661e+01,-7.261961e+00,-2.472265e+01,0,1.851099e-01,0,0,0,-1.283434e-02,-1.320191e-02,-2.415813e-04,1.250005e-03,5.413809e-03,6.634994e-03,1.099625e-02,1.626903e-02,-7.047798e-03,-4.633182e-03,9.837938e-03,1.566556e-02,-1.431317e-02,-1.842475e-02,1.240801e-02,7.631958e-03,3.931308e-02,2.534040e-02,-6.754673e-03,2.614136e-02,-1.581614e-02,-3.419958e-02,-3.846490e-02,-3.017476e-02,-6.835369e-02,-1.242394e-01,-8.205701e-02,-4.635998e-02,-1.024061e-02,-1.782193e-02,-1.794432e-04,-7.504158e-05,-1.979166e+01,-1.041667e+01,-2.250000e+02,-4.875001e+02,-1.630657e-03,-8.391933e-02,-3.034148e+05,2.236244e-01,1.086614e+00,3.236880e-05,1.197522e+00,-4.529036e-01,7.621546e-01,1.756516e-02,-1.911740e+00,1.856692e+00,3.050168e+00,3.068002e+00,1.090830e+00,-2.100246e+00,3.375049e-02,-5.273352e-01
fru,2.800000,0,6.170331e-01,0,0,0,1.766075e-01,4.961933e-01,3.654137e-03,1.708333e-01,8.636751e-02,1.274056e-01,2.160010e-01,2.258556e-01,1.672803e-01,2.959696e-01,4.982231e-01,5.888636e-01,5.536385e-01,5.269160e-01,5.419481e-01,5.641439e-01,6.546453e-01,7.130283e-01,7.737958e-01,8.305109e-01,7.050588e-01,6.306117e-01,7.340012e-01,7.569876e-01,7.363201e-01,6.046892e-01,4.334722e-01,3.921606e-01,3.136071e-01,2.295264e-01,9.614656e-04,1.916552e-04,1.354167e+02,2.604167e+02,1.010417e+03,3.114583e+03,2.739022e-02,5.071899e+00,1.952022e+06,2.075749e+00,6.684744e+00,-2.108548e-04,1.098601e+01,1.934219e+00,1.684018e+01,-9.708335e+00,2.040635e+01,-1.415272e+01,1.693878e+01,2.461758e+00,9.526811e+00,-1.948152e+01,-7.651784e+00,-2.255899e+01,0,6.170331e-02,0,0,0,-9.349855e-03,-9.846771e-03,-2.662226e-04,9.687501e-03,7.199024e-03,2.064343e-03,-1.945406e-03,1.660498e-02,-6.572053e-04,-5.197978e-03,4.010048e-02,3.625966e-02,-1.712241e-02,-2.238265e-02,-9.636057e-03,-1.753400e-02,2.758422e-02,1.240658e-02,-1.772288e-02,1.640456e-02,-1.689003e-02,-1.741045e-02,-3.293242e-02,-2.747684e-02,-5.656984e-02,-7.841786e-02,-4.708549e-02,-2.699394e-02,-1.689637e-03,-1.697449e-02,-1.843976e-04,-5.555859e-05,-1.250000e+01,2.395833e+01,-9.479166e+01,-5.687500e+02,-1.575509e-03,-5.903673e-03,-2.713319e+05,2.335792e-01,1.247786e+00,2.809867e-05,1.532060e+00,-4.685465e-01,-4.367235e-01,-1.290956e+00,-1.624748e+00,1.320633e+00,3.660232e+00,2.315121e+00,3.800471e+00,-1.347434e+00,4.743522e-01,1.459710e+00
fru,2.810000,0,6.170331e-01,0,0,0,1.725563e-01,4.870985e-01,3.389837e-03,1.864583e-01,9.450925e-02,1.260724e-01,2.042674e-01,2.422204e-01,1.678448e-01,2.851550e-01,5.594167e-01,6.379107e-01,5.348848e-01,5.010905e-01,5.129362e-01,5.228074e-01,6.712692e-01,7.131330e-01,7.611650e-01,8.487997e-01,6.924379e-01,6.331447e-01,7.111633e-01,7.253348e-01,6.789589e-01,5.438551e-01,4.018626e-01,3.682595e-01,3.151798e-01,2.108821e-01,9.402235e-04,1.851163e-04,1.354167e+02,3.020833e+02,7.395833e+02,2.406250e+03,2.488987e-02,4.959101e+00,1.509322e+06,2.431400e+00,8.483224e+00,-2.143912e-04,1.307557e+01,7.393838e-01,1.736462e+01,-9.569280e+00,1.879400e+01,-1.294218e+01,1.993815e+01,1.994595e+00,1.486574e+01,-1.977043e+01,-6.417205e+00,-2.072325e+01,3.284303e+01,8.122186e-02,0,0,0,-4.899675e-03,-4.635465e-03,-2.009211e-04,5.729167e-03,6.590246e-03,-5.077705e-04,-8.723227e-03,1.479855e-02,9.004866e-03,5.166125e-03,6.514566e-02,5.900634e-02,-6.096649e-03,-6.630802e-03,-9.684605e-03,-1.909202e-02,1.717089e-02,5.711257e-03,-2.779326e-02,-5.052852e-03,-7.501274e-03,4.174286e-03,-3.123214e-02,-2.963979e-02,-5.194198e-02,-4.602317e-02,-2.060048e-02,-1.977065e-02,-6.029904e-04,-1.639660e-02,-1.488802e-04,-1.966096e-05,5.208334e+00,4.166666e+01,-5.208332e+01,-5.083333e+02,-1.816682e-03,4.195581e-02,-2.365742e+05,2.031767e-01,1.124449e+00,1.905318e-05,1.626845e+00,-6.548986e-01,-2.075869e+00,-2.326032e+00,-5.786573e-01,1.155996e-02,6.482657e-01,3.122044e-01,3.603529e+00,-1.319504e-03,-8.287678e-01,1.857435e+00
fru,2.820000,0,0,0,0,0,1.707906e-01,4.852811e-01,3.247977e-03,1.822917e-01,1.039281e-01,1.244033e-01,1.897483e-01,2.539724e-01,1.823096e-01,2.979764e-01,6.467862e-01,7.133752e-01,5.353466e-01,5.041398e-01,5.019314e-01,4.994142e-01,6.839740e-01,7.201498e-01,7.320382e-01,8.303366e-01,6.943703e-01,6.559005e-01,6.766272e-01,6.894779e-01,6.139308e-01,5.123031e-01,4.001297e-01,3.501070e-01,3.129592e-01,1.916730e-01,8.134070e-04,1.679331e-04,1.458333e+02,3.854167e+02,7.604167e+02,1.906250e+03,2.342756e-02,5.166374e+00,1.393823e+06,2.576601e+00,9.287915e+00,-2.034658e-04,1.508961e+01,1.110853e+00,1.196110e+01,-1.414336e+01,2.105973e+01,-1.511192e+01,2.005716e+01,3.905373e+00,2.170129e+01,-1.739800e+01,-6.658474e+00,-1.573396e+01,4.897826e+01,3.035529e-02,0,0,0,-3.030516e-03,1.607487e-03,-3.732042e-05,-5.104169e-03,3.875840e-03,6.353401e-04,-5.114046e-03,1.401473e-02,1.915989e-02,1.935828e-02,6.831144e-02,6.377407e-02,1.034036e-02,1.592136e-02,7.775706e-03,-5.765319e-04,8.855862e-03,2.455425e-03,-3.702712e-02,-2.519953e-02,-3.405690e-04,1.653067e-02,-2.759330e-02,-2.485413e-02,-3.570066e-02,-1.789566e-02,-4.232544e-03,-1.573871e-02,-2.567655e-03,-1.237411e-02,-1.282181e-05,-1.375692e-05,1.458333e+01,2.395833e+01,-8.541666e+01,-375,-1.693835e-03,-2.493315e-02,-1.636613e+05,1.742696e-01,8.959433e-01,-2.806948e-07,1.331386e+00,1.723630e-01,-1.418935e+00,-2.242720e+00,1.077716e+00,-8.387330e-01,-1.623633e+00,-7.097348e-01,5.425512e-01,7.898159e-01,-1.399494e+00,9.143089e-01
fru,2.830000,1.642152e+02,7.146258e-01,0,0,0,1.675702e-01,4.924575e-01,3.238711e-03,1.729167e-01,1.036955e-01,1.249977e-01,1.855800e-01,2.661555e-01,2.108350e-01,3.347575e-01,7.258348e-01,7.940571e-01,5.615938e-01,5.437265e-01,5.322890e-01,5.256911e-01,6.937707e-01,7.272713e-01,6.796753e-01,7.810146e-01,7.060385e-01,6.790290e-01,6.407341e-01,6.620528e-01,5.830428e-01,5.084746e-01,4.067633e-01,3.357618e-01,3.091954e-01,1.818597e-01,7.121011e-04,1.544421e-04,1.979167e+02,4.166667e+02,7.604167e+02,1.822917e+03,1.990852e-02,5.161387e+00,1.309298e+06,2.644344e+00,9.697215e+00,-1.823749e-04,1.598195e+01,8.426571e-01,9.769198e+00,-1.748259e+01,2.050709e+01,-1.609998e+01,1.269348e+01,-9.669840e-01,1.786851e+01,-1.782496e+01,-1.190246e+01,-1.884799e+01,4.820956e+01,9.261982e-02,0,0,5.620999e-02,1.632429e-02,1.301357e-02,1.807566e-03,-1.489583e-02,1.674019e-03,6.242441e-03,8.983460e-03,2.666343e-02,3.371458e-02,3.569361e-02,5.680788e-02,5.903221e-02,2.940221e-02,4.124119e-02,3.527811e-02,2.736351e-02,1.084939e-02,4.705691e-03,-3.226299e-02,-2.463897e-02,9.456754e-03,2.077033e-02,-9.072691e-03,-3.315568e-03,1.067758e-03,1.058227e-02,1.738554e-03,-8.390945e-03,-2.904910e-03,-2.328378e-03,4.082948e-03,2.051988e-04,1.354167e+01,-1.250000e+01,-7.499999e+01,-2.958333e+02,1.351921e-02,-1.235719e-01,-1.539137e+05,3.157043e-01,2.948583e+00,-7.589812e-04,1.645397e+00,4.482903e-01,-4.562435e-02,-1.555712e+00,5.034546e-01,-1.292550e+00,-4.358146e+00,-1.523910e+00,-3.062392e+00,2.097604e+00,-1.360327e+00,4.126635e-01
fru,2.840000,1.627837e+02,7.200132e-01,0,0,0,1.639480e-01,5.015512e-01,3.543098e-03,1.520833e-01,1.011536e-01,1.311196e-01,1.997744e-01,2.839617e-01,2.415847e-01,3.679598e-01,7.565712e-01,8.296607e-01,5.919858e-01,5.852048e-01,5.711502e-01,5.598194e-01,6.876738e-01,7.182363e-01,6.294050e-01,7.384058e-01,6.965556e-01,6.903229e-01,6.312494e-01,6.643579e-01,6.057748e-01,5.329011e-01,4.098591e-01,3.297159e-01,3.037610e-01,1.821671e-01,1.011418e-03,1.382077e-04,1.770833e+02,3.229167e+02,5.729167e+02,1.531250e+03,2.141172e-02,4.846090e+00,1233728,2.840625e+00,1.055747e+01,-2.282664e-04,1.618975e+01,2.744397e+00,1.354321e+01,-1.696528e+01,2.493839e+01,-1.676749e+01,1.244295e+01,3.938729e-01,1.073818e+01,-1.650517e+01,-1.190663e+01,-1.892507e+01,3.132089e+01,1.438493e-01,3.102186e-02,0,8.431498e-02,5.194564e-02,4.021784e-02,4.996256e-03,-2.312500e-02,6.215197e-03,2.309135e-02,3.706672e-02,7.819507e-02,7.023391e-02,7.018786e-02,5.053313e-02,4.942473e-02,6.409054e-02,7.990264e-02,7.972410e-02,6.856191e-02,4.145790e-02,2.367725e-02,1.651924e-02,2.458471e-02,5.370665e-02,2.875178e-02,3.018478e-02,3.747698e-02,5.174615e-02,3.965329e-02,1.622602e-03,3.101045e-03,1.773614e-03,1.418095e-02,2.232346e-02,6.053036e-04,5.208333e+00,-3.541666e+01,-1.135417e+02,-3.020833e+02,3.744332e-02,-2.624279e-01,-2.326227e+05,7.133537e-01,9.511278e+00,-4.059789e-03,2.947741e+00,6.351987e-01,2.088742e+00,8.066411e-01,-1.085314e+00,-1.940628e+00,-5.686610e+00,-2.939110e+00,-4.691903e+00,5.235233e+00,4.956447e-01,7.246027e-01
fru,2.850000,1.596560e+02,7.201256e-01,0,0,2.810499e-01,2.575990e-01,5.440313e-01,1.228011e-02,1.270833e-01,1.042666e-01,1.539264e-01,2.441716e-01,3.605429e-01,3.067802e-01,4.286313e-01,7.885635e-01,8.749290e-01,6.535762e-01,6.667640e-01,6.547173e-01,6.294224e-01,7.236663e-01,7.376183e-01,6.511666e-01,7.715703e-01,7.386290e-01,7.197852e-01,6.884888e-01,7.213170e-01,6.883757e-01,5.864674e-01,4.056907e-01,3.365004e-01,3.052543e-01,2.039932e-01,2.125596e-02,1.225973e-03,1.875000e+02,2.708333e+02,4.583333e+02,1.114583e+03,9.349382e-02,4.501383e+00,8.198013e+05,3.877910e+00,2.259136e+01,-3.996897e-03,2.075249e+01,2.164063e+00,1.634544e+01,-1.593688e+01,1.937194e+01,-1.857715e+01,1.954524e+00,-3.869206e+00,5.035333e+00,-9.728822e+00,-1.059476e+01,-1.706437e+01,-3.323300e+01,-1.432768e-01,1.551093e-02,0,2.810499e-02,8.151724e-02,9.139051e-02,7.750920e-03,-2.604167e-02,2.506810e-02,5.846547e-02,7.890604e-02,1.833930e-01,1.486412e-01,1.469893e-01,7.016747e-02,5.889772e-02,1.239256e-01,1.393431e-01,1.456352e-01,1.293054e-01,1.064164e-01,6.365900e-02,1.052488e-01,1.228125e-01,1.543357e-01,4.841728e-02,7.855242e-02,1.055326e-01,1.080930e-01,7.730125e-02,1.371748e-02,2.775125e-02,1.738644e-02,3.819155e-02,3.608250e-02,8.207040e-04,-2.083334e+00,-3.333333e+01,-1.083333e+02,-3.531250e+02,6.559830e-02,-3.500597e-01,-2.897089e+05,1.058996e+00,1.424218e+01,-6.569359e-03,3.619050e+00,1.896157e+00,2.424278e+00,1.969235e+00,-1.976224e+00,-2.383074e+00,-4.877425e+00,-3.864664e+00,-2.665711e+00,7.538484e+00,1.956464e+00,1.267218e+00
fru,2.860000,1.588840e+02,7.164966e-01,1.551093e-01,0,2.810499e-01,3.855043e-01,6.605834e-01,2.370856e-02,8.958334e-02,1.347186e-01,2.253957e-01,3.457861e-01,5.977541e-01,4.855065e-01,6.019788e-01,8.680875e-01,9.200628e-01,8.098081e-01,8.421343e-01,8.393378e-01,7.903581e-01,8.763158e-01,8.333626e-01,8.288887e-01,9.579823e-01,9.466082e-01,7.792813e-01,8.036737e-01,8.472307e-01,8.199951e-01,6.715731e-01,4.087790e-01,3.652430e-01,3.237978e-01,2.515110e-01,1.021588e-01,2.658685e-03,1.770833e+02,2.812500e+02,3.437500e+02,750,1.738515e-01,4.184237e+00,4.754571e+05,5.526587e+00,5.039723e+01,-1.859515e-02,2.744305e+01,3.626143e+00,1.911669e+01,-1.088301e+01,1.620074e+01,-2.357648e+01,-3.006415e+00,-9.339067e+00,4.658369e+00,4.730096e+00,-4.834096e+00,-1.300275e+01,-4.852235e+01,-2.160152e-01,0,0,-2.810499e-02,7.686959e-02,1.513340e-01,6.832576e-03,-1.364583e-02,5.128870e-02,1.009673e-01,1.159633e-01,2.993750e-01,2.379285e-01,2.404099e-01,1.004321e-01,7.476871e-02,1.775186e-01,1.920817e-01,1.962981e-01,1.809909e-01,1.727505e-01,1.088507e-01,1.864980e-01,2.291275e-01,2.882196e-01,7.636423e-02,1.217317e-01,2.085721e-01,1.755530e-01,1.314494e-01,6.027817e-02,7.969159e-02,5.305815e-02,7.451607e-02,3.367599e-02,7.037273e-04,-6.250000e+00,-1.666667e+01,1.812500e+02,1.250000e+01,6.634631e-02,-2.519771e-01,3.589880e+04,6.885219e-01,1.104481e+01,-6.103038e-03,1.293869e+00,4.083297e+00,2.169801e+00,2.005404e+00,-1.577688e+00,-2.290321e+00,-2.062859e+00,-3.195930e+00,-2.176123e-01,6.368876e+00,3.034533e+00,1.124621e+00
fru,2.870000,0,0,0,0,0,4.643783e-01,8.698940e-01,3.191058e-02,7.395833e-02,2.122535e-01,3.701870e-01,5.071043e-01,1.026224e+00,8.320801e-01,9.526942e-01,1.020914e+00,1.043345e+00,1.072311e+00,1.111977e+00,1.126372e+00,1.056949e+00,1.131532e+00,9.880031e-01,1.106177e+00,1.285289e+00,1.352691e+00,8.766362e-01,9.472840e-01,1.098279e+00,1.016398e+00,8.256449e-01,4.758907e-01,4.567545e-01,3.861092e-01,3.381455e-01,1.305509e-01,2.997723e-03,1.875000e+02,2.708333e+02,3.333333e+02,4.479167e+02,2.716801e-01,3.742016e+00,2.398881e+05,6.596344e+00,6.098823e+01,-2.384573e-02,2.845055e+01,9.882568e+00,1.910385e+01,-1.067755e+01,1.499480e+01,-2.461085e+01,-3.968965e+00,-1.542383e+01,7.579859e+00,9.249818e+00,-5.656404e+00,-1.547306e+01,-4.781960e+01,-2.156748e-01,-1.551093e-02,0,-8.431498e-02,2.609428e-02,1.750120e-01,1.650675e-03,1.437500e-02,6.618981e-02,1.176519e-01,1.145000e-01,3.121375e-01,2.491119e-01,2.561666e-01,8.765709e-02,5.557039e-02,1.634370e-01,1.763558e-01,1.662723e-01,1.564917e-01,1.692004e-01,1.183310e-01,1.949914e-01,2.608207e-01,3.381768e-01,9.980573e-02,1.464600e-01,3.101476e-01,2.390910e-01,2.032533e-01,1.562603e-01,1.599659e-01,1.085912e-01,1.236745e-01,4.124268e-03,5.198719e-05,-1.354167e+01,-1.458334e+01,4.260417e+02,5.906251e+02,3.263437e-02,-4.670284e-02,5.783404e+05,-2.878973e-01,-1.697149e+00,-7.223746e-04,-3.384612e+00,6.341165e+00,1.500983e+00,1.461896e+00,7.805937e-01,-5.142944e-01,2.271822e+00,-6.156913e-01,9.133763e-01,1.662365e+00,3.575526e+00,1.390428e+00
fru,2.880000,0,0,0,0,0,4.449064e-01,1.095290e+00,2.789074e-02,1.104167e-01,3.036037e-01,5.278257e-01,6.481245e-01,1.447996e+00,1.168577e+00,1.307978e+00,1.142557e+00,1.119296e+00,1.270212e+00,1.323007e+00,1.316813e+00,1.251011e+00,1.347494e+00,1.137298e+00,1.334390e+00,1.627184e+00,1.830623e+00,9.937186e-01,1.110510e+00,1.518737e+00,1.319529e+00,1.070559e+00,6.761499e-01,6.680468e-01,5.286243e-01,4.876713e-01,1.147439e-01,2.770969e-03,1.458333e+02,2.395833e+02,1.541667e+03,1.927083e+03,2.640501e-01,3.965888e+00,1.703179e+06,4.924017e+00,4.658310e+01,-2.081904e-02,1.881006e+01,1.930163e+01,2.301302e+01,-9.567924e+00,1.923852e+01,-2.520224e+01,5.090402e+00,-9.808463e+00,8.377857e+00,5.849888e+00,7.968537e-01,-1.409762e+01,-3.177681e+01,-2.002035e-02,-3.102186e-02,0,-5.620999e-02,-2.311506e-02,1.376299e-01,-3.738195e-03,4.583333e-02,5.184612e-02,8.294464e-02,5.987053e-02,1.741610e-01,1.405173e-01,1.449989e-01,1.438816e-02,-7.691109e-03,5.794579e-02,7.053725e-02,4.307919e-02,4.057281e-02,7.375459e-02,8.010323e-02,1.155669e-01,1.760483e-01,2.409406e-01,1.089731e-01,1.585006e-01,3.464194e-01,2.580226e-01,2.655098e-01,2.792140e-01,2.460456e-01,1.715703e-01,1.845370e-01,-2.777543e-02,-4.546080e-04,-1.145833e+01,-1.354167e+01,5.072917e+02,1.059375e+03,-1.586477e-02,1.988663e-01,9.396678e+05,-1.188560e+00,-1.372001e+01,5.080265e-03,-6.584610e+00,6.471187e+00,4.497623e-01,1.335220e+00,3.850616e-01,6.502579e-01,2.955266e+00,1.324290e+00,7.876579e-01,-2.880836e+00,3.550707e+00,2.219131e+00
fru,2.890000,0,0,0,0,0,3.583694e-01,1.201738e+00,1.844239e-02,1.885417e-01,3.507731e-01,5.909708e-01,6.655024e-01,1.496109e+00,1.210804e+00,1.356465e+00,1.089614e+00,1.053164e+00,1.240559e+00,1.308107e+00,1.247341e+00,1.181555e+00,1.334079e+00,1.177306e+00,1.373373e+00,1.741073e+00,1.987506e+00,1.111595e+00,1.267370e+00,1.936302e+00,1.634064e+00,1.403241e+00,1.053306e+00,9.849281e-01,7.457969e-01,7.042853e-01,3.558473e-02,1.429767e-03,1.354167e+02,2.187500e+02,1.989583e+03,3.479167e+03,2.115664e-01,4.377043e+00,3.097643e+06,2.739708e+00,1.601269e+01,-6.496826e-03,8.145920e+00,2.603214e+01,2.190219e+01,-9.284936e+00,2.175602e+01,-2.033574e+01,9.265226e+00,-6.712965e+00,7.742470e+00,-1.976895e+00,4.467390e+00,-9.564800e+00,0,6.163948e-02,0,0,0,-4.959551e-02,5.110384e-02,-6.288310e-03,6.218750e-02,1.061918e-02,7.011867e-03,-2.423947e-02,-5.284033e-02,-3.748794e-02,-4.473250e-02,-9.034102e-02,-9.532038e-02,-8.309074e-02,-7.277697e-02,-1.048613e-01,-1.055982e-01,-6.428653e-02,1.625142e-02,6.431413e-03,1.273853e-02,3.061405e-02,9.175214e-02,1.446323e-01,2.466553e-01,1.865506e-01,2.650135e-01,3.531939e-01,2.815503e-01,2.141445e-01,2.371163e-01,-3.512428e-02,-6.887111e-04,-6.250000e+00,1.041666e+01,4.614583e+02,1.139583e+03,-5.265304e-02,3.585162e-01,1.020779e+06,-1.362830e+00,-1.557924e+01,6.427393e-03,-6.171759e+00,4.273191e+00,-1.362534e+00,2.276235e+00,-1.471200e+00,1.332718e+00,1.734037e+00,1.185063e+00,3.586792e-01,-3.314034e+00,3.356411e+00,3.268677e+00
fru,2.900000,0,6.163948e-01,0,0,0,3.229335e-01,1.182811e+00,1.175168e-02,2.614583e-01,3.246894e-01,5.297270e-01,5.659397e-01,1.233617e+00,9.987311e-01,1.125088e+00,9.056781e-01,8.766975e-01,1.015413e+00,1.096756e+00,9.942489e-01,9.309191e-01,1.143815e+00,1.139227e+00,1.273125e+00,1.610332e+00,1.833904e+00,1.206667e+00,1.436134e+00,2.160317e+00,1.801275e+00,1.710324e+00,1.516141e+00,1.331384e+00,1.001805e+00,9.911259e-01,1.076469e-02,1.169624e-03,1.458333e+02,2.395833e+02,2.052083e+03,4.531250e+03,1.245845e-01,4.861055e+00,3.744919e+06,1.512102e+00,4.284952e+00,-1.868276e-03,4.672313e+00,2.790729e+01,1.996633e+01,-4.903212e+00,1.474543e+01,-2.246274e+01,5.152817e+00,-7.073050e+00,8.515353e+00,-4.060725e+00,7.857543e+00,-4.861232e+00,0,0,0,0,0,-4.151572e-02,-2.987477e-02,-5.010208e-03,6.416666e-02,-3.122254e-02,-6.127225e-02,-8.539102e-02,-2.163291e-01,-1.583572e-01,-1.786867e-01,-1.565883e-01,-1.366118e-01,-1.634988e-01,-1.616835e-01,-1.741381e-01,-1.776905e-01,-1.532744e-01,-3.118766e-02,-5.673213e-02,-1.269275e-01,-1.490197e-01,5.680965e-02,9.769432e-02,3.910328e-02,3.459307e-02,1.776310e-01,3.216736e-01,2.405885e-01,2.154445e-01,2.583289e-01,-2.461852e-02,-5.845972e-04,4.166667e+00,4.583333e+01,4.666667e+02,7.781249e+02,-5.435247e-02,3.352126e-01,8.355916e+05,-8.786836e-01,-9.757297e+00,4.498419e-03,-3.526646e+00,1.477139e+00,-3.029337e+00,3.106457e+00,-3.816103e+00,1.742487e+00,-1.914302e-01,-3.684111e-01,7.946866e-01,-2.220806e+00,1.990170e+00,2.935480e+00
fru,2.910000,0,0,0,0,0,2.773872e-01,1.081653e+00,8.538568e-03,3.093750e-01,2.548065e-01,4.042957e-01,4.269994e-01,8.692123e-01,7.295635e-01,8.204767e-01,6.876483e-01,6.880422e-01,7.842565e-01,8.612177e-01,7.633474e-01,6.890035e-01,9.119385e-01,1.068295e+00,1.168966e+00,1.357407e+00,1.504120e+00,1.228923e+00,1.507634e+00,2.010766e+00,1.708278e+00,1.830830e+00,1.821865e+00,1.532837e+00,1.220241e+00,1.272000e+00,6.919101e-03,3.548403e-04,1.562500e+02,3.229167e+02,2.385417e+03,4.843750e+03,7.814774e-02,5.087014e+00,4.322912e+06,1.488150e+00,4.241077e+00,-1.184148e-03,4.660632e+00,2.694569e+01,1.381452e+01,-1.628730e+00,9.885345e+00,-1.931701e+01,4.670010e+00,-1.086623e+01,9.304507e+00,-2.365045e+00,7.595306e+00,-3.747868e+00,0,-6.163948e-02,0,0,0,-2.002364e-02,-6.393641e-02,-2.608546e-03,5.864583e-02,-5.169364e-02,-8.730121e-02,-9.819244e-02,-2.400981e-01,-1.662192e-01,-1.923085e-01,-1.498210e-01,-1.148583e-01,-1.528402e-01,-1.547996e-01,-1.399208e-01,-1.457470e-01,-1.464497e-01,-3.641652e-02,-4.331245e-02,-1.649468e-01,-1.890433e-01,2.241068e-02,2.761017e-02,-1.560421e-01,-1.065517e-01,4.273533e-02,1.954611e-01,1.551723e-01,1.870796e-01,2.437461e-01,-7.079733e-03,-2.783745e-04,1.770833e+01,3.531250e+02,8.687500e+02,5.812500e+02,-3.796682e-02,3.558150e-01,8.698681e+05,-5.549557e-01,-2.986015e+00,1.327907e-03,-2.200813e+00,-5.582966e-01,-3.494633e+00,3.428009e+00,-3.857128e+00,1.735337e+00,-3.277083e-01,-5.811738e-01,8.762094e-01,-2.412769e-01,6.682044e-01,1.348280e+00
fru,2.920000,0,0,0,0,0,2.778189e-01,1.005959e+00,7.791616e-03,3.708333e-01,1.954743e-01,3.148020e-01,3.404209e-01,6.797991e-01,6.174116e-01,6.825387e-01,5.605982e-01,6.187986e-01,6.808693e-01,7.380338e-01,6.881197e-01,6.088338e-01,7.921922e-01,1.035864e+00,1.152932e+00,1.184379e+00,1.327217e+00,1.219103e+00,1.478850e+00,1.677022e+00,1.455387e+00,1.744919e+00,1.900239e+00,1.597035e+00,1.368625e+00,1.495459e+00,5.984128e-03,3.854465e-04,1.562500e+02,4.166667e+02,3.677083e+03,5.135417e+03,5.899708e-02,5.286966e+00,5.268502e+06,1.156378e+00,3.682417e+00,-9.832794e-04,2.919480e+00,2.623055e+01,1.191016e+01,2.136256e+00,6.093342e+00,-1.699917e+01,6.430859e+00,-9.573888e+00,1.157027e+01,-5.060069e+00,9.183745e+00,-2.328688e+00,0,-1.232790e-01,0,0,0,-2.214697e-03,-4.999178e-02,-8.040324e-04,5.677083e-02,-4.762887e-02,-7.295269e-02,-7.595487e-02,-1.789068e-01,-1.105238e-01,-1.357678e-01,-9.509156e-02,-5.728043e-02,-8.845468e-02,-8.596855e-02,-5.715988e-02,-6.398483e-02,-7.754920e-02,-1.309155e-02,1.359723e-02,-1.126089e-01,-1.238286e-01,1.650858e-02,-3.315555e-02,-2.314188e-01,-1.540197e-01,-5.227194e-02,6.695197e-02,9.922989e-02,1.607999e-01,2.107449e-01,-2.030781e-03,-1.121017e-04,5.000000e+01,8.093750e+02,1.071875e+03,4.552083e+02,-1.680325e-02,3.351321e-01,814159,-4.962159e-01,-8.409435e-01,4.308221e-04,-2.420249e+00,-1.000237e+00,-3.042016e+00,2.847797e+00,-1.777526e+00,2.374167e+00,1.171663e+00,4.710102e-02,6.519784e-01,-7.673702e-01,-4.123674e-01,-3.581713e-01
fru,2.930000,0,0,0,0,0,2.808084e-01,9.704821e-01,7.379692e-03,4.270833e-01,1.569125e-01,2.619273e-01,2.872996e-01,5.725275e-01,5.703682e-01,6.161972e-01,5.130491e-01,6.078219e-01,6.436303e-01,7.134697e-01,7.008018e-01,6.138622e-01,7.776421e-01,1.046905e+00,1.216907e+00,1.129315e+00,1.295632e+00,1.217431e+00,1.384063e+00,1.397739e+00,1.274249e+00,1.599620e+00,1.838563e+00,1.627964e+00,1.497785e+00,1.670849e+00,2.576346e-03,4.299835e-04,2.187500e+02,1.895833e+03,5.520833e+03,6.083333e+03,5.452602e-02,5.943162e+00,6685192,1.427921e-01,1.383880e+00,-2.997883e-04,-1.981727e+00,2.407903e+01,8.457108e+00,4.335373e+00,6.796425e+00,-1.439084e+01,6.987664e+00,-8.368415e+00,1.059606e+01,-2.683608e+00,7.145311e+00,-4.089674e+00,0,1.268346e-01,0,0,0,2.299103e-02,-2.880049e-03,5.325634e-04,5.885417e-02,-3.277850e-02,-4.591560e-02,-4.528636e-02,-1.052329e-01,-5.850185e-02,-8.050941e-02,-3.059430e-02,-5.533993e-03,-2.419768e-02,-8.190572e-03,1.797492e-02,1.335175e-02,2.749765e-03,2.532773e-02,8.350451e-02,-1.652894e-02,-1.367419e-02,5.619756e-02,-3.774095e-02,-1.558435e-01,-8.228253e-02,-4.670143e-02,3.322345e-02,1.322994e-01,1.654760e-01,1.845260e-01,-1.266792e-03,2.094025e-04,3.812500e+02,1.268750e+03,9.208333e+02,3.864583e+02,-1.742345e-03,3.233939e-01,2.905488e+05,-6.442450e-01,-4.850280e-01,3.946575e-04,-3.184373e+00,-1.503535e+00,-2.267736e+00,1.692032e+00,1.323421e-01,1.512285e+00,1.233464e+00,-9.893765e-01,-1.280376e-01,-1.122608e+00,-6.791958e-01,-1.993842e+00
fru,2.940000,0,0,0,0,0,3.101493e-01,9.884372e-01,8.310953e-03,4.864583e-01,1.354921e-01,2.361478e-01,2.560153e-01,4.874248e-01,5.257099e-01,5.483890e-01,5.175199e-01,6.304055e-01,6.434524e-01,7.407870e-01,7.397223e-01,6.485656e-01,8.232171e-01,1.084465e+00,1.317141e+00,1.161334e+00,1.319005e+00,1.294956e+00,1.332141e+00,1.309736e+00,1.248191e+00,1.564569e+00,1.842552e+00,1.779970e+00,1.667033e+00,1.845426e+00,2.782165e-03,5.715438e-04,3.645833e+02,3500,5.843750e+03,6.187500e+03,5.237916e-02,6.108641e+00,6634574,-2.962982e-01,1.508832e+00,-1.563450e-04,-4.107752e+00,2.433943e+01,7.434959e+00,6.353723e+00,7.402260e+00,-1.305499e+01,9.852304e+00,-8.086451e+00,1.112947e+01,-7.738294e+00,6.020704e+00,-6.481186e+00,4.374112e+01,1.997000e-01,0,0,1.235802e-02,5.300746e-02,5.748325e-02,2.003404e-03,5.520834e-02,-2.048803e-02,-2.813629e-02,-2.253447e-02,-6.161221e-02,-4.078385e-02,-5.619255e-02,1.599860e-02,2.634029e-02,3.260376e-02,6.217651e-02,7.449103e-02,7.114261e-02,5.343456e-02,6.353982e-02,1.561537e-01,8.497816e-02,8.756395e-02,1.352514e-01,2.684868e-02,4.188561e-03,6.785867e-02,4.588611e-02,1.177420e-01,2.381741e-01,2.011618e-01,1.587783e-01,-7.135869e-04,6.617681e-04,7.927084e+02,1.310417e+03,4.843750e+02,2.270833e+02,1.089752e-02,2.153519e-01,-4.740996e+05,-6.352681e-01,2.541512e-01,5.152083e-04,-3.106967e+00,-2.168286e+00,-1.966610e+00,-7.358754e-01,1.617150e+00,1.562947e+00,1.287947e+00,-3.515742e+00,-1.065115e+00,-1.390603e+00,-5.033016e-03,-3.065473e+00
fru,2.950000,0,6.341732e-01,0,0,0,3.761771e-01,1.076013e+00,1.094172e-02,5.458333e-01,1.209051e-01,2.140448e-01,2.427704e-01,4.392347e-01,4.829051e-01,4.850045e-01,5.562159e-01,6.545687e-01,6.819766e-01,8.188882e-01,8.274208e-01,7.358964e-01,9.101748e-01,1.170634e+00,1.504385e+00,1.286286e+00,1.439855e+00,1.471984e+00,1.392283e+00,1.415191e+00,1.400463e+00,1.687498e+00,2.016825e+00,2.102866e+00,1.898417e+00,2.019646e+00,2.186122e-03,1.308804e-03,1.958333e+03,5125,5.906250e+03,6250,7.274497e-02,6.293146e+00,5092620,-1.006737e+00,2.902729e+00,3.756721e-04,-7.747615e+00,2.037358e+01,4.713442e+00,4.722694e+00,9.892596e+00,-1.372767e+01,9.126606e+00,-1.655683e+01,8.884720e+00,-6.638972e+00,5.780848e+00,-1.164083e+01,6.567804e+01,2.224752e-01,0,0,2.725771e-02,9.198603e-02,1.315162e-01,4.046985e-03,3.302082e-02,-1.219818e-02,-1.660929e-02,2.600849e-04,-2.082363e-02,-2.705313e-02,-2.299123e-02,4.852230e-02,6.077088e-02,1.155195e-01,1.404735e-01,1.362756e-01,1.305954e-01,8.914204e-02,1.129160e-01,2.432694e-01,1.977654e-01,2.563018e-01,2.731429e-01,1.513982e-01,1.904491e-01,2.484002e-01,1.645400e-01,2.839488e-01,3.488736e-01,2.271520e-01,9.937958e-02,8.117937e-04,3.099798e-03,1.038542e+03,7.145833e+02,2.708330e+01,-3.125000e+01,2.533471e-02,4.368963e-02,-1.078569e+06,-4.070845e-01,8.474824e-01,2.643735e-04,-2.105702e+00,-3.253605e+00,-1.027742e-01,-3.225001e+00,1.743084e+00,1.381078e+00,1.135096e+00,-6.241572e+00,-6.957545e-01,-1.838754e+00,-1.406642e-01,-2.274898e+00
fru,2.960000,2.187056e+02,6.814136e-01,0,0,6.179009e-02,4.951719e-01,1.240609e+00,1.602762e-02,5.875000e-01,1.110378e-01,1.980618e-01,2.500131e-01,4.383844e-01,4.572239e-01,4.671722e-01,6.190078e-01,7.271266e-01,8.247150e-01,9.962071e-01,9.972654e-01,9.035298e-01,9.930986e-01,1.291699e+00,1.789962e+00,1.530785e+00,1.692925e+00,1.768084e+00,1.608984e+00,1.689238e+00,1.731574e+00,1.930411e+00,2.399817e+00,2.550454e+00,2.174118e+00,2.114952e+00,2.611306e-03,3.254877e-03,3250,5.354167e+03,5.906250e+03,6.187500e+03,1.043752e-01,6.188734e+00,3.694290e+06,-1.445198e+00,4.193748e+00,1.255032e-03,-9.732413e+00,1.724184e+01,3.948948e+00,-1.736782e+00,1.263101e+01,-9.516025e+00,1.180112e+01,-2.305839e+01,7.100367e+00,-1.003540e+01,9.840812e+00,-1.388047e+01,6.582532e+01,1.759382e-01,4.514138e-02,1.047406e-02,7.203352e-02,1.170386e-01,2.019936e-01,9.215141e-03,-2.375001e-02,-4.899554e-03,2.967864e-05,3.704130e-02,3.457723e-02,1.510700e-02,5.373333e-02,8.881800e-02,1.115616e-01,2.283784e-01,2.396260e-01,2.092839e-01,1.951172e-01,1.307412e-01,1.673342e-01,3.161391e-01,3.146477e-01,5.302986e-01,4.649066e-01,2.696094e-01,3.415616e-01,4.082097e-01,2.123140e-01,3.787434e-01,3.434640e-01,1.822005e-01,-1.671026e-02,5.457346e-02,4.685001e-03,6.072916e+02,-1.937500e+02,-4.302083e+02,-4.656250e+02,7.706017e-02,-2.069599e-01,-1162028,4.694453e-01,6.757179e+00,-9.647904e-03,1.166245e+00,-3.289513e+00,2.060511e+00,-5.398607e+00,1.226140e-01,9.937220e-01,-7.080023e-01,-6.267773e+00,2.419797e-01,-9.742047e-01,-1.207762e+00,-1.538626e+00
fru,2.970000,2.190374e+02,7.716691e-01,0,0,1.053935e-01,6.482273e-01,1.501977e+00,2.375629e-02,5.416666e-01,1.081487e-01,1.979238e-01,2.916011e-01,4.929295e-01,4.693456e-01,5.418494e-01,7.049167e-01,8.633158e-01,1.130597e+00,1.288127e+00,1.253408e+00,1.139357e+00,1.138412e+00,1.507867e+00,2.196844e+00,1.933416e+00,2.390181e+00,2.346581e+00,2.002633e+00,2.160233e+00,2.274559e+00,2.239399e+00,2.979674e+00,2.987090e+00,2.380003e+00,2.032984e+00,6.720744e-03,1.458730e-02,3.968750e+03,4.541667e+03,5625,5.927083e+03,1.552016e-01,6.121564e+00,2.762491e+06,-1.318180e+00,4.278834e+00,3.163909e-04,-9.697906e+00,1.135980e+01,9.686242e+00,-7.744379e+00,1.289747e+01,-9.254933e+00,1.168874e+01,-3.209031e+01,9.131837e+00,-1.072882e+01,4.531936e+00,-1.176452e+01,4.412938e+01,5.377806e-02,5.877935e-02,1.885161e-02,8.960848e-02,1.382833e-01,2.487580e-01,1.747767e-02,-9.406251e-02,5.918396e-03,4.168140e-02,1.134838e-01,1.183638e-01,1.355431e-01,2.110772e-01,1.942236e-01,1.953760e-01,3.577668e-01,3.568681e-01,2.743540e-01,2.604533e-01,2.145360e-01,2.192984e-01,3.256795e-01,4.073621e-01,8.213382e-01,6.393870e-01,3.089576e-01,3.928436e-01,4.405642e-01,1.374111e-01,2.714690e-01,1.589703e-01,3.361058e-02,-1.688295e-01,1.979658e-01,7.075664e-03,-2.645833e+02,-1.042708e+03,-9.843750e+02,-1.029167e+03,1.314197e-01,-5.045059e-01,-9.479254e+05,1.582320e+00,1.451891e+01,-3.709128e-02,6.285428e+00,-2.896555e+00,3.576562e+00,-5.507174e+00,-3.095777e+00,-4.872707e-01,-3.096977e+00,-3.482622e+00,1.938408e+00,-7.151685e-01,-3.413788e+00,-7.816069e-01
fru,2.980000,2.196079e+02,8.109429e-01,2.257069e-01,5.237029e-02,3.074709e-01,7.593170e-01,1.785423e+00,4.797937e-02,3.697917e-01,1.173725e-01,2.443567e-01,4.168064e-01,6.334636e-01,6.080247e-01,7.886332e-01,8.872595e-01,1.083840e+00,1.561035e+00,1.704297e+00,1.573148e+00,1.422421e+00,1.362805e+00,1.752519e+00,2.551607e+00,2.411007e+00,3.495335e+00,3.182191e+00,2.375014e+00,2.645023e+00,2.852191e+00,2.350189e+00,3.254844e+00,3.055178e+00,2.337243e+00,1.755206e+00,2.733822e-01,1.735730e-02,2.395833e+03,2.822917e+03,3.833333e+03,4.020833e+03,3.964517e-01,5.159632e+00,1.989499e+06,2.206650e+00,3.460667e+01,-4.836622e-02,2.698619e+00,1.239876e+01,1.525111e+01,-1.440578e+01,6.512891e+00,-1.032275e+01,5.031227e+00,-3.165858e+01,1.221581e+01,-1.056439e+01,6.063479e-01,-1.411247e+01,3.990463e-01,4.107283e-02,4.356024e-02,2.116285e-02,7.879511e-02,1.740179e-01,2.747533e-01,2.819755e-02,-1.373958e-01,1.924613e-02,1.146746e-01,2.515188e-01,2.443351e-01,3.986997e-01,4.920217e-01,4.792343e-01,3.369470e-01,4.852091e-01,5.096505e-01,3.390760e-01,3.725737e-01,3.827464e-01,2.871911e-01,2.865960e-01,4.601906e-01,9.600295e-01,6.655284e-01,2.250294e-01,2.834326e-01,2.723919e-01,-4.604540e-02,-5.465255e-02,-1.534189e-01,-1.761716e-01,-2.924480e-01,3.785229e-01,1.664227e-02,-8.822916e+02,-1.321875e+03,-1.439583e+03,-1.492708e+03,1.911710e-01,-7.154077e-01,-870655,2.253722e+00,1.953884e+01,-8.698224e-02,1.070736e+01,-3.410557e+00,1.595509e+00,-3.766736e+00,-6.623666e+00,-2.805040e+00,-5.347351e+00,2.156565e-01,2.331883e+00,-4.090462e-02,-5.058834e+00,-2.048121e+00
fru,2.990000,2.201958e+02,8.382988e-01,1.810433e-01,6.807292e-02,3.252020e-01,9.355209e-01,2.047396e+00,8.235417e-02,1.843750e-01,1.473297e-01,3.993044e-01,7.267928e-01,9.335139e-01,1.085220e+00,1.379660e+00,1.393208e+00,1.453092e+00,2.102651e+00,2.249183e+00,1.911249e+00,1.778717e+00,1.798002e+00,2.036716e+00,2.751960e+00,2.882985e+00,4.645341e+00,3.961865e+00,2.554057e+00,2.901517e+00,3.042975e+00,2.164664e+00,2.946657e+00,2.645356e+00,1.984908e+00,1.355372e+00,8.566297e-01,2.963591e-02,1.062500e+03,1.177083e+03,2.020833e+03,2.187500e+03,5.838054e-01,4.285167e+00,1.205388e+06,5.078938e+00,6.029081e+01,-1.602701e-01,1.746401e+01,8.312341e+00,1.694517e+01,-1.647868e+01,-2.527231e+00,-1.576066e+01,-2.973335e+00,-2.966984e+01,1.601904e+01,-9.950320e+00,-6.670859e+00,-1.543286e+01,1.025497e-01,2.186633e-02,-2.343392e-03,9.632319e-03,1.232819e-02,2.428239e-01,3.189366e-01,3.807749e-02,-1.240625e-01,3.003861e-02,1.976007e-01,4.146885e-01,3.818838e-01,7.768564e-01,8.834747e-01,1.102341e+00,6.154984e-01,6.037434e-01,7.464050e-01,4.431937e-01,6.389400e-01,6.680335e-01,4.098679e-01,2.838399e-01,5.172938e-01,8.043844e-01,4.612936e-01,8.034301e-02,4.939890e-02,-5.363653e-02,-2.404721e-01,-4.263004e-01,-4.266486e-01,-3.390503e-01,-3.306579e-01,4.861282e-01,5.265322e-02,-9.187500e+02,-1.035417e+03,-1.336458e+03,-1.392708e+03,1.984103e-01,-6.871096e-01,-7.185873e+05,1.662686e+00,1.306062e+01,-1.655752e-01,1.146840e+01,-5.490667e+00,-2.357918e+00,-1.465602e+00,-7.976996e+00,-3.352600e+00,-3.942326e+00,4.380929e+00,2.887373e+00,-9.181364e-01,-4.931571e+00,-4.672837e+00
fru,3.000000,2.201216e+02,8.534629e-01,1.272796e-01,7.177777e-02,3.458613e-01,1.221615e+00,2.341666e+00,1.277165e-01,7.916667e-02,1.876779e-01,6.707444e-01,1.290011e+00,1.439768e+00,2.142785e+00,2.508375e+00,2.671034e+00,2.116974e+00,2.764733e+00,3.063931e+00,2.363725e+00,2.446718e+00,2.577035e+00,2.463230e+00,2.945384e+00,3.356954e+00,5.365492e+00,4.288084e+00,2.458419e+00,2.735759e+00,2.709325e+00,1.737551e+00,2.143063e+00,1.954227e+00,1.490808e+00,9.915178e-01,1.470271e+00,7.894190e-02,2.916667e+02,4.270833e+02,5.104167e+02,5.937500e+02,8.459280e-01,3.529894e+00,1.195659e+05,6.624852e+00,7.388198e+01,-3.533629e-01,3.022345e+01,1.712788e+00,8.297031e+00,-1.620331e+01,-1.277497e+01,-2.028836e+01,-7.604599e+00,-2.319034e+01,1.531618e+01,-1.062918e+01,-9.851959e+00,-2.228691e+01,-4.058670e-01,1.128989e-02,-5.787678e-02,-1.223465e-02,-5.239781e-02,3.376140e-01,4.318333e-01,4.404087e-02,-6.927083e-02,3.060829e-02,2.346164e-01,4.922863e-01,4.386783e-01,1.021214e+00,1.229115e+00,2.042019e+00,1.065269e+00,7.232552e-01,1.056092e+00,6.627771e-01,1.169437e+00,1.128414e+00,6.597766e-01,4.746291e-01,7.049904e-01,5.155992e-01,1.521387e-01,2.206809e-02,-1.589509e-01,-3.486870e-01,-3.288356e-01,-5.973023e-01,-5.099181e-01,-3.749049e-01,-2.767227e-01,4.067678e-01,1.861315e-01,-4.281249e+02,-4.968751e+02,-7.729167e+02,-7.593750e+02,1.446412e-01,-4.129939e-01,-4.800698e+05,1.774207e-01,-2.771654e+00,-2.485357e-01,7.950002e+00,-9.040132e+00,-4.891996e+00,3.039321e-01,-6.558995e+00,-2.092648e+00,-8.735491e-01,6.384406e+00,3.072237e+00,-1.853216e+00,-4.497318e+00,-6.929867e+00
fru,3.010000,2.192933e+02,8.597408e-01,3.749669e-02,3.845786e-02,1.478392e-01,1.631198e+00,2.818539e+00,1.742752e-01,6.666667e-02,2.231890e-01,9.727335e-01,1.928441e+00,1.999196e+00,3.586247e+00,4.099352e+00,5.324733e+00,3.424241e+00,3.547464e+00,4.340335e+00,3.074088e+00,3.821908e+00,3.871464e+00,3.201851e+00,3.419155e+00,4.046912e+00,5.477024e+00,4.100103e+00,2.362645e+00,2.361860e+00,2.077809e+00,1.343358e+00,1.404063e+00,1.404323e+00,1.107969e+00,7.615383e-01,1.838917e+00,2.470611e-01,4.270833e+02,5.625000e+02,6.041667e+02,6.770833e+02,9.225149e-01,3.500886e+00,1.045205e+05,4.786149e+00,4.994427e+01,-6.750612e-01,3.388170e+01,-1.075055e+01,1.373692e+00,-1.417362e+01,-1.734357e+01,-2.103513e+01,-1.704983e+00,-1.441978e+01,2.201852e+01,-1.528711e+01,-1.489677e+01,-3.104148e+01,-9.298981e-01,1.534498e-03,-4.647537e-02,-1.885904e-02,-6.470673e-02,3.937531e-01,5.884363e-01,4.456600e-02,-1.843750e-02,1.900312e-02,1.880563e-01,4.008130e-01,3.474709e-01,9.033520e-01,1.338335e+00,2.894410e+00,1.526935e+00,8.018702e-01,1.344201e+00,1.015662e+00,1.890169e+00,1.648188e+00,9.721351e-01,8.544722e-01,1.063176e+00,3.311521e-01,-6.058691e-02,1.441559e-01,-1.964673e-01,-4.459397e-01,-2.931586e-01,-5.111594e-01,-4.094524e-01,-2.966323e-01,-1.708188e-01,2.664109e-01,3.911371e-01,-5.729166e+01,-8.229167e+01,-2.354167e+02,-1.468750e+02,6.411836e-02,-1.700034e-01,-2.035547e+05,-8.475598e-01,-1.392549e+01,-3.042258e-01,3.637915e+00,-1.047136e+01,-4.575850e+00,4.250232e-01,-3.578840e+00,6.397942e-01,2.470175e-01,6.636023e+00,2.851966e+00,-1.170572e+00,-3.084549e+00,-8.103426e+00
fru,3.020000,2.180298e+02,8.566714e-01,8.096272e-03,6.004575e-03,1.341633e-01,2.099548e+00,3.559018e+00,2.222232e-01,8.229167e-02,2.324843e-01,1.130724e+00,2.277414e+00,2.294014e+00,4.463580e+00,5.574365e+00,9.131593e+00,5.424611e+00,4.454904e+00,5.939180e+00,4.305614e+00,6.248011e+00,5.968142e+00,4.468834e+00,4.591155e+00,5.353996e+00,5.657489e+00,3.873765e+00,2.581060e+00,2.120097e+00,1.591339e+00,1.116664e+00,1.039630e+00,1.126104e+00,9.011874e-01,6.685089e-01,1.816078e+00,8.393022e-01,5.729167e+02,6.458333e+02,6.770833e+02,9.791667e+02,9.503031e-01,3.486803e+00,1.395834e+05,3.240148e+00,2.592167e+01,-1.033649e+00,3.423978e+01,-2.327045e+01,-1.423125e+00,-1.403865e+01,-1.887391e+01,-1.814876e+01,2.930562e-02,-7.361580e+00,2.457726e+01,-1.716208e+01,-1.776729e+01,-4.095749e+01,-1.111688e+00,-1.431432e-02,-2.625383e-02,-1.574744e-02,-4.834481e-02,3.605595e-01,6.812171e-01,3.628746e-02,4.479165e-03,1.804021e-03,7.313453e-02,1.554861e-01,1.326675e-01,4.040489e-01,1.110269e+00,3.032124e+00,1.637881e+00,7.845033e-01,1.407635e+00,1.376836e+00,2.445299e+00,1.961280e+00,1.156576e+00,1.210697e+00,1.447210e+00,3.951741e-01,-7.391827e-02,4.039273e-01,-4.187117e-02,-3.430828e-01,-1.844877e-01,-2.865244e-01,-2.433374e-01,-1.840367e-01,-6.765072e-02,2.201662e-01,5.094565e-01,8.958334e+01,5.520833e+01,6.562501e+01,2.437500e+02,-2.612087e-02,-8.287954e-03,2.433619e+04,-1.085959e+00,-1.625959e+01,-2.797194e-01,4.448063e-01,-9.575155e+00,-2.184800e+00,-2.521788e-01,-1.123931e+00,2.479326e+00,-9.334208e-01,5.166716e+00,1.778024e+00,1.531083e+00,-1.679341e+00,-6.132423e+00
fru,3.030000,2.165922e+02,8.443670e-01,8.258094e-03,6.664332e-03,1.075174e-01,2.465320e+00,4.380901e+00,2.579308e-01,9.062500e-02,2.199422e-01,1.109596e+00,2.237156e+00,2.243746e+00,4.441583e+00,6.538340e+00,1.263498e+01,7.433946e+00,5.266917e+00,7.532565e+00,6.018616e+00,9.328915e+00,8.343387e+00,5.894589e+00,6.201435e+00,7.200344e+00,6.155104e+00,3.866090e+00,3.213516e+00,2.227011e+00,1.372269e+00,1.009315e+00,9.425771e-01,1.012155e+00,7.965562e-01,6.627823e-01,2.015781e+00,1.605141e+00,6.354167e+02,6.562500e+02,7.604167e+02,1.260417e+03,8.522096e-01,3.456695e+00,1.776063e+05,2.533490e+00,1.464349e+01,-1.341256e+00,3.364542e+01,-3.155285e+01,-1.074004e+00,-1.543589e+01,-1.737196e+01,-1.363149e+01,-5.555199e+00,-4.404109e+00,2.564833e+01,-1.253673e+01,-1.813594e+01,-4.661470e+01,-4.407026e+01,-3.389882e-02,-7.245996e-03,-7.398297e-03,-3.055435e-02,1.917772e-01,5.737495e-01,1.823008e-02,4.479166e-03,-1.259601e-02,-4.855954e-02,-1.095750e-01,-8.172549e-02,-1.673322e-01,6.593631e-01,2.093694e+00,1.121988e+00,6.155228e-01,1.091500e+00,1.426793e+00,2.295008e+00,1.706307e+00,9.977459e-01,1.204649e+00,1.481360e+00,5.052521e-01,-2.105737e-03,5.745028e-01,1.460130e-01,-1.579366e-01,-8.525528e-02,-1.103030e-01,-1.296003e-01,-1.031138e-01,5.891728e-03,2.556060e-01,3.537815e-01,4.374999e+01,1.770833e+01,3.750000e+01,1.666667e+02,-9.666348e-03,-1.016324e-02,2.075558e+04,-4.508696e-01,-8.235060e+00,-1.378145e-01,-6.390408e-01,-5.630175e+00,-9.792095e-01,-1.004315e+00,-6.659250e-01,2.232841e+00,-2.946258e+00,3.405136e+00,-5.229353e-01,4.882969e+00,-1.971128e-01,-1.958194e+00
fru,3.040000,2.159137e+02,7.895781e-01,1.062970e-02,8.937327e-03,1.242982e-01,2.607351e+00,4.966570e+00,2.673259e-01,8.958334e-02,1.983214e-01,9.679859e-01,1.913084e+00,1.980831e+00,3.735362e+00,6.840229e+00,1.417653e+01,8.301528e+00,5.827524e+00,8.505992e+00,7.775639e+00,1.191971e+01,1.014747e+01,6.899743e+00,7.607727e+00,9.016288e+00,7.002323e+00,4.035499e+00,4.052620e+00,2.593828e+00,1.346681e+00,9.821340e-01,9.411839e-01,9.336241e-01,7.263303e-01,7.026423e-01,2.482670e+00,1.947185e+00,6.354167e+02,6.562500e+02,7.604167e+02,1.520833e+03,7.504763e-01,3.510550e+00,2.047039e+05,2.321385e+00,1.023442e+01,-1.418862e+00,3.256562e+01,-3.576184e+01,-1.403121e+00,-1.683307e+01,-1.838044e+01,-1.159355e+01,-1.034659e+01,-2.364593e+00,2.239139e+01,-4.348954e+00,-1.662908e+01,-4.516241e+01,-6.526518e+01,-4.950633e-02,-2.445064e-03,-1.867348e-03,-3.758439e-02,-6.683283e-02,2.182634e-01,-8.217935e-03,-1.354167e-03,-1.867967e-02,-1.246594e-01,-2.818058e-01,-2.035371e-01,-4.896676e-01,1.836132e-01,4.003433e-01,1.178574e-01,2.535732e-01,3.685088e-01,9.056390e-01,1.228409e+00,7.918221e-01,4.161279e-01,6.121535e-01,8.471453e-01,3.136372e-01,-4.306934e-02,4.395458e-01,1.765334e-01,-2.789357e-02,-3.196570e-02,-4.990869e-02,-8.758314e-02,-6.329604e-02,4.200705e-02,2.209119e-01,-4.496842e-02,2.083325e+00,-5.208331e+00,-5.208331e+00,-6.250000e+00,4.352180e-02,-3.616304e-02,-3.238867e+03,1.352517e-01,-1.008258e-01,6.608555e-02,-6.222357e-01,-9.433928e-01,-1.337343e+00,-1.079030e+00,-1.000661e+00,3.792570e-01,-2.999731e+00,2.951612e+00,1.967659e-01,6.324948e+00,2.033495e-01,2.761908e+00
fru,3.050000,0,7.237933e-01,0,0,0,2.336182e+00,4.983510e+00,2.428742e-01,8.541667e-02,1.772904e-01,8.113050e-01,1.562731e+00,1.747161e+00,3.113695e+00,6.763236e+00,1.327073e+01,7.595724e+00,5.938768e+00,8.514427e+00,8.473042e+00,1.246110e+01,1.031333e+01,6.975126e+00,7.934114e+00,9.622565e+00,7.330868e+00,4.008708e+00,4.499379e+00,2.855059e+00,1.410455e+00,9.843464e-01,9.017705e-01,8.525618e-01,6.798288e-01,7.739303e-01,2.783650e+00,1.462027e+00,6.145833e+02,6.458333e+02,750,1.239583e+03,9.740966e-01,3.438196e+00,1.757382e+05,2.991182e+00,1.661260e+01,-1.171527e+00,3.152358e+01,-3.265573e+01,-3.532358e+00,-1.779799e+01,-2.091994e+01,-1.314853e+01,-1.124832e+01,1.074106e-01,2.049677e+01,2.721170e+00,-1.645144e+01,-3.872999e+01,-6.490981e+01,-4.602863e-02,-2.714589e-03,-2.226599e-03,-3.393329e-02,-3.164541e-01,-2.754883e-01,-3.364308e-02,-4.479167e-03,-1.862952e-02,-1.532174e-01,-3.424281e-01,-2.343013e-01,-5.308704e-01,-2.445970e-01,-1.293442e+00,-8.702852e-01,-2.356713e-01,-5.673996e-01,-8.713088e-02,-4.005872e-01,-4.538127e-01,-3.645800e-01,-3.615631e-01,-3.067715e-01,-2.590999e-01,-2.459883e-01,-4.888296e-03,-9.143996e-03,3.709197e-04,-2.504551e-02,-5.982758e-02,-8.264518e-02,-4.945508e-02,3.831595e-02,-8.962925e-02,-4.109350e-01,-2.291667e+01,-1.770834e+01,-3.541667e+01,-1.708333e+02,1.047351e-01,-1.950526e-03,-2.568840e+04,4.992971e-01,5.436041e+00,2.586248e-01,-1.870510e-01,3.004845e+00,-2.110652e+00,-9.286873e-01,-1.157447e+00,-1.760460e+00,-1.689816e+00,2.129105e+00,2.211021e+00,4.901787e+00,6.223713e-01,6.065133e+00
fru,3.060000,0,6.694266e-01,0,0,0,1.829953e+00,4.349031e+00,1.886618e-01,7.812500e-02,1.604118e-01,6.565728e-01,1.205597e+00,1.524621e+00,2.679186e+00,6.379983e+00,1.081543e+01,5.933009e+00,5.386844e+00,7.290793e+00,7.606596e+00,1.082396e+01,8.942279e+00,6.009205e+00,6.785583e+00,8.378612e+00,6.637793e+00,3.587110e+00,4.135857e+00,2.688740e+00,1.432778e+00,9.693201e-01,8.104897e-01,7.679852e-01,6.430709e-01,8.229702e-01,2.536702e+00,6.860170e-01,5.937500e+02,625,6.562500e+02,9.583333e+02,1.106969e+00,3.315237e+00,1.243231e+05,3.687560e+00,2.443298e+01,-7.880858e-01,3.218952e+01,-2.743598e+01,-6.880662e+00,-1.825275e+01,-2.210323e+01,-1.649396e+01,-1.212279e+01,5.140718e+00,2.813687e+01,6.833712e+00,-1.759279e+01,-3.109031e+01,-4.318275e+01,-2.509159e-02,-2.125940e-03,-1.787465e-03,-2.485964e-02,-4.463230e-01,-7.047447e-01,-4.900628e-02,-4.062502e-03,-1.697927e-02,-1.536094e-01,-3.290101e-01,-2.279998e-01,-4.364023e-01,-6.116852e-01,-2.333424e+00,-1.389002e+00,-7.208762e-01,-1.356728e+00,-1.095001e+00,-1.801750e+00,-1.485462e+00,-1.023110e+00,-1.260339e+00,-1.440335e+00,-9.682074e-01,-5.029553e-01,-5.315269e-01,-2.975336e-01,-5.958220e-02,-5.799986e-02,-8.323884e-02,-8.488358e-02,-5.174966e-02,-3.970546e-03,-4.740708e-01,-5.041530e-01,-2.812500e+01,-2.291666e+01,-3.645833e+01,-2.177083e+02,3.640819e-02,4.187803e-02,-3.239748e+04,5.307895e-01,6.928039e+00,3.335232e-01,1.930422e-01,4.524907e+00,-2.521533e+00,-7.647173e-01,-9.774370e-01,-3.074600e+00,-5.220168e-01,8.450837e-01,5.217561e+00,1.494212e+00,1.002828e+00,6.747017e+00
fru,3.070000,0,6.742997e-01,0,0,0,1.271748e+00,3.312229e+00,1.290475e-01,7.395833e-02,1.457494e-01,4.992155e-01,8.787591e-01,1.300344e+00,2.315319e+00,5.545477e+00,7.848314e+00,4.266779e+00,4.308900e+00,5.303166e+00,5.667482e+00,7.873851e+00,6.676920e+00,4.516958e+00,4.804691e+00,5.985325e+00,5.041869e+00,2.860343e+00,3.147455e+00,2.133835e+00,1.331075e+00,8.904943e-01,7.087863e-01,6.817486e-01,5.909105e-01,7.941980e-01,1.540618e+00,1.810500e-01,5.416667e+02,5.833333e+02,6.354167e+02,6.875000e+02,1.197639e+00,3.544598e+00,8.935470e+04,4.346888e+00,3.472441e+01,-3.635201e-01,3.289821e+01,-2.069156e+01,-8.888494e+00,-1.936949e+01,-2.129780e+01,-1.998359e+01,-1.311618e+01,2.488761e+00,3.383070e+01,6.380867e+00,-1.454223e+01,-2.332509e+01,0,-6.035447e-03,0,0,0,-4.260910e-01,-8.983535e-01,-4.968797e-02,-1.041673e-04,-1.613913e-02,-1.434978e-01,-2.859012e-01,-2.257959e-01,-3.850517e-01,-9.287016e-01,-2.558830e+00,-1.377731e+00,-1.009290e+00,-1.697556e+00,-1.610626e+00,-2.384807e+00,-1.919533e+00,-1.302325e+00,-1.644036e+00,-1.955470e+00,-1.381374e+00,-6.425354e-01,-8.313290e-01,-4.952327e-01,-1.512072e-01,-1.033763e-01,-8.785076e-02,-8.531592e-02,-6.409194e-02,-6.958218e-02,-7.002764e-01,-3.505721e-01,-2.291666e+01,-1.979166e+01,-2.499999e+01,-1.187500e+02,-1.132328e-01,1.049667e-01,-1.584488e+04,3.210563e-01,4.789989e+00,2.893054e-01,5.291557e-02,3.777709e+00,-1.144632e+00,-7.025331e-01,1.646158e-01,-2.089491e+00,9.633473e-01,-1.706649e+00,5.262943e+00,-1.638428e+00,1.758857e+00,4.926583e+00
fru,3.080000,0,6.888670e-01,0,0,0,9.079530e-01,2.278487e+00,7.920790e-02,7.500000e-02,1.291956e-01,3.559839e-01,6.100190e-01,1.064240e+00,1.952538e+00,4.390682e+00,5.220623e+00,3.020992e+00,3.038077e+00,3.327983e+00,3.703415e+00,5.204581e+00,4.538371e+00,3.013277e+00,2.870742e+00,3.633231e+00,3.305786e+00,2.094904e+00,2.070947e+00,1.466772e+00,1.088460e+00,7.390608e-01,6.214818e-01,5.946128e-01,5.120412e-01,6.726556e-01,7.338323e-01,6.690872e-02,5.312500e+02,5.729167e+02,6.354167e+02,7.083333e+02,8.207462e-01,3.666739e+00,8.590826e+04,4.297479e+00,3.581871e+01,-1.552499e-01,3.284352e+01,-1.911939e+01,-1.133272e+01,-1.987090e+01,-2.307869e+01,-2.354902e+01,-1.202275e+01,6.701500e-01,4.181223e+01,1.292255e+00,-1.256954e+01,-1.912978e+01,0,6.239426e-03,0,0,0,-3.125872e-01,-8.296855e-01,-3.959967e-02,5.416668e-03,-1.645309e-02,-1.211235e-01,-2.193211e-01,-2.205132e-01,-3.846583e-01,-1.107558e+00,-2.200631e+00,-1.079489e+00,-1.000782e+00,-1.514114e+00,-1.527395e+00,-2.151462e+00,-1.763728e+00,-1.178262e+00,-1.441844e+00,-1.741135e+00,-1.327414e+00,-5.971521e-01,-7.979005e-01,-5.026213e-01,-2.044271e-01,-1.265773e-01,-7.321288e-02,-7.959393e-02,-7.258005e-02,-1.218745e-01,-6.268381e-01,-1.501605e-01,-9.375006e+00,1.354167e+01,5.416666e+01,2.916667e+01,-2.289386e-01,1.825364e-01,2.027018e+04,-1.140322e-01,-1.925087e-01,1.857631e-01,-8.160685e-01,1.656185e+00,7.269000e-01,1.123360e-01,2.498233e+00,-1.773668e-01,2.229270e+00,-3.577834e+00,2.679491e+00,-3.711387e+00,1.097633e+00,1.766154e+00
fru,3.090000,0,6.838959e-01,0,0,0,6.667275e-01,1.527015e+00,4.916130e-02,8.645833e-02,1.122029e-01,2.441106e-01,4.310140e-01,8.483715e-01,1.551760e+00,3.114378e+00,3.273988e+00,2.163076e+00,2.066705e+00,2.008052e+00,2.371503e+00,3.346753e+00,2.917624e+00,1.961463e+00,1.671353e+00,2.217904e+00,2.090001e+00,1.542133e+00,1.375189e+00,9.898803e-01,8.265784e-01,5.825948e-01,5.570207e-01,5.126684e-01,4.248840e-01,5.011767e-01,1.837034e-01,1.872099e-02,5.312500e+02,5.729167e+02,6.354167e+02,7.708333e+02,5.510438e-01,3.787279e+00,1.157212e+05,4.291504e+00,3.486968e+01,-4.141855e-02,3.146116e+01,-1.792548e+01,-7.029493e+00,-2.050158e+01,-1.960913e+01,-2.006845e+01,-6.481605e+00,-6.190549e+00,3.997380e+01,-2.700244e+00,-1.016878e+01,-2.007734e+01,3.571855e+01,1.173347e-02,0,0,2.475486e-02,-1.858228e-01,-6.064054e-01,-2.560498e-02,7.812503e-03,-1.575021e-02,-8.576952e-02,-1.428356e-01,-2.049655e-01,-3.851667e-01,-1.071154e+00,-1.590240e+00,-7.574431e-01,-7.713255e-01,-1.037643e+00,-1.079640e+00,-1.503137e+00,-1.282919e+00,-8.391453e-01,-9.409013e-01,-1.149921e+00,-9.460192e-01,-4.240832e-01,-5.570797e-01,-3.659957e-01,-1.864382e-01,-1.113125e-01,-5.125775e-02,-6.560798e-02,-6.623547e-02,-1.345569e-01,-3.655491e-01,-3.883673e-02,6.249994e+00,3.750000e+01,8.749998e+01,1.458333e+02,-2.450353e-01,1.618403e-01,4.094782e+04,-3.895738e-01,-3.615323e+00,8.413336e-02,-1.276677e+00,3.900957e-01,2.049908e+00,1.498271e+00,4.650632e+00,1.834479e+00,2.595741e+00,-3.308461e+00,-1.853409e-01,-3.297601e+00,-3.954872e-01,-1.647812e+00
fru,3.100000,0,6.958256e-01,0,0,0,5.695270e-01,1.093211e+00,3.060655e-02,9.895834e-02,9.491962e-02,1.785077e-01,3.328644e-01,6.480415e-01,1.137673e+00,2.057740e+00,2.099440e+00,1.587418e+00,1.504033e+00,1.367780e+00,1.617613e+00,2.330201e+00,2.003284e+00,1.395645e+00,1.143032e+00,1.556647e+00,1.476657e+00,1.260454e+00,1.032488e+00,7.476112e-01,6.628911e-01,4.903831e-01,5.203081e-01,4.545556e-01,3.631839e-01,3.601084e-01,8.096952e-02,1.637874e-02,5.520833e+02,6.979167e+02,9.270833e+02,1.062500e+03,2.855732e-01,4.106579e+00,2.124908e+05,3.145091e+00,2.339780e+01,-2.032123e-02,2.882771e+01,-2.053809e+01,-4.175663e+00,-1.712503e+01,-1.045640e+01,-1.733836e+01,-4.293728e+00,-8.408795e+00,3.846277e+01,-7.182667e+00,-1.429135e+01,-2.388341e+01,5.352519e+01,2.323942e-02,0,0,4.852135e-02,-7.809620e-02,-3.623282e-01,-1.088143e-02,4.791669e-03,-1.197460e-02,-4.606884e-02,-7.126127e-02,-1.668974e-01,-3.407311e-01,-8.559677e-01,-9.934765e-01,-5.046118e-01,-4.697011e-01,-5.496684e-01,-5.811583e-01,-8.836840e-01,-7.773601e-01,-4.764809e-01,-4.545701e-01,-5.897204e-01,-5.208170e-01,-2.318159e-01,-2.974415e-01,-1.925991e-01,-1.157310e-01,-6.734228e-02,-2.780232e-02,-4.356194e-02,-4.501564e-02,-1.050733e-01,-1.374147e-01,-9.958629e-03,5.208337e+00,3.645832e+01,8.541666e+01,1.427083e+02,-1.360495e-01,1.455318e-01,3.508271e+04,-4.079754e-01,-3.442435e+00,2.886370e-02,-6.258000e-01,2.388153e-01,1.602959e+00,2.562142e+00,4.716490e+00,2.071953e+00,6.226953e-01,-2.916731e+00,-2.190321e+00,-1.206141e+00,7.995834e-02,-2.363335e+00
fru,3.110000,1.785927e+02,7.294877e-01,0,0,1.237743e-01,5.118473e-01,8.728404e-01,2.532322e-02,1.010417e-01,8.413631e-02,1.591060e-01,3.031583e-01,4.836155e-01,7.969179e-01,1.356180e+00,1.457707e+00,1.196351e+00,1.219295e+00,1.095052e+00,1.312183e+00,1.795359e+00,1.529868e+00,1.130047e+00,9.640398e-01,1.274012e+00,1.226338e+00,1.157152e+00,8.812871e-01,6.634372e-01,6.116687e-01,4.582707e-01,5.030844e-01,4.237373e-01,3.341618e-01,2.776873e-01,3.930433e-02,1.213134e-02,5.625000e+02,7.083333e+02,9.270833e+02,1.239583e+03,2.400486e-01,4.133880e+00,2.308025e+05,2.975213e+00,2.285825e+01,-1.031765e-02,2.852273e+01,-1.803173e+01,-2.217480e+00,-1.325107e+01,-4.355785e+00,-1.391652e+01,-4.001989e+00,-9.514071e+00,3.457873e+01,-5.869677e+00,-1.565876e+01,-2.918733e+01,5.338362e+01,2.990254e-02,1.196069e-02,0,5.779152e-02,2.984407e-02,-1.694901e-01,2.362156e-03,-1.354166e-03,-4.919202e-03,-1.007058e-02,-1.623693e-02,-1.016453e-01,-2.295563e-01,-5.310267e-01,-5.239732e-01,-3.009041e-01,-2.176482e-01,-2.004381e-01,-1.919914e-01,-4.323289e-01,-3.848043e-01,-2.058011e-01,-1.415458e-01,-2.431482e-01,-2.198336e-01,-9.145892e-02,-1.316157e-01,-6.699077e-02,-4.329817e-02,-2.117760e-02,-9.468645e-03,-1.874347e-02,-1.694498e-02,-5.117108e-02,3.357803e-02,9.304824e-03,1.041675e+00,-3.125006e+00,-1.041663e+00,8.333334e+01,-3.227234e-02,2.458468e-02,2.984511e+03,-2.042026e-01,-1.659627e+00,-6.527645e-03,1.097670e+00,6.546249e-02,-2.795642e-01,2.689702e+00,8.737558e-01,1.689337e+00,-1.301884e+00,-2.272485e+00,-2.785323e+00,2.571486e+00,1.023259e+00,-7.962217e-01
fru,3.120000,1.783296e+02,7.822682e-01,0,0,1.807196e-01,5.949121e-01,7.939336e-01,3.671981e-02,9.166667e-02,8.335591e-02,1.681420e-01,3.176405e-01,4.121312e-01,6.263040e-01,9.899420e-01,1.161381e+00,9.812949e-01,1.113276e+00,1.036141e+00,1.327284e+00,1.561858e+00,1.345449e+00,1.046581e+00,9.515483e-01,1.156576e+00,1.133532e+00,1.128316e+00,8.306911e-01,6.669978e-01,6.172600e-01,4.645115e-01,5.094383e-01,4.212686e-01,3.323241e-01,2.590338e-01,1.189585e-01,2.041040e-02,5.416667e+02,6.875000e+02,9.166667e+02,1.187500e+03,2.959962e-01,4.221097e+00,2.037812e+05,2.915748e+00,2.461225e+01,-2.648184e-02,3.118373e+01,-1.787219e+01,-5.723928e+00,-1.068544e+01,-7.122910e+00,-1.626521e+01,-1.014908e+01,-1.225174e+01,3.355816e+01,-3.153733e+00,-9.424759e+00,-2.639146e+01,3.538932e+01,1.782938e-02,1.794103e-02,2.885458e-02,5.468426e-02,1.315503e-01,-2.814260e-02,1.431907e-02,-4.895834e-03,5.995602e-03,1.840260e-02,2.303745e-02,-2.901000e-03,-6.196865e-02,-1.815244e-01,-2.020702e-01,-1.081105e-01,-1.941776e-02,4.981655e-02,9.115772e-02,-1.346305e-01,-1.493596e-01,-2.321105e-02,4.699785e-02,-1.782757e-02,-3.889223e-02,-9.022176e-03,-4.278866e-02,2.474934e-03,-7.246137e-04,1.223495e-02,-3.711164e-04,9.005934e-04,7.602623e-03,2.492157e-03,1.658332e-01,2.986634e-02,-8.333331e+00,-4.791667e+01,-8.749998e+01,-3.125012e+00,5.475713e-02,-6.998479e-02,-2.794462e+04,2.253451e-02,-3.468556e-01,-3.489250e-02,3.128818e+00,-4.682289e-01,-1.295207e+00,1.566934e+00,-3.075114e+00,1.651198e+00,-1.555537e+00,-2.831040e+00,-3.718251e+00,6.496137e+00,3.380038e+00,1.233996e+00
fru,3.130000,1.777533e+02,7.901873e-01,5.980343e-02,0,1.985978e-01,8.032553e-01,8.292030e-01,5.791545e-02,8.333334e-02,9.338871e-02,1.989406e-01,3.574413e-01,4.581001e-01,6.596631e-01,9.931436e-01,1.123151e+00,9.616173e-01,1.173842e+00,1.171681e+00,1.556711e+00,1.569280e+00,1.322520e+00,1.106989e+00,1.059366e+00,1.202199e+00,1.162395e+00,1.150908e+00,8.180091e-01,6.952331e-01,6.329031e-01,4.896426e-01,5.151123e-01,4.355945e-01,3.555890e-01,2.958585e-01,3.325991e-01,6.322929e-02,5.416667e+02,5.625000e+02,6.354167e+02,1125,3.844706e-01,3.852943e+00,1.349986e+05,3.385163e+00,2.596432e+01,-7.097647e-02,3.577150e+01,-1.893112e+01,-7.653182e+00,-1.027286e+01,-1.690709e+01,-1.215834e+01,-1.006335e+01,-1.563150e+01,2.849949e+01,8.142721e+00,-7.485781e+00,-2.280443e+01,-3.581487e+01,-4.267311e-03,5.980343e-03,1.442729e-02,-1.922587e-02,1.916134e-01,8.340914e-02,2.005882e-02,-4.375001e-03,1.986829e-02,4.241227e-02,4.906794e-02,1.104676e-01,1.194630e-01,1.278568e-01,5.483484e-03,8.577779e-02,1.546222e-01,2.815968e-01,2.902559e-01,8.423130e-02,-1.535049e-02,1.056948e-01,2.124666e-01,1.860639e-01,8.021686e-02,4.044097e-02,1.763590e-02,4.475754e-02,1.531585e-02,3.512022e-02,2.741492e-03,1.032865e-02,2.246046e-02,3.964167e-02,2.623559e-01,4.677096e-02,-1.250001e+01,-5.104166e+01,-8.854166e+01,-8.333338e+00,7.108370e-02,-6.536105e-02,-2.820610e+04,-6.855690e-02,-2.358382e+00,-5.521755e-02,3.972424e+00,-1.631509e+00,-5.712297e-01,5.854099e-01,-3.613302e+00,2.036524e+00,-2.155653e-01,-2.574077e+00,-4.697957e+00,7.585398e+00,5.005368e+00,1.285475e+00
fru,3.140000,1.773663e+02,7.546228e-01,5.980343e-02,1.442729e-01,2.360096e-01,1.081574e+00,9.743165e-01,8.590579e-02,8.333334e-02,1.202714e-01,2.506034e-01,4.209101e-01,6.462942e-01,8.964576e-01,1.331637e+00,1.256367e+00,1.164232e+00,1.429671e+00,1.578548e+00,1.951138e+00,1.770088e+00,1.360160e+00,1.291118e+00,1.330358e+00,1.503415e+00,1.314167e+00,1.218465e+00,8.501834e-01,7.440879e-01,6.486508e-01,5.358719e-01,5.124385e-01,4.531300e-01,3.904834e-01,3.634835e-01,7.634882e-01,1.401615e-01,5.208333e+02,5.312500e+02,6.354167e+02,1.104167e+03,4.871478e-01,3.897123e+00,1.206697e+05,3.052789e+00,2.011049e+01,-1.644543e-01,4.084742e+01,-2.242954e+01,-7.933847e+00,-1.077947e+01,-1.955631e+01,-9.961461e+00,-9.040734e+00,-1.950528e+01,2.291113e+01,1.829182e+01,-1.477645e+00,-2.090489e+01,-2.160501e+01,-2.236598e-02,-5.980343e-03,0,-4.955829e-02,1.378918e-01,1.471823e-01,1.555617e-02,-3.750001e-03,3.589605e-02,6.809131e-02,6.804021e-02,1.939957e-01,2.262293e-01,2.955592e-01,1.089366e-01,2.314897e-01,2.607100e-01,4.284942e-01,3.547001e-01,1.858400e-01,3.323257e-02,1.661016e-01,3.531238e-01,3.228283e-01,1.336292e-01,5.413114e-02,7.067020e-02,7.569812e-02,2.195014e-02,5.074279e-02,4.136252e-03,9.677720e-03,2.334736e-02,4.948755e-02,2.384553e-01,3.615293e-02,-3.437501e+01,-5.729167e+01,-8.229167e+01,-2.604166e+01,8.027361e-02,-5.726447e-02,-2.212916e+04,-4.033441e-02,-1.567148e+00,-4.972065e-02,3.510027e+00,-1.140350e-01,1.875318e+00,3.619377e-01,6.914683e-02,2.206104e+00,2.659994e+00,-3.566312e-01,-5.499545e+00,3.768630e+00,4.631801e+00,-5.945467e-01
fru,3.150000,0,7.219739e-01,0,0,0,1.226583e+00,1.199695e+00,1.010243e-01,8.333334e-02,1.650200e-01,3.299366e-01,4.968632e-01,9.188722e-01,1.259156e+00,1.824617e+00,1.437631e+00,1.533771e+00,1.834208e+00,2.231832e+00,2.451536e+00,2.112401e+00,1.445759e+00,1.536252e+00,1.836968e+00,2.030911e+00,1.537105e+00,1.314282e+00,9.597204e-01,8.486798e-01,6.725526e-01,5.981916e-01,5.152918e-01,4.594499e-01,4.173844e-01,4.236707e-01,1.028819e+00,1.861106e-01,5.104167e+02,5.312500e+02,625,1.239583e+03,4.998913e-01,3.969062e+00,1.313278e+05,2.563908e+00,1.331722e+01,-2.174191e-01,4.355301e+01,-2.391060e+01,-3.968669e+00,-1.027701e+01,-1.620559e+01,-6.885783e+00,-5.633988e+00,-1.875769e+01,1.641246e+01,2.133454e+01,5.394527e+00,-2.550324e+01,-5.650464e+00,-2.083618e-02,-1.794103e-02,-1.442729e-02,-5.365241e-02,-1.402879e-03,1.316725e-01,3.484772e-03,-7.083335e-03,5.148650e-02,9.041759e-02,7.872005e-02,2.097640e-01,2.030226e-01,2.416661e-01,9.593712e-02,2.368859e-01,2.222915e-01,3.794799e-01,2.319548e-01,1.269722e-01,1.739728e-02,1.303946e-01,3.752610e-01,2.900313e-01,9.046406e-02,1.681085e-02,1.083267e-01,8.840421e-02,2.396490e-02,5.419365e-02,1.142219e-02,4.845083e-03,1.080821e-02,3.256162e-02,7.866701e-02,-4.340596e-04,-6.979167e+01,-6.354166e+01,-6.041668e+01,-8.333333e+01,5.206025e-02,-4.065824e-02,-1.450506e+04,1.858749e-01,3.734621e+00,-1.441718e-02,1.999023e+00,3.137249e+00,4.436280e+00,1.865023e+00,4.140798e+00,7.763091e-01,3.429255e+00,1.624232e+00,-3.977973e+00,-1.925755e+00,3.392187e+00,-1.075481e+00
fru,3.160000,1.591812e+02,7.045450e-01,0,0,3.222705e-02,1.072708e+00,1.344599e+00,9.294620e-02,7.291666e-02,2.270205e-01,4.431005e-01,5.881305e-01,1.151724e+00,1.457704e+00,2.052001e+00,1.548823e+00,1.852667e+00,2.086643e+00,2.648536e+00,2.653372e+00,2.219498e+00,1.449992e+00,1.662457e+00,2.328366e+00,2.356361e+00,1.614324e+00,1.317284e+00,1.113186e+00,9.687651e-01,7.071860e-01,6.639510e-01,5.300298e-01,4.577295e-01,4.181632e-01,4.425655e-01,9.631250e-01,1.397344e-01,3.854167e+02,4.166667e+02,5.104167e+02,1000,6.396539e-01,3.876716e+00,9.497074e+04,3.124703e+00,2.310007e+01,-2.018638e-01,4.484311e+01,-1.595263e+01,1.810407e+00,-8.873676e+00,-7.127927e+00,-7.870976e+00,9.362097e-01,-1.247180e+01,1.210395e+01,9.093509e+00,7.294092e+00,-2.801478e+01,1.307061e+01,-8.395100e-03,-1.196069e-02,-2.885458e-02,-3.753380e-02,-1.518359e-01,3.184376e-02,-1.001474e-02,-1.218750e-02,5.956000e-02,9.801807e-02,7.243637e-02,1.382734e-01,4.658448e-02,1.083255e-04,-9.944463e-03,8.123127e-02,2.618417e-02,9.205039e-02,-6.309555e-02,-7.988010e-02,-4.539367e-02,3.779113e-03,2.040969e-01,6.100507e-02,-3.433648e-02,-6.114040e-02,9.546719e-02,6.087037e-02,1.841906e-02,4.228229e-02,2.132001e-02,1.481402e-03,-5.317417e-03,3.877449e-03,-1.315936e-01,-3.948473e-02,-9.791666e+01,-9.375000e+01,-9.583334e+01,-1.583333e+02,4.912007e-03,-1.659023e-01,-1.843565e+04,7.736842e-01,1.414460e+01,3.024741e-02,2.304840e-02,6.681438e+00,5.692365e+00,3.546035e+00,5.556649e+00,2.404372e-01,4.207480e+00,2.829068e+00,-1.602552e+00,-5.705303e+00,-4.995278e-01,-1.069225e-01
fru,3.170000,1.585936e+02,7.110453e-01,0,0,3.222705e-02,8.006744e-01,1.302424e+00,7.181910e-02,5.312500e-02,2.974467e-01,5.547800e-01,6.674313e-01,1.254206e+00,1.394153e+00,1.841292e+00,1.456609e+00,1.801829e+00,1.956813e+00,2.534086e+00,2.365368e+00,1.979436e+00,1.364591e+00,1.573293e+00,2.436667e+00,2.225883e+00,1.464637e+00,1.185553e+00,1.228141e+00,1.024916e+00,7.234600e-01,6.965714e-01,5.634276e-01,4.575202e-01,3.957902e-01,4.191256e-01,6.261158e-01,6.127252e-02,2.604167e+02,3.020833e+02,3.958333e+02,7.604167e+02,5.685188e-01,3.659856e+00,7.532277e+04,4.278580e+00,4.314264e+01,-1.243576e-01,4.376876e+01,-6.483330e+00,9.656091e+00,-1.900639e+00,-2.417295e+00,-9.322038e+00,2.094450e+00,-1.102708e+01,1.401321e+01,3.113103e+00,5.089286e+00,-2.462688e+01,3.452702e+01,5.573994e-03,0,0,6.445409e-03,-2.064682e-01,-9.695268e-02,-1.640565e-02,-1.395833e-02,5.335724e-02,7.678212e-02,4.299362e-02,2.054637e-02,-1.415738e-01,-2.584838e-01,-1.430037e-01,-1.535103e-01,-2.191274e-01,-2.771568e-01,-3.767754e-01,-3.072793e-01,-1.209694e-01,-1.453202e-01,-1.015041e-01,-2.246931e-01,-1.628733e-01,-1.341553e-01,2.562579e-02,-2.357441e-03,4.931277e-03,2.352227e-02,2.761687e-02,2.373066e-03,-1.317702e-02,-1.655819e-02,-2.336154e-01,-5.008063e-02,-9.375000e+01,-9.062499e+01,-9.270833e+01,-1.843750e+02,-7.068225e-02,-2.072225e-01,-1.686420e+04,1.114121e+00,1.965281e+01,5.061079e-02,-1.525973e+00,7.367645e+00,4.878110e+00,3.882321e+00,4.026093e+00,-3.313460e-01,2.966771e+00,2.026486e+00,8.599000e-01,-4.745683e+00,-2.849715e+00,2.061656e+00
fru,3.180000,1.634226e+02,7.181116e-01,0,0,3.222705e-02,5.353492e-01,1.082171e+00,5.043470e-02,3.750000e-02,3.518581e-01,6.282720e-01,6.978080e-01,1.169994e+00,1.061881e+00,1.323841e+00,1.197156e+00,1.436359e+00,1.499289e+00,1.887673e+00,1.678744e+00,1.437169e+00,1.173776e+00,1.291494e+00,2.050993e+00,1.710955e+00,1.178719e+00,9.771277e-01,1.193309e+00,9.603219e-01,7.152924e-01,6.980935e-01,5.949706e-01,4.615018e-01,3.746934e-01,3.851433e-01,3.068719e-01,5.156866e-03,1.562500e+02,1.770833e+02,2.708333e+02,5.520833e+02,4.773941e-01,3.222215e+00,5.649393e+04,6.063874e+00,7.592078e+01,-5.974801e-02,4.085478e+01,2.264017e+00,1.371560e+01,2.762522e+00,1.332787e+00,-7.541148e+00,8.132450e+00,-9.225245e+00,1.609800e+01,-1.123982e+00,-3.822663e+00,-2.187768e+01,4.921785e+00,1.896954e-02,0,0,2.666977e-02,-1.578095e-01,-1.725279e-01,-1.422966e-02,-1.010417e-02,3.088587e-02,2.981666e-02,-4.563117e-03,-8.651242e-02,-2.471559e-01,-3.759656e-01,-2.323790e-01,-3.097007e-01,-3.481091e-01,-4.901841e-01,-5.118695e-01,-4.051236e-01,-1.649513e-01,-2.292565e-01,-3.429032e-01,-3.701066e-01,-2.070841e-01,-1.493307e-01,-5.114748e-02,-5.256819e-02,-6.692737e-03,1.830059e-02,3.382777e-02,1.021572e-02,-5.856740e-03,-1.731133e-02,-2.125839e-01,-3.305873e-02,-5.625000e+01,-5.416666e+01,-5.937500e+01,-1.052083e+02,-1.246313e-01,-1.468294e-01,8.858898e+02,9.654194e-01,1.595788e+01,4.469626e-02,-2.723379e+00,5.027228e+00,2.650187e+00,1.999832e+00,2.682328e+00,1.131721e+00,2.566490e+00,-3.758619e-01,2.092098e-01,-2.662503e+00,-1.737454e+00,2.576214e+00
fru,3.190000,1.705144e+02,7.430606e-01,0,0,3.222705e-02,4.629211e-01,8.461456e-01,4.025180e-02,3.125000e-02,3.693874e-01,6.212614e-01,6.569926e-01,1.012469e+00,7.491981e-01,8.962782e-01,8.984466e-01,9.743732e-01,1.032248e+00,1.226480e+00,1.054972e+00,9.671682e-01,9.790201e-01,9.951332e-01,1.468134e+00,1.230148e+00,9.405410e-01,8.135836e-01,1.047788e+00,8.411142e-01,6.931558e-01,6.987317e-01,6.209057e-01,4.694290e-01,3.732342e-01,3.695908e-01,1.888684e-01,2.996210e-03,1.562500e+02,1.979167e+02,2.812500e+02,5.416667e+02,2.276099e-01,3.260200e+00,6.624521e+04,6.664930e+00,8.517091e+01,-3.542304e-02,3.791731e+01,3.819306e+00,1.446929e+01,3.316493e+00,-3.054825e-01,-8.707427e+00,5.601748e+00,-1.024854e+01,1.871494e+01,2.714872e+00,-3.295670e+00,-1.826351e+01,5.572227e+00,2.846740e-02,3.360243e-02,0,9.079568e-02,-4.050586e-02,-1.577130e-01,-5.389276e-03,-2.499999e-03,5.037189e-04,-2.036585e-02,-4.558021e-02,-1.322829e-01,-2.333413e-01,-3.225727e-01,-2.250356e-01,-2.883500e-01,-2.796620e-01,-4.425344e-01,-4.263625e-01,-3.467324e-01,-1.648718e-01,-2.055363e-01,-3.696895e-01,-3.221808e-01,-1.611875e-01,-9.774920e-02,-7.640285e-02,-5.293986e-02,-2.713239e-03,3.714884e-02,4.058039e-02,2.471949e-02,1.261910e-02,-1.972914e-05,-9.790285e-02,-5.530746e-04,-8.333331e+00,8.333334e+00,2.291666e+01,3.125000e+00,-7.567111e-02,6.375172e-02,1.439052e+04,1.096041e-01,1.474271e+00,1.724905e-02,-2.005323e+00,1.378196e+00,-1.076362e+00,-1.272162e+00,7.912678e-01,2.910988e+00,2.717490e+00,-1.777042e+00,-3.404713e+00,-1.744867e+00,1.654650e+00,2.730886e+00
fru,3.200000,1.778297e+02,7.833850e-01,0,0,1.655759e-01,4.525367e-01,7.100990e-01,3.758156e-02,3.333334e-02,3.454795e-01,5.589431e-01,5.705343e-01,8.400300e-01,5.444022e-01,6.446801e-01,6.660097e-01,7.178917e-01,8.083802e-01,8.514190e-01,7.492220e-01,7.000136e-01,8.180208e-01,8.052544e-01,1.098117e+00,1.003694e+00,8.409511e-01,7.566156e-01,9.476255e-01,7.978248e-01,6.888744e-01,7.543738e-01,6.704296e-01,5.028537e-01,4.001575e-01,3.807762e-01,1.188294e-01,3.578899e-03,1.562500e+02,1.979167e+02,2.708333e+02,5.833333e+02,1.869518e-01,3.342397e+00,1.039390e+05,6.758626e+00,8.187531e+01,-2.284977e-02,3.415195e+01,4.032194e+00,1.265474e+01,-1.483084e+00,5.227808e+00,-2.519678e+00,1.201501e+01,-1.474038e+01,1.079914e+01,-4.019891e+00,2.799299e+00,-1.831540e+01,4.170537e+00,3.172049e-02,4.538625e-02,2.017798e-02,1.162333e-01,9.916440e-02,-6.898759e-02,7.511257e-03,5.937500e-03,-2.329842e-02,-4.826732e-02,-5.617248e-02,-1.065352e-01,-1.251322e-01,-1.654194e-01,-1.307118e-01,-1.152866e-01,-2.859752e-02,-1.613523e-01,-2.059359e-01,-1.927393e-01,-1.209175e-01,-8.276580e-02,-1.738400e-01,-1.525113e-01,-7.196468e-02,-3.798747e-03,-2.951859e-02,-1.041101e-02,1.564367e-02,6.014561e-02,4.518383e-02,4.052534e-02,2.833348e-02,2.166616e-02,4.509575e-02,5.051992e-02,4.375000e+01,7.395833e+01,1.104167e+02,9.270834e+01,2.247628e-02,2.469586e-01,1.984753e+04,-8.824822e-01,-1.357979e+01,-2.257882e-02,3.524067e-01,-2.696919e+00,-4.297586e+00,-3.598172e+00,-1.359635e+00,4.365740e+00,3.322765e+00,-2.572444e+00,-6.871094e+00,-1.525052e+00,6.178804e+00,3.079163e+00
fru,3.210000,1.792511e+02,8.207455e-01,1.680122e-01,0,4.195310e-01,6.395513e-01,6.998947e-01,5.129929e-02,4.270833e-02,3.031546e-01,4.876152e-01,5.031671e-01,7.577735e-01,4.861862e-01,5.680087e-01,5.970041e-01,7.193131e-01,9.039575e-01,8.395417e-01,6.983169e-01,6.143520e-01,7.181091e-01,7.887314e-01,1.064658e+00,9.686092e-01,8.275830e-01,8.070626e-01,9.689685e-01,8.414648e-01,7.231028e-01,8.541754e-01,7.286001e-01,5.604417e-01,4.461536e-01,4.212106e-01,2.306228e-01,5.929613e-02,2.187500e+02,3.333333e+02,5.104167e+02,7.604167e+02,3.353844e-01,3.918523e+00,1.235528e+05,4.479225e+00,4.753673e+01,-5.656148e-02,3.709357e+01,-4.764365e-01,4.804706e+00,-6.138647e+00,-4.084670e-01,2.722168e+00,1.374062e+01,-1.715471e+01,-3.609206e-01,-4.163277e+00,1.005155e+01,-1.275359e+01,2.221106e+00,2.575232e-02,3.653149e-02,2.879487e-02,7.505350e-02,2.225166e-01,4.975285e-02,2.115124e-02,1.343750e-02,-3.148364e-02,-4.206481e-02,-3.169792e-02,-4.171079e-02,6.732315e-03,1.106060e-02,2.525161e-02,1.539419e-01,3.352135e-01,2.579348e-01,3.107717e-02,-4.186630e-02,-5.055336e-02,1.015926e-01,1.522847e-01,2.135633e-02,7.823003e-03,1.017293e-01,4.766157e-02,2.849601e-02,3.790686e-02,5.860115e-02,3.618306e-02,4.609279e-02,3.330395e-02,3.870665e-02,1.581628e-01,1.430121e-01,8.333333e+01,1.197917e+02,1.812500e+02,1.385417e+02,1.276329e-01,3.125851e-01,1.144346e+04,-1.542604e+00,-2.091897e+01,-7.008225e-02,3.095080e+00,-5.811131e+00,-6.722169e+00,-4.006011e+00,-4.002280e+00,5.227173e+00,3.493104e+00,-1.172263e+00,-7.861809e+00,-8.620526e-01,7.124524e+00,2.854976e+00
fru,3.220000,1.799069e+02,8.378716e-01,1.429252e-01,1.008899e-01,4.197417e-01,9.428561e-01,8.103581e-01,8.246724e-02,6.145833e-02,2.684824e-01,4.537585e-01,4.938583e-01,7.646661e-01,5.677264e-01,6.608790e-01,6.943182e-01,9.874563e-01,1.420447e+00,1.274381e+00,8.273923e-01,6.498809e-01,6.996441e-01,9.808655e-01,1.383531e+00,1.079169e+00,8.753741e-01,9.613945e-01,1.085126e+00,9.080915e-01,7.785372e-01,9.210997e-01,7.670426e-01,6.186222e-01,4.799011e-01,4.676643e-01,5.114735e-01,2.296065e-01,3.437500e+02,4.791667e+02,7.083333e+02,9.062500e+02,5.358883e-01,4.127846e+00,1.270778e+05,2.744316e+00,2.683895e+01,-1.620729e-01,4.302868e+01,-9.072706e+00,-2.940044e+00,-1.050077e+01,-5.413896e+00,8.572753e+00,2.067684e+01,-1.863437e+01,-8.719540e+00,-5.310167e+00,2.039775e+01,-9.236824e+00,7.244675e-01,1.424277e-02,1.923529e-03,2.268142e-02,-3.029946e-02,3.065215e-01,1.695590e-01,3.103046e-02,1.770833e-02,-2.644388e-02,-1.750220e-02,6.900799e-03,2.930772e-02,1.289611e-01,1.836534e-01,2.215474e-01,4.450606e-01,6.949269e-01,7.356601e-01,2.738008e-01,8.964232e-02,4.249191e-02,3.249411e-01,5.239390e-01,1.651742e-01,6.450056e-02,2.087303e-01,1.097382e-01,3.306713e-02,4.919548e-02,1.701765e-02,7.270092e-03,3.103596e-02,2.632493e-02,3.959058e-02,2.021555e-01,3.031328e-01,1.135417e+02,1.552083e+02,2.041667e+02,1.458333e+02,1.349218e-01,2.608060e-01,2.225140e+03,-1.524519e+00,-1.898254e+01,-1.159279e-01,4.472239e+00,-8.495563e+00,-6.346352e+00,-2.795251e+00,-5.377665e+00,3.875051e+00,1.519730e+00,3.375562e-01,-4.416698e+00,5.665614e-01,6.431298e+00,1.351118e-01
fru,3.230000,1.805813e+02,8.445789e-01,1.111948e-01,9.352941e-02,2.804116e-01,1.330344e+00,1.044780e+00,1.235652e-01,8.437500e-02,2.504677e-01,4.635297e-01,5.368410e-01,8.415966e-01,7.711976e-01,9.434817e-01,1.010550e+00,1.609300e+00,2.402282e+00,2.304673e+00,1.171273e+00,7.829030e-01,7.854416e-01,1.415290e+00,2.086850e+00,1.299193e+00,9.624445e-01,1.219841e+00,1.217346e+00,9.284609e-01,8.378587e-01,9.083745e-01,7.535145e-01,6.420087e-01,4.998821e-01,5.196801e-01,7.833602e-01,6.050428e-01,4.791667e+02,6.562500e+02,9.687500e+02,1.072917e+03,6.913061e-01,4.430400e+00,1.118931e+05,9.590671e-01,8.094230e+00,-3.162228e-01,4.895434e+01,-1.868390e+01,-1.134417e+01,-1.220472e+01,-1.499603e+01,1.188222e+01,1.873635e+01,-1.416285e+01,-1.083476e+01,-9.502528e-01,2.352773e+01,-8.527922e+00,2.537674e-01,3.690261e-03,-4.111244e-02,3.601749e-03,-9.912491e-02,3.150469e-01,2.660356e-01,3.237402e-02,1.833333e-02,-1.832647e-02,2.699456e-03,3.127732e-02,6.665688e-02,1.946585e-01,2.943924e-01,3.954584e-01,6.741781e-01,8.705248e-01,1.095127e+00,5.785616e-01,2.267989e-01,1.489029e-01,5.311397e-01,8.735884e-01,2.967309e-01,1.146541e-01,3.036166e-01,1.676103e-01,3.096742e-02,4.853692e-02,-3.515243e-02,-2.418684e-02,5.638796e-03,1.715835e-02,2.571556e-02,1.305277e-01,4.698908e-01,1.125000e+02,1.562500e+02,1.687500e+02,1.208333e+02,9.243675e-02,1.161643e-01,2.666172e+03,-9.160848e-01,-1.032923e+01,-1.353641e-01,3.023034e+00,-9.158589e+00,-3.924575e+00,-9.013173e-01,-3.291960e+00,2.648914e+00,-1.596904e+00,1.556072e+00,-3.137418e-01,1.139798e+00,3.456899e+00,-4.664020e+00
fru,3.240000,1.807870e+02,8.426822e-01,3.802631e-02,6.664240e-02,8.363830e-02,1.639748e+00,1.385451e+00,1.566009e-01,1.010417e-01,2.396035e-01,4.834749e-01,5.882013e-01,9.446570e-01,1.046702e+00,1.375210e+00,1.566974e+00,2.498201e+00,3.533852e+00,3.797153e+00,1.881748e+00,1.063950e+00,9.968141e-01,2.116681e+00,3.206716e+00,1.664273e+00,1.096023e+00,1.593878e+00,1.372128e+00,9.196624e-01,8.774739e-01,8.123625e-01,6.943229e-01,6.172500e-01,5.049179e-01,5.294943e-01,8.532383e-01,1.246370e+00,5.937500e+02,8.125000e+02,1.062500e+03,1.156250e+03,6.835999e-01,4.390488e+00,1.208945e+05,8.961100e-01,6.683849e+00,-4.726589e-01,5.058275e+01,-2.934189e+01,-1.100258e+01,-1.242630e+01,-1.436674e+01,1.227555e+01,1.711579e+01,-1.454853e+01,-6.047431e+00,-2.793596e+00,2.821770e+01,-1.975267e+01,-3.186523e-01,-4.209048e-03,-3.565843e-02,-2.330189e-02,-7.761130e-02,2.684346e-01,3.146462e-01,2.489756e-02,1.677083e-02,-1.438112e-02,4.873759e-03,3.013466e-02,6.460869e-02,1.792280e-01,2.908838e-01,4.808083e-01,7.368786e-01,7.284883e-01,1.120586e+00,9.375855e-01,4.085405e-01,2.594215e-01,6.460463e-01,1.087644e+00,4.229774e-01,1.685108e-01,3.745016e-01,2.522172e-01,6.309342e-02,4.595278e-02,-6.300198e-02,-4.416610e-02,-1.736678e-02,1.233945e-02,4.398459e-03,3.546751e-03,5.428345e-01,9.062500e+01,1.479167e+02,1.312500e+02,1.062500e+02,5.196831e-02,6.087370e-02,1.044828e+04,-4.299209e-01,-4.608631e+00,-1.170652e-01,1.052085e+00,-8.781824e+00,-4.299937e-01,5.717400e-01,-3.602579e-01,1.299053e+00,-5.215889e+00,2.535427e+00,2.981484e+00,1.213675e+00,-6.933317e-01,-8.045372e+00
fru,3.250000,1.800800e+02,8.367915e-01,1.489941e-02,3.513250e-02,9.195817e-02,1.866340e+00,1.742527e+00,1.761025e-01,1.145833e-01,2.259617e-01,4.862543e-01,6.123822e-01,1.001062e+00,1.219991e+00,1.682805e+00,2.137968e+00,3.334831e+00,4.199879e+00,5.053792e+00,3.063947e+00,1.541312e+00,1.314039e+00,2.876522e+00,4.521008e+00,2.159711e+00,1.290529e+00,2.008904e+00,1.663519e+00,9.905165e-01,9.163191e-01,7.327818e-01,6.440257e-01,5.893218e-01,5.194370e-01,5.188733e-01,7.123787e-01,1.900369e+00,6.562500e+02,9.479167e+02,1.177083e+03,1.239583e+03,7.237123e-01,4.368023e+00,1.399753e+05,8.229038e-01,5.968127e+00,-5.780892e-01,4.843170e+01,-3.613479e+01,-1.078690e+01,-9.682465e+00,-1.239185e+01,1.411534e+01,7.536621e+00,-1.141728e+01,-3.265684e+00,2.774288e-01,2.342607e+01,-3.081577e+01,-1.473329e+00,-1.202481e-02,-2.216076e-02,-2.148820e-02,-3.531782e-02,1.963167e-01,2.986403e-01,1.360425e-02,1.333333e-02,-1.395821e-02,-5.251652e-03,1.265905e-02,3.265207e-02,9.275763e-02,1.650786e-01,4.215156e-01,5.769273e-01,3.103021e-01,7.164754e-01,1.160736e+00,6.489193e-01,3.736720e-01,6.067744e-01,1.043720e+00,5.373454e-01,2.254240e-01,4.078232e-01,3.740184e-01,1.498928e-01,5.124588e-02,-4.892867e-02,-4.475505e-02,-2.656024e-02,8.380895e-03,-1.221581e-02,-7.304478e-02,4.408970e-01,5.729166e+01,9.062500e+01,9.479166e+01,9.062502e+01,4.110079e-02,2.225199e-02,2.239283e+04,-9.239109e-02,-9.493771e-01,-7.778477e-02,-6.336937e-01,-6.957364e+00,2.695255e+00,1.368888e+00,2.116451e+00,1.421778e-01,-6.832152e+00,3.928315e+00,4.168966e+00,6.657724e-01,-4.897850e+00,-7.772877e+00
fru,3.260000,1.785643e+02,8.207200e-01,1.278073e-02,1.357892e-02,1.259119e-01,2.017031e+00,2.034716e+00,1.806863e-01,1.302083e-01,2.088298e-01,4.667650e-01,6.067610e-01,1.007977e+00,1.239470e+00,1.745637e+00,2.534651e+00,3.809084e+00,4.164090e+00,5.502751e+00,4.568983e+00,2.313379e+00,1.732453e+00,3.480481e+00,5.604674e+00,2.763797e+00,1.553886e+00,2.439371e+00,2.123125e+00,1.192531e+00,9.690709e-01,6.938861e-01,6.009565e-01,5.581318e-01,5.318209e-01,4.900599e-01,5.646980e-01,2.296116e+00,7.083333e+02,1.072917e+03,1.260417e+03,1.354167e+03,7.795267e-01,4.463403e+00,1.652781e+05,6.627929e-01,4.858843e+00,-6.164658e-01,4.855043e+01,-4.425637e+01,-5.368645e+00,-8.903193e+00,-8.517277e+00,1.395146e+01,1.972607e-01,-7.330029e+00,2.403342e+00,1.443691e-01,1.698191e+01,-3.831976e+01,-2.790993e+00,-1.641557e-02,-6.305200e-03,-1.377774e-02,-3.276616e-05,1.187935e-01,2.300013e-01,2.853998e-03,8.437498e-03,-1.198359e-02,-1.295018e-02,-2.615708e-03,-3.771239e-03,-4.431903e-03,1.139057e-03,2.478389e-01,2.645802e-01,-1.552754e-01,6.627035e-02,1.004272e+00,8.536769e-01,4.995763e-01,4.369363e-01,7.201672e-01,6.096953e-01,2.719149e-01,4.072551e-01,5.011367e-01,2.729431e-01,7.160396e-02,1.375449e-03,-3.267413e-02,-2.314140e-02,5.421943e-03,-8.925128e-03,-5.711984e-02,1.359030e-01,1.562499e+01,9.375000e+00,8.124998e+01,1.187500e+02,5.854609e-02,8.042364e-02,3.868811e+04,-3.837833e-02,-7.052044e-01,-1.857749e-02,-1.346691e+00,-4.142962e+00,4.632209e+00,1.246196e+00,1.574301e+00,-1.355917e+00,-6.484322e+00,6.255557e+00,3.858159e+00,2.290556e-01,-6.982843e+00,-3.782567e+00
fru,3.270000,1.743260e+02,7.954360e-01,1.301378e-02,1.262017e-02,8.268568e-02,2.123286e+00,2.213349e+00,1.795437e-01,1.364583e-01,1.960635e-01,4.456264e-01,5.908564e-01,9.731972e-01,1.138602e+00,1.583661e+00,2.634290e+00,3.838495e+00,3.638674e+00,5.034252e+00,5.631334e+00,3.402785e+00,2.285982e+00,3.767262e+00,6.106473e+00,3.436158e+00,1.860633e+00,2.836210e+00,2.711939e+00,1.541491e+00,1.048290e+00,7.229694e-01,5.764225e-01,5.387666e-01,5.283351e-01,4.783182e-01,5.624065e-01,2.284655e+00,7.083333e+02,9.791667e+02,1.343750e+03,1.427083e+03,8.488466e-01,4.505203e+00,2.016655e+05,6.137702e-01,4.259848e+00,-6.332431e-01,4.680204e+01,-4.601348e+01,-6.848605e-01,-7.121836e+00,-7.338506e+00,1.175516e+01,-6.965144e+00,1.869467e+00,5.784681e+00,9.096271e-01,4.656371e+00,-3.810876e+01,-3.809776e+00,-1.630099e-02,-3.422755e-04,-4.707811e-03,1.386444e-02,1.129959e-02,1.309192e-01,-7.423299e-03,8.333325e-04,-6.238925e-03,-1.139256e-02,-6.612563e-03,-2.435686e-02,-4.655384e-02,-9.629185e-02,3.930140e-02,-9.025101e-02,-4.668099e-01,-5.236467e-01,3.935848e-01,8.132235e-01,5.942000e-01,2.407058e-01,2.428070e-01,5.912179e-01,2.872942e-01,3.760025e-01,5.759436e-01,3.780744e-01,9.769186e-02,6.117120e-02,-1.807767e-02,-9.129047e-03,7.822936e-03,4.220155e-03,1.946307e-02,-2.290029e-01,-25,-8.333334e+01,1.041665e+01,1.406250e+02,6.455141e-02,9.240685e-02,5.645490e+04,1.009839e-01,-3.620552e-01,4.310480e-02,-1.867063e+00,-4.678001e-01,6.395246e+00,9.321173e-01,-1.000100e+00,-3.850044e+00,-4.138893e+00,6.833449e+00,3.554293e+00,-1.324049e+00,-4.081804e+00,4.185135e-01
fru,3.280000,1.697090e+02,7.812821e-01,7.443129e-03,9.009876e-03,8.811072e-02,2.105242e+00,2.300046e+00,1.691503e-01,1.322917e-01,1.946347e-01,4.390379e-01,5.858857e-01,9.397334e-01,1.065237e+00,1.430477e+00,2.558007e+00,3.569270e+00,3.038078e+00,4.138276e+00,5.619417e+00,4.401597e+00,3.008724e+00,3.855992e+00,6.014819e+00,4.074526e+00,2.170546e+00,3.216500e+00,3.353601e+00,2.008891e+00,1.169508e+00,8.241460e-01,5.647539e-01,5.268205e-01,5.275785e-01,5.051463e-01,6.426252e-01,1.733741e+00,6.458333e+02,8.437500e+02,1.385417e+03,1.656250e+03,9.137632e-01,4.724017e+00,2.834900e+05,8.087851e-01,4.011967e+00,-5.379694e-01,4.466413e+01,-4.511736e+01,7.107443e+00,-7.475639e+00,-9.021901e+00,6.676056e+00,-8.054935e+00,1.008588e+01,8.718183e+00,-1.964417e+00,2.688342e+00,-3.501901e+01,-3.725160e+00,-9.479856e-03,2.739175e-03,1.672989e-03,4.182079e-02,-1.028612e-01,2.443118e-02,-1.505917e-02,-6.666667e-03,6.574139e-04,-4.883620e-03,-2.867842e-03,-2.686797e-02,-2.090687e-02,-1.030038e-01,-1.483053e-01,-3.927945e-01,-5.830787e-01,-8.556326e-01,-4.228798e-01,4.020867e-01,5.591322e-01,1.016482e-01,-2.068584e-01,4.387264e-01,2.589943e-01,3.077944e-01,5.898363e-01,4.429369e-01,1.241495e-01,1.174639e-01,-1.438940e-03,1.567189e-02,2.348274e-02,2.214834e-02,9.008853e-02,-5.007727e-01,-6.458333e+01,-1.375000e+02,-9.687500e+01,1.552083e+02,2.688400e-02,4.888301e-02,7.417253e+04,2.977452e-01,2.778696e-01,9.458114e-02,-2.607111e+00,3.271467e+00,7.838304e+00,-3.992619e-02,-4.050607e+00,-5.622316e+00,-2.695935e+00,6.464676e+00,1.286143e+00,-2.055987e+00,8.851593e-01,4.289014e+00
fru,3.290000,1.654587e+02,7.750055e-01,1.585683e-02,1.387797e-02,1.801810e-01,1.878733e+00,2.264458e+00,1.447540e-01,1.177083e-01,2.018646e-01,4.431550e-01,5.897570e-01,9.133997e-01,1.074338e+00,1.358925e+00,2.322797e+00,3.003483e+00,2.428836e+00,3.117797e+00,4.506654e+00,4.563321e+00,3.646903e+00,3.892296e+00,5.529970e+00,4.460436e+00,2.418670e+00,3.500352e+00,3.927999e+00,2.472708e+00,1.304560e+00,9.735079e-01,5.717387e-01,5.593322e-01,5.606729e-01,5.324309e-01,7.707305e-01,1.036541e+00,5.625000e+02,6.458333e+02,1.166667e+03,1.791667e+03,9.793510e-01,4.699751e+00,3.631439e+05,1.254827e+00,4.581289e+00,-4.018134e-01,4.103954e+01,-3.804330e+01,1.495129e+01,-5.735655e+00,-1.714004e+01,-1.497174e+00,-9.031747e+00,1.404202e+01,1.134836e+01,-5.288425e+00,1.016384e+01,-3.037358e+01,-2.505048e+00,-1.648408e-03,5.238499e-03,2.699018e-03,7.932647e-02,-1.684908e-01,-6.806459e-02,-1.762520e-02,-9.062501e-03,4.444262e-03,-2.564329e-03,3.264666e-04,-1.407000e-02,4.799783e-02,-5.603664e-02,-2.864612e-01,-5.899868e-01,-5.693654e-01,-9.098423e-01,-1.015133e+00,-2.448527e-01,3.193155e-01,4.940195e-02,-4.945377e-01,1.666232e-01,2.006700e-01,2.045321e-01,5.514338e-01,4.586292e-01,1.457380e-01,1.464878e-01,1.056122e-02,3.693698e-02,4.225568e-02,2.781546e-02,1.642650e-01,-5.359567e-01,-7.499998e+01,-1.291667e+02,-2.062500e+02,1.333333e+02,-4.678110e-02,-4.520764e-02,7.421729e+04,4.126667e-01,7.790310e-01,1.037646e-01,-2.485389e+00,4.785819e+00,8.942590e+00,-1.531013e+00,-5.663477e+00,-6.327113e+00,-2.418015e+00,4.382172e+00,-1.311700e+00,-1.577783e+00,5.645569e+00,6.093646e+00
fru,3.300000,1.643721e+02,7.835360e-01,2.505509e-02,2.131497e-02,2.862682e-01,1.625002e+00,2.131318e+00,1.227853e-01,1.062500e-01,2.092163e-01,4.435825e-01,5.929715e-01,9.035355e-01,1.167068e+00,1.342986e+00,1.948871e+00,2.262618e+00,1.853615e+00,2.182816e+00,3.016924e+00,3.743545e+00,3.847654e+00,3.926205e+00,4.858634e+00,4.445290e+00,2.569839e+00,3.646272e+00,4.464277e+00,2.941607e+00,1.461684e+00,1.155936e+00,5.961037e-01,6.262085e-01,6.330657e-01,5.737453e-01,9.109786e-01,4.163091e-01,4.583333e+02,5.520833e+02,8.645833e+02,1.947917e+03,8.486945e-01,4.610544e+00,4.554015e+05,1.830990e+00,6.087471e+00,-2.592750e-01,3.839612e+01,-3.188413e+01,2.600480e+01,-9.795915e+00,-2.386955e+01,-7.533952e+00,-1.224911e+01,1.890707e+01,6.052217e+00,-7.036538e+00,1.865398e+01,-2.074228e+01,-1.147578e+00,2.121717e-03,5.275173e-03,1.041189e-03,7.600828e-02,-1.445741e-01,-1.249319e-01,-1.323349e-02,-8.229166e-03,3.534207e-03,-7.163739e-03,9.984970e-05,9.843111e-03,1.115410e-01,-1.874891e-02,-3.685138e-01,-6.441504e-01,-4.940028e-01,-7.893366e-01,-1.147669e+00,-7.569480e-01,-7.530077e-02,3.523536e-02,-5.842729e-01,-1.276887e-01,1.396798e-01,8.921323e-02,4.939037e-01,4.587532e-01,1.714450e-01,1.394234e-01,1.530622e-02,3.830738e-02,4.020778e-02,1.907020e-02,2.063204e-01,-3.647263e-01,-6.562500e+01,-9.166666e+01,-2.302083e+02,8.854167e+01,-1.183809e-01,-1.282123e-01,6.748096e+04,3.719609e-01,8.836457e-01,6.600629e-02,-1.802932e+00,4.142467e+00,9.153421e+00,-3.306068e+00,-4.548125e+00,-5.459170e+00,-3.393953e+00,2.382741e+00,-4.515501e+00,4.186907e-01,6.354085e+00,6.044541e+00
fru,3.310000,1.644692e+02,7.860670e-01,3.040030e-02,1.996271e-02,3.802392e-01,1.520952e+00,1.957390e+00,1.146002e-01,1.041667e-01,2.109940e-01,4.305324e-01,5.889458e-01,9.209461e-01,1.327676e+00,1.347224e+00,1.506552e+00,1.541887e+00,1.384078e+00,1.462770e+00,1.856916e+00,2.507548e+00,3.463095e+00,3.979165e+00,4.211878e+00,4.083892e+00,2.664336e+00,3.643985e+00,4.913770e+00,3.368279e+00,1.630892e+00,1.289513e+00,6.135536e-01,6.737576e-01,6.868699e-01,5.830960e-01,1.249555e+00,2.635872e-01,4.270833e+02,4.791667e+02,5.729167e+02,1.947917e+03,6.474755e-01,4.335901e+00,4.867962e+05,2.166001e+00,7.117251e+00,-2.537673e-01,3.750909e+01,-2.870100e+01,3.457941e+01,-1.361676e+01,-2.823207e+01,-1.277541e+01,-1.695813e+01,1.936973e+01,5.591628e-01,-4.443229e+00,2.490140e+01,-1.477890e+01,-3.754120e-01,1.730043e-03,1.091930e-03,-2.145125e-03,3.839378e-02,-8.506268e-02,-1.338017e-01,-6.975478e-03,-6.250001e-03,5.148783e-04,-1.329640e-02,5.457461e-04,4.133616e-02,1.281190e-01,-1.602921e-02,-3.762034e-01,-5.455707e-01,-3.781208e-01,-5.786981e-01,-8.890839e-01,-8.708245e-01,-4.350850e-01,1.034985e-02,-5.130776e-01,-3.288036e-01,1.003210e-01,-1.562932e-02,3.991683e-01,4.544725e-01,2.061630e-01,1.026797e-01,1.186808e-02,1.245528e-02,9.306436e-03,4.278129e-03,1.684567e-01,-1.632129e-01,-5.520834e+01,-5.208332e+01,-1.645833e+02,5.729168e+01,-1.244614e-01,-1.256052e-01,4.923170e+04,2.223506e-01,5.814053e-01,2.525694e-02,-8.746662e-01,2.416311e+00,7.781702e+00,-3.174254e+00,-1.439780e+00,-3.414661e+00,-3.402483e+00,2.528068e-01,-6.382509e+00,2.126601e+00,3.969376e+00,3.475522e+00
fru,3.320000,1.644659e+02,7.863600e-01,2.654726e-02,1.117345e-02,3.681230e-01,1.561262e+00,1.828920e+00,1.180598e-01,9.791666e-02,2.077410e-01,4.095305e-01,5.867906e-01,9.851758e-01,1.496273e+00,1.342584e+00,1.123561e+00,1.079316e+00,1.090443e+00,1.019106e+00,1.205941e+00,1.644744e+00,2.724124e+00,3.988734e+00,3.752500e+00,3.624355e+00,2.746112e+00,3.590750e+00,5.330235e+00,3.854872e+00,1.863567e+00,1.363260e+00,6.203775e-01,6.611447e-01,6.655189e-01,5.751647e-01,1.434815e+00,2.965868e-01,3.854167e+02,4.687500e+02,5.312500e+02,2.020833e+03,4.877963e-01,4.264880e+00,5.590686e+05,2.213003e+00,7.162215e+00,-2.819610e-01,3.741469e+01,-2.907617e+01,4.306049e+01,-2.006542e+01,-2.621651e+01,-1.498068e+01,-2.106151e+01,1.933573e+01,-8.464725e+00,-2.935616e-01,2.708999e+01,-1.259364e+01,-6.232880e-01,-2.860344e-03,-2.722680e-03,-3.566280e-03,-1.735948e-02,-7.099777e-02,-1.195329e-01,-4.138008e-03,-7.812500e-03,-9.029597e-04,-1.381940e-02,6.308711e-03,6.896432e-02,7.580489e-02,-4.652312e-02,-3.220708e-01,-3.654421e-01,-2.564940e-01,-3.597775e-01,-5.036499e-01,-6.570506e-01,-6.100049e-01,-7.683825e-02,-3.770642e-01,-4.069026e-01,6.015978e-02,-1.157025e-01,1.942068e-01,3.803408e-01,2.212336e-01,4.681871e-02,7.454723e-03,-1.802897e-02,-3.008465e-02,-8.791620e-03,5.233485e-02,-4.485187e-02,-5.416668e+01,-4.062499e+01,-8.958334e+01,-7.187500e+01,-8.462292e-02,-1.131113e-01,1.145303e+04,1.912970e-01,1.038296e+00,7.860988e-03,-3.771919e-01,2.240614e+00,5.046434e+00,-6.906331e-01,1.609350e+00,-7.852175e-01,-2.622706e+00,-2.602081e+00,-6.192257e+00,2.491524e+00,1.719539e+00,-1.508969e-01
fru,3.330000,1.635348e+02,7.822437e-01,2.057040e-02,8.223106e-03,3.312225e-01,1.485289e+00,1.746648e+00,1.122394e-01,9.062500e-02,2.051767e-01,3.936990e-01,5.955762e-01,1.079260e+00,1.550330e+00,1.278980e+00,8.544350e-01,8.672803e-01,9.198179e-01,8.061609e-01,9.667266e-01,1.258599e+00,2.033243e+00,3.912781e+00,3.517649e+00,3.226886e+00,2.832139e+00,3.449966e+00,5.490861e+00,4.288438e+00,2.134433e+00,1.383244e+00,6.189422e-01,6.041405e-01,5.909784e-01,5.531119e-01,1.351096e+00,2.803380e-01,3.229167e+02,4.270833e+02,5.104167e+02,2.041667e+03,5.374932e-01,4.244557e+00,5.574688e+05,2.175574e+00,6.950943e+00,-2.641857e-01,3.715692e+01,-2.736572e+01,4.533195e+01,-1.647217e+01,-2.316545e+01,-1.484712e+01,-2.163796e+01,1.509172e+01,-1.330572e+01,1.973091e+00,2.579271e+01,-1.707029e+01,-1.371881e+00,-8.834148e-03,-4.670545e-03,-2.077824e-03,-6.711505e-02,-1.064532e-01,-1.153617e-01,-5.436377e-03,-1.093750e-02,9.927272e-04,-6.503317e-03,1.809709e-02,7.930216e-02,-3.398665e-02,-1.004150e-01,-2.387839e-01,-1.962218e-01,-1.623193e-01,-1.853901e-01,-1.989080e-01,-3.655474e-01,-5.741917e-01,-2.379040e-01,-2.844753e-01,-4.159971e-01,-1.511476e-02,-2.262026e-01,-1.369118e-01,1.866715e-01,1.784832e-01,-1.030563e-02,8.911222e-03,-2.931132e-02,-4.635923e-02,-7.013798e-03,-7.406887e-02,-4.417262e-02,-6.250000e+01,-4.062500e+01,-4.583334e+01,-2.375000e+02,-5.301516e-02,-1.136019e-01,-4.031450e+04,3.292443e-01,2.380879e+00,1.839367e-02,-1.989365e-02,3.068964e+00,1.750791e+00,2.620125e+00,3.637866e+00,1.997706e+00,-1.555786e+00,-4.497031e+00,-5.077436e+00,1.253987e+00,-3.947180e-01,-2.358718e+00
fru,3.340000,1.617229e+02,7.711459e-01,1.635664e-02,9.353368e-03,2.239792e-01,1.287845e+00,1.639025e+00,1.032757e-01,7.395833e-02,2.076102e-01,3.929022e-01,6.211998e-01,1.169200e+00,1.434765e+00,1.144492e+00,6.645758e-01,7.727110e-01,8.032756e-01,7.122329e-01,9.437690e-01,1.082766e+00,1.512555e+00,3.575207e+00,3.320427e+00,2.839280e+00,2.786736e+00,3.164768e+00,5.146765e+00,4.383231e+00,2.316081e+00,1.343164e+00,6.306830e-01,5.708722e-01,5.305882e-01,5.447792e-01,1.121882e+00,1.836743e-01,2.395833e+02,375,4.479167e+02,1.541667e+03,4.805710e-01,4.090660e+00,4.773303e+05,2.782689e+00,1.136210e+01,-2.147608e-01,3.668625e+01,-2.134869e+01,4.586070e+01,-1.182138e+01,-1.835611e+01,-1.042418e+01,-2.302273e+01,8.035672e+00,-1.797663e+01,2.212924e+00,2.680602e+01,-2.035107e+01,-2.677388e+00,-1.391451e-02,-3.216819e-03,-4.348064e-04,-8.196504e-02,-1.539126e-01,-1.404128e-01,-7.987602e-03,-1.166667e-02,4.837006e-03,3.394994e-03,2.857957e-02,5.840801e-02,-1.491824e-01,-1.523405e-01,-1.608336e-01,-9.977832e-02,-1.088037e-01,-7.552280e-02,-3.503679e-02,-1.853121e-01,-4.296522e-01,-4.274109e-01,-3.005480e-01,-4.289894e-01,-1.353149e-01,-3.522097e-01,-5.380689e-01,-1.395508e-01,5.366921e-02,-6.441345e-02,1.826704e-02,-1.418800e-02,-2.858678e-02,7.853669e-03,-1.358275e-01,-6.623906e-02,-5.520833e+01,-4.791667e+01,-5.208333e+01,-4.104167e+02,-4.180061e-02,-1.665545e-01,-9.639512e+04,5.743099e-01,4.795711e+00,2.912462e-02,3.034237e-01,4.301793e+00,-1.892656e+00,5.095899e+00,4.100429e+00,3.545426e+00,-1.462746e-02,-5.124066e+00,-2.148794e+00,-1.224588e-01,-2.196689e+00,-2.793328e+00
fru,3.350000,1.589813e+02,7.495033e-01,1.214289e-02,1.048363e-02,1.167359e-01,1.125395e+00,1.475530e+00,9.481040e-02,6.145833e-02,2.160230e-01,4.063300e-01,6.622266e-01,1.225445e+00,1.188497e+00,9.441950e-01,5.421252e-01,7.140809e-01,7.160653e-01,6.892567e-01,9.934618e-01,9.608000e-01,1.197920e+00,2.996409e+00,3.005538e+00,2.396444e+00,2.568450e+00,2.725962e+00,4.320946e+00,4.037457e+00,2.297051e+00,1.248033e+00,6.529570e-01,5.723372e-01,5.225391e-01,5.632198e-01,1.035677e+00,9.918035e-02,1.875000e+02,3.229167e+02,3.854167e+02,1000,3.860123e-01,3.855001e+00,3.260928e+05,3.527379e+00,1.692170e+01,-1.953990e-01,3.777385e+01,-1.721992e+01,4.193326e+01,-4.638162e+00,-1.397294e+01,-5.065125e+00,-2.375645e+01,2.534602e+00,-2.007207e+01,5.734652e-01,2.306980e+01,-2.269377e+01,-3.898337e+00,-1.661945e-02,7.168781e-04,5.999484e-04,-5.853745e-02,-1.667900e-01,-1.766448e-01,-9.963779e-03,-1.031250e-02,7.388429e-03,7.834810e-03,2.684871e-02,6.196856e-03,-2.141372e-01,-1.768906e-01,-9.840918e-02,-6.287292e-02,-7.832595e-02,-1.922951e-02,7.580292e-03,-1.084311e-01,-2.865911e-01,-5.663404e-01,-3.977068e-01,-4.518905e-01,-2.645438e-01,-4.449639e-01,-8.351199e-01,-4.738231e-01,-1.171539e-01,-1.057958e-01,2.713728e-02,7.319099e-03,-1.997566e-03,2.115303e-02,-1.611206e-01,-6.199696e-02,-3.750000e+01,-4.687500e+01,-4.895833e+01,-4.197917e+02,-5.561435e-02,-1.837761e-01,-1.125128e+05,7.179177e-01,6.961477e+00,3.280351e-02,8.712357e-01,4.036978e+00,-3.846702e+00,4.894878e+00,4.152979e+00,3.744062e+00,1.518330e+00,-4.056935e+00,1.217693e+00,-9.590107e-01,-3.787302e+00,-1.488545e+00
fru,3.360000,1.533557e+02,7.331576e-01,1.467692e-02,7.869157e-03,6.554106e-02,9.716459e-01,1.262415e+00,8.683630e-02,5.416666e-02,2.265029e-01,4.201900e-01,6.963632e-01,1.204124e+00,9.312775e-01,7.482739e-01,4.755476e-01,6.570239e-01,6.483005e-01,6.999442e-01,1.017390e+00,8.670828e-01,9.935246e-01,2.309865e+00,2.505816e+00,1.894629e+00,2.201381e+00,2.191703e+00,3.224848e+00,3.282608e+00,2.050604e+00,1.108799e+00,6.947053e-01,6.061063e-01,5.568047e-01,6.093791e-01,9.133870e-01,5.597037e-02,1.770833e+02,2.812500e+02,3.333333e+02,4.895833e+02,3.545337e-01,3.626885e+00,192781,4.408650e+00,2.615539e+01,-1.707312e-01,3.862334e+01,-1.264011e+01,3.529655e+01,-5.029338e-01,-1.031062e+01,-2.144547e+00,-2.007540e+01,-6.040573e-03,-1.582552e+01,-2.060424e-01,1.746800e+01,-2.374854e+01,-4.678978e+00,-1.499632e-02,2.784542e-03,2.595355e-03,-1.971626e-03,-1.647731e-01,-1.975571e-01,-1.255675e-02,-7.291666e-03,6.163353e-03,1.682189e-03,3.025311e-03,-7.145613e-02,-2.151548e-01,-1.667175e-01,-5.171712e-02,-5.052529e-02,-5.860823e-02,-8.304894e-04,-1.970698e-02,-6.675108e-02,-1.786186e-01,-5.874026e-01,-4.886436e-01,-4.449601e-01,-3.503357e-01,-4.729564e-01,-9.220459e-01,-6.818687e-01,-2.628853e-01,-1.227586e-01,2.572458e-02,1.412910e-02,7.622355e-03,1.911203e-02,-1.992536e-01,-4.082341e-02,-2.083333e+01,-4.583333e+01,-4.166666e+01,-2.677083e+02,-3.707982e-02,-1.695582e-01,-9.215715e+04,6.272551e-01,7.205544e+00,3.816932e-02,8.746147e-01,3.015431e+00,-4.815514e+00,4.298873e+00,4.035367e+00,2.553961e+00,3.215266e+00,-1.176523e+00,4.858058e+00,-5.680404e-01,-4.655555e+00,3.988920e-01
fru,3.370000,1.482267e+02,7.181406e-01,2.499465e-02,1.196495e-02,1.177543e-01,8.094385e-01,1.051729e+00,7.064019e-02,4.895834e-02,2.326725e-01,4.192292e-01,6.922381e-01,1.092783e+00,7.313876e-01,5.926363e-01,4.569032e-01,6.107593e-01,6.056758e-01,7.161577e-01,9.678178e-01,8.242854e-01,8.598029e-01,1.713749e+00,1.936420e+00,1.439759e+00,1.802097e+00,1.711679e+00,2.276221e+00,2.469634e+00,1.681402e+00,9.714484e-01,7.226174e-01,6.231189e-01,5.678824e-01,6.265771e-01,6.497404e-01,3.420523e-02,1.666667e+02,2.395833e+02,3.229167e+02,4.687500e+02,3.224401e-01,3.557564e+00,1.371797e+05,4.952182e+00,3.436168e+01,-1.221830e-01,4.054455e+01,-1.153512e+01,3.138051e+01,2.342999e+00,-6.423300e+00,-2.666267e-01,-1.551997e+01,-1.172096e+00,-8.292806e+00,-1.612479e+00,1.152521e+01,-2.281428e+01,-4.127493e+00,-1.231457e-02,3.252635e-03,4.546400e-03,4.273650e-02,-1.547523e-01,-1.926679e-01,-1.402956e-02,-5.833333e-03,1.169231e-03,-1.242048e-02,-3.749451e-02,-1.472945e-01,-1.754074e-01,-1.321817e-01,-2.815991e-02,-4.643371e-02,-5.012317e-02,-1.531850e-02,-6.810804e-02,-3.933228e-02,-1.087156e-01,-5.069637e-01,-5.062251e-01,-3.870364e-01,-3.729769e-01,-4.255560e-01,-8.024784e-01,-7.059845e-01,-3.284308e-01,-1.166217e-01,1.126842e-02,3.970492e-03,-8.024770e-03,-4.486036e-03,-2.227657e-01,-2.278958e-02,-1.354167e+01,-4.062500e+01,-3.541666e+01,-1.187500e+02,-3.988564e-02,-1.393778e-01,-5.325605e+04,4.946284e-01,6.634371e+00,4.184270e-02,4.909641e-01,1.925922e+00,-3.180836e+00,3.112626e+00,3.895634e+00,1.009255e+00,3.352513e+00,1.130278e+00,6.881989e+00,-5.465633e-01,-3.699278e+00,1.561565e+00
fru,3.380000,1.437053e+02,7.118456e-01,2.385347e-02,2.158948e-02,2.136118e-01,6.219573e-01,8.631394e-01,5.257704e-02,4.375000e-02,2.301022e-01,3.948636e-01,6.213207e-01,8.782504e-01,5.875451e-01,4.866838e-01,4.486011e-01,5.717453e-01,5.654293e-01,6.946299e-01,8.580561e-01,8.172681e-01,7.885211e-01,1.279523e+00,1.411768e+00,1.092822e+00,1.418234e+00,1.307128e+00,1.558899e+00,1.757798e+00,1.309479e+00,8.676634e-01,7.244757e-01,6.161268e-01,5.460284e-01,6.086608e-01,3.185826e-01,1.204483e-02,1.458333e+02,1.875000e+02,2.708333e+02,4.687500e+02,3.269580e-01,3.391587e+00,1.110012e+05,5.206563e+00,3.866983e+01,-6.052225e-02,3.967397e+01,-9.113936e+00,2.705950e+01,6.182407e+00,-1.954090e+00,-5.362590e-02,-1.106464e+01,4.006406e+00,4.240305e-01,4.656938e-01,9.300534e+00,-1.829636e+01,-3.117691e+01,-1.032584e-02,-3.053070e-03,-1.347800e-04,7.546574e-04,-1.315600e-01,-1.657071e-01,-1.345663e-02,-4.270833e-03,-5.567049e-03,-2.743223e-02,-7.612055e-02,-1.916177e-01,-1.319318e-01,-9.667458e-02,-2.680633e-02,-4.659858e-02,-5.256103e-02,-4.712592e-02,-9.996764e-02,-2.642672e-02,-5.999475e-02,-3.789379e-01,-4.373855e-01,-2.922165e-01,-3.364599e-01,-3.291530e-01,-5.732110e-01,-5.762380e-01,-3.032394e-01,-9.603886e-02,-1.297035e-02,-1.561058e-02,-3.229431e-02,-3.580350e-02,-1.974769e-01,-1.277614e-02,-1.354167e+01,-3.229166e+01,-3.125000e+01,-2.395833e+01,-4.313917e-02,-1.089141e-01,-1.722104e+04,2.193354e-01,3.299046e+00,3.688134e-02,-3.331150e-01,9.102417e-01,-1.135265e+00,2.594643e+00,3.740733e+00,5.130508e-01,1.909261e+00,2.674223e+00,6.456609e+00,6.348671e-02,-2.828154e+00,1.041702e+00
fru,3.390000,1.431690e+02,6.985865e-01,2.381778e-02,2.635547e-02,2.563830e-01,5.264779e-01,7.118278e-01,4.179224e-02,3.750000e-02,2.200695e-01,3.568908e-01,5.122753e-01,6.519091e-01,4.833257e-01,4.140816e-01,4.147989e-01,5.245516e-01,5.068851e-01,6.153213e-01,7.325883e-01,7.890460e-01,7.568443e-01,9.767614e-01,1.021436e+00,8.621648e-01,1.095139e+00,1.040470e+00,1.141528e+00,1.269940e+00,1.025460e+00,7.854922e-01,6.944140e-01,5.871794e-01,4.878035e-01,5.411488e-01,2.192505e-01,7.195229e-03,1.354167e+02,1.666667e+02,2.395833e+02,4.166667e+02,2.003719e-01,3.275761e+00,1.007025e+05,5.601565e+00,4.383633e+01,-4.129003e-02,3.970335e+01,-9.353398e+00,3.014760e+01,7.582296e+00,1.326967e+00,-1.064309e+00,-1.149927e+01,6.179769e+00,6.213099e+00,-2.495220e+00,8.657141e+00,-1.761204e+01,-4.401587e+01,-1.456821e-01,-7.384276e-03,-4.551939e-03,-4.491205e-02,-9.640034e-02,-1.290739e-01,-1.039056e-02,-1.145833e-03,-1.181605e-02,-3.718443e-02,-9.331554e-02,-1.866392e-01,-1.011765e-01,-7.076911e-02,-3.543773e-02,-4.898654e-02,-6.016798e-02,-7.555883e-02,-9.944034e-02,-2.805654e-02,-3.439916e-02,-2.593170e-01,-3.205385e-01,-1.936281e-01,-2.624264e-01,-2.246788e-01,-3.529020e-01,-3.943855e-01,-2.244003e-01,-7.401116e-02,-3.281792e-02,-3.151163e-02,-4.622823e-02,-5.612862e-02,-1.278645e-01,-6.636026e-03,-1.041667e+01,-1.979167e+01,-2.187500e+01,-1.770833e+01,-4.825589e-02,-5.338101e-02,3.849746e+03,-2.857099e-02,-3.803295e-01,2.403189e-02,-7.623924e-01,3.949728e-02,5.375139e-01,1.442329e+00,2.857444e+00,5.767265e-01,1.074950e+00,1.906562e+00,4.305203e+00,5.843824e-01,-2.773980e+00,-8.703388e-01
fru,3.400000,0,6.913055e-01,0,0,0,4.553261e-01,6.038303e-01,3.397712e-02,3.854167e-02,2.049691e-01,3.141980e-01,4.057418e-01,4.664722e-01,3.956493e-01,3.541784e-01,3.625682e-01,4.671348e-01,4.348907e-01,5.147328e-01,6.351660e-01,7.525690e-01,7.450301e-01,7.836698e-01,7.763801e-01,7.223431e-01,8.725609e-01,8.815432e-01,9.261392e-01,1.001265e+00,8.623784e-01,7.215824e-01,6.439553e-01,5.460232e-01,4.353726e-01,4.730758e-01,1.412473e-01,5.594687e-03,125,1.562500e+02,2.187500e+02,3.958333e+02,1.998719e-01,3.223216e+00,1.249144e+05,5.180635e+00,3.791330e+01,-2.677100e-02,3.737837e+01,-9.179768e+00,3.023668e+01,9.850631e+00,4.517907e+00,8.195480e-01,-1.253945e+01,9.689141e+00,9.204576e+00,5.527614e-01,4.761267e+00,-2.114115e+01,-4.305796e+01,-7.756299e-02,-7.152473e-03,-6.953443e-03,-6.836067e-02,-6.490538e-02,-9.190854e-02,-7.700724e-03,3.333334e-03,-1.682661e-02,-4.017328e-02,-8.428717e-02,-1.417021e-01,-8.106732e-02,-5.616920e-02,-3.659214e-02,-4.877769e-02,-5.946801e-02,-8.224150e-02,-7.668162e-02,-3.465837e-02,-3.393454e-02,-1.679885e-01,-1.971987e-01,-1.124758e-01,-1.737387e-01,-1.317735e-01,-1.906251e-01,-2.319082e-01,-1.396169e-01,-5.441806e-02,-4.324152e-02,-4.317316e-02,-4.835572e-02,-6.252878e-02,-6.608859e-02,-2.081477e-03,-5.208333e+00,-7.291667e+00,-4.166669e+00,0,-4.683141e-02,2.662613e-02,1.757431e+04,-2.788342e-01,-4.044953e+00,1.246318e-02,-6.389621e-01,-9.013651e-01,1.079989e+00,1.437201e-01,1.640679e+00,8.698949e-01,1.792340e+00,3.904939e-02,1.150978e+00,4.897379e-01,-3.318678e+00,-1.460402e+00
fru,3.410000,0,0,0,0,0,4.107524e-01,5.360139e-01,2.798734e-02,4.583333e-02,1.861588e-01,2.736398e-01,3.334498e-01,3.654760e-01,3.214530e-01,3.050435e-01,3.227310e-01,4.181318e-01,3.701052e-01,4.283122e-01,5.820611e-01,7.163523e-01,7.095526e-01,6.650907e-01,6.514218e-01,6.568585e-01,7.628021e-01,8.010778e-01,8.280901e-01,8.759735e-01,7.829509e-01,6.744331e-01,5.987880e-01,5.006126e-01,3.920691e-01,4.137264e-01,9.908551e-02,4.250173e-03,125,1.562500e+02,2.395833e+02,4.166667e+02,1.447037e-01,3.374845e+00,1.494718e+05,4.822291e+00,3.283830e+01,-1.889918e-02,3.788039e+01,-1.130472e+01,3.247949e+01,7.720534e+00,4.627923e+00,2.180419e+00,-9.407819e+00,5.519344e+00,8.842938e+00,1.265899e+00,-7.506031e-02,-2.574358e+01,-2.863380e+01,-4.781240e-03,-4.763557e-03,-5.271093e-03,-5.127661e-02,-5.011339e-02,-6.203570e-02,-6.445187e-03,6.354168e-03,-2.127812e-02,-3.917200e-02,-6.207503e-02,-8.859025e-02,-6.452413e-02,-4.637610e-02,-2.522245e-02,-4.152320e-02,-4.548626e-02,-6.677134e-02,-5.174134e-02,-4.038064e-02,-4.224539e-02,-1.039821e-01,-1.013262e-01,-5.582421e-02,-1.011515e-01,-7.110376e-02,-1.051900e-01,-1.313933e-01,-8.062391e-02,-3.541926e-02,-4.118451e-02,-4.936639e-02,-4.351387e-02,-5.746334e-02,-4.665520e-02,-1.257021e-03,2.083331e+00,6.250000e+00,1.145833e+01,3.645834e+01,-3.131918e-02,1.096822e-01,2.188147e+04,-4.107835e-01,-5.770165e+00,8.726129e-03,-3.672176e-01,-1.387158e+00,3.256451e-01,-1.072705e+00,4.108483e-01,-5.547405e-01,2.602661e+00,-1.544550e+00,-1.024204e+00,-7.017165e-01,-3.018491e+00,-3.739071e-01
fru,3.420000,0,6.733239e-01,0,0,0,3.552931e-01,4.915036e-01,2.097587e-02,5.625000e-02,1.629245e-01,2.356227e-01,2.892976e-01,3.129566e-01,2.631449e-01,2.603569e-01,3.116743e-01,3.810668e-01,3.364792e-01,3.769270e-01,5.499116e-01,6.803231e-01,6.424943e-01,5.954164e-01,6.107819e-01,6.330964e-01,7.157094e-01,7.679565e-01,7.624922e-01,7.952401e-01,7.326490e-01,6.511027e-01,5.560811e-01,4.435445e-01,3.521170e-01,3.597280e-01,4.822214e-02,3.109979e-03,125,1.562500e+02,250,4.687500e+02,1.206350e-01,3.475177e+00,1.744880e+05,4.202029e+00,2.394408e+01,-9.401789e-03,3.739064e+01,-1.264510e+01,3.129350e+01,6.831888e+00,4.598825e+00,2.673485e+00,-3.148663e+00,4.531866e+00,4.864000e+00,1.033824e+00,-2.926755e+00,-2.153260e+01,3.253901e+01,7.164791e-02,0,0,0,-3.429714e-02,-3.941648e-02,-5.256073e-03,8.541668e-03,-2.469738e-02,-3.583466e-02,-4.111874e-02,-4.601986e-02,-4.491719e-02,-3.532572e-02,-7.998621e-03,-2.685012e-02,-2.621271e-02,-4.249432e-02,-3.583418e-02,-5.269592e-02,-3.949427e-02,-5.981764e-02,-4.192083e-02,-2.289804e-02,-5.980774e-02,-3.353743e-02,-6.401875e-02,-8.608441e-02,-4.402287e-02,-7.466727e-03,-2.025017e-02,-4.213606e-02,-3.465221e-02,-4.872236e-02,-3.068155e-02,-9.655497e-04,8.333333e+00,2.500000e+01,4.375000e+01,9.791666e+01,-2.931690e-02,1.932219e-01,3.758611e+04,-3.483670e-01,-4.503780e+00,5.755586e-03,-1.048845e+00,-5.380195e-01,-8.737758e-01,-2.257815e+00,-7.000596e-01,-3.194987e+00,3.175870e+00,-2.152061e+00,-8.838403e-01,-2.667514e+00,-1.437645e+00,1.569890e+00
fru,3.430000,0,6.836711e-01,0,0,0,3.259274e-01,4.578126e-01,1.606693e-02,6.041667e-02,1.347012e-01,2.003185e-01,2.601223e-01,2.857156e-01,2.269572e-01,2.291119e-01,3.141336e-01,3.599696e-01,3.286595e-01,3.503675e-01,5.165088e-01,6.232657e-01,5.968853e-01,5.509775e-01,5.976044e-01,6.276671e-01,6.678073e-01,7.417443e-01,6.974015e-01,7.159855e-01,6.872047e-01,6.436357e-01,5.324285e-01,3.915868e-01,3.118619e-01,3.105060e-01,3.248707e-02,2.152478e-03,1.458333e+02,1.979167e+02,2.812500e+02,5.625000e+02,8.339448e-02,3.698192e+00,1.853230e+05,4.036951e+00,2.197011e+01,-6.343991e-03,3.786113e+01,-1.455652e+01,3.124742e+01,3.728141e+00,3.340749e+00,-4.764980e+00,-3.181357e+00,1.035658e+00,3.262364e+00,-6.244334e+00,-2.591303e+00,-1.928585e+01,4.918157e+01,1.500644e-01,0,0,5.418915e-02,-1.168818e-02,-1.509906e-02,-3.473732e-03,1.031250e-02,-2.551498e-02,-3.043867e-02,-2.741947e-02,-2.228208e-02,-2.233525e-02,-2.133707e-02,3.024125e-03,-1.030541e-02,-1.281428e-02,-1.819872e-02,-2.471417e-02,-6.256162e-02,-1.588983e-02,-2.359283e-02,-1.502640e-02,-8.836890e-03,-4.116062e-02,-7.471555e-03,-3.030331e-02,-5.542123e-02,6.765532e-03,5.664961e-02,4.798520e-02,2.743602e-05,-4.431647e-03,-2.697172e-02,-1.810151e-02,-5.343666e-04,1.145833e+01,3.333334e+01,5.416667e+01,1.739583e+02,-1.303453e-02,2.212694e-01,1.166161e+05,-2.956744e-01,-3.409502e+00,3.414901e-03,-3.339413e+00,1.999605e+00,-2.541290e+00,-1.921781e+00,3.063776e-01,-5.606142e+00,2.173508e+00,-2.665562e+00,7.480761e-01,-2.898160e+00,4.499230e-01,2.084775e+00
fru,3.440000,1.626950e+02,7.077096e-01,0,0,0,3.262529e-01,4.458486e-01,1.365696e-02,7.395834e-02,1.072110e-01,1.716854e-01,2.368119e-01,2.762531e-01,2.183112e-01,2.155156e-01,3.268738e-01,3.619653e-01,3.245499e-01,3.412335e-01,4.887713e-01,5.356326e-01,6.038924e-01,5.416382e-01,5.936847e-01,6.224486e-01,6.210196e-01,7.435228e-01,6.713898e-01,6.508371e-01,6.901372e-01,6.996474e-01,5.758842e-01,3.898558e-01,3.022151e-01,2.810742e-01,2.113878e-02,1.815786e-03,1.562500e+02,2.604167e+02,4.166667e+02,8.125000e+02,8.394203e-02,4.027652e+00,2.949193e+05,3.831470e+00,2.082849e+01,-4.270667e-03,3.214377e+01,-1.024396e+01,2.648384e+01,5.577547e-01,1.661196e+00,-1.168269e+01,2.266693e-01,1.170678e+00,7.575661e+00,-9.029693e+00,-1.168839e+00,-1.652056e+01,5.028704e+01,1.982004e-02,0,0,8.993999e-02,1.942421e-02,2.515987e-02,-7.097460e-05,9.270832e-03,-2.112925e-02,-2.075515e-02,-1.692650e-02,-6.432018e-03,2.043620e-04,-4.744631e-03,7.327971e-03,6.119269e-03,-8.861497e-03,3.757900e-03,-1.089506e-02,-6.029772e-02,1.609818e-02,1.534564e-02,-1.998973e-03,1.293898e-04,-1.564572e-02,2.059420e-02,2.216169e-02,3.894770e-03,1.108613e-01,1.957071e-01,2.151456e-01,1.125498e-01,7.219212e-02,1.975385e-02,-1.193486e-04,-8.721952e-06,6.250000e+00,2.187500e+01,3.958334e+01,1.635417e+02,1.945185e-03,1.455373e-01,1.699452e+05,-6.868041e-02,-7.352676e-01,6.134934e-05,-5.524337e+00,5.200226e+00,-2.809875e+00,-9.300337e-01,1.509037e+00,-6.120619e+00,3.059990e+00,-2.942378e+00,1.854969e+00,-2.236113e+00,2.158014e+00,1.373234e+00
fru,3.450000,1.645603e+02,7.331290e-01,0,0,2.709457e-01,3.668316e-01,4.833461e-01,1.427814e-02,8.854166e-02,8.644067e-02,1.534151e-01,2.225953e-01,2.724173e-01,2.321936e-01,2.207788e-01,3.302519e-01,3.761555e-01,3.119984e-01,3.551653e-01,4.890604e-01,4.758894e-01,6.494043e-01,5.740157e-01,5.848384e-01,6.179979e-01,6.043439e-01,7.759369e-01,7.221248e-01,6.710688e-01,8.380345e-01,9.334087e-01,8.288124e-01,5.275941e-01,3.948618e-01,3.181947e-01,2.211964e-02,2.225437e-03,1.666667e+02,2.708333e+02,4.270833e+02,1.114583e+03,9.787756e-02,4.204954e+00,6.723368e+05,3.529198e+00,1.734859e+01,-4.390236e-03,2.380676e+01,-2.507264e+00,2.217787e+01,1.248697e+00,7.628626e+00,-1.867220e+01,-2.279439e-01,-6.127874e+00,1.122749e+01,-8.193141e+00,1.295596e+00,-1.782572e+01,3.601974e+01,1.815025e-02,1.214081e-02,0,9.235829e-02,4.357029e-02,8.410295e-02,4.452968e-03,3.333332e-03,-1.048252e-02,-4.349074e-03,-2.214666e-03,9.887272e-03,1.968229e-02,9.502979e-03,6.545222e-03,1.517640e-02,-4.111272e-03,2.389829e-02,3.142270e-03,-3.999386e-02,3.184504e-02,6.091438e-02,2.069245e-02,1.620430e-02,3.791974e-02,5.961696e-02,8.668450e-02,1.010385e-01,2.618358e-01,4.094349e-01,4.851989e-01,2.958060e-01,2.004875e-01,9.231476e-02,2.713439e-02,5.679469e-04,-1.041667e+00,-7.291667e+00,-1.458333e+01,4.687501e+01,2.350996e-02,-7.020561e-02,1.426081e+05,3.566791e-01,4.582242e+00,-4.949418e-03,-5.775346e+00,7.082383e+00,-8.360218e-01,1.451809e+00,2.190688e+00,-3.947050e+00,3.697861e+00,-4.095474e+00,-5.519221e-02,-1.217974e+00,3.143450e+00,1.604131e+00
fru,3.460000,1.691550e+02,7.476951e-01,0,0,3.142271e-01,4.319620e-01,6.045362e-01,2.151540e-02,8.854166e-02,8.140858e-02,1.552986e-01,2.234286e-01,2.874456e-01,2.615485e-01,2.408003e-01,3.402550e-01,4.035702e-01,3.005023e-01,3.933176e-01,5.091605e-01,4.525226e-01,6.967257e-01,6.606255e-01,6.071700e-01,6.385779e-01,6.692125e-01,8.538312e-01,8.609390e-01,8.371723e-01,1.211541e+00,1.484752e+00,1.483617e+00,9.382899e-01,6.715776e-01,4.546529e-01,5.280911e-02,3.029891e-03,1.458333e+02,2.291667e+02,375,1.010417e+03,1.231194e-01,3.949482e+00,7.807072e+05,4.112503e+00,2.257850e+01,-1.007192e-02,1.679614e+01,7.331400e+00,2.177890e+01,3.421442e+00,1.000007e+01,-2.097600e+01,1.067458e+01,-6.598255e+00,1.015629e+01,-9.172339e+00,5.919866e+00,-1.539649e+01,5.821673e+00,1.309834e-02,1.591923e-02,4.384500e-03,6.138615e-02,5.897231e-02,1.378385e-01,9.537814e-03,-7.083334e-03,4.359064e-03,1.945673e-02,2.323887e-02,3.696367e-02,3.732628e-02,2.028643e-02,7.325888e-04,1.260999e-02,1.088912e-02,3.868302e-02,5.637663e-03,-1.274228e-02,2.820182e-02,1.085422e-01,6.693505e-02,4.976595e-02,1.169110e-01,1.047804e-01,1.398889e-01,2.082640e-01,3.738091e-01,5.597892e-01,7.064298e-01,4.584892e-01,3.109725e-01,1.535810e-01,7.773058e-02,1.416742e-03,-4.166669e+00,-2.604167e+01,-5.520833e+01,-1.354167e+02,3.811606e-02,-2.854905e-01,-8.470260e+03,8.382977e-01,1.070849e+01,-1.420377e-02,-2.981698e+00,5.802709e+00,3.676697e+00,2.979033e+00,-7.841928e-02,-1.488934e+00,2.654169e+00,-4.969296e+00,-3.493288e+00,-1.995438e+00,4.784181e+00,2.193865e+00
fru,3.470000,1.768687e+02,7.544295e-01,6.070404e-02,0,3.046779e-01,4.909243e-01,7.989836e-01,3.440255e-02,6.979167e-02,9.518987e-02,1.867665e-01,2.557406e-01,3.295557e-01,3.037500e-01,2.639844e-01,3.401691e-01,4.150492e-01,3.201270e-01,4.438169e-01,5.220256e-01,4.648514e-01,7.096939e-01,7.960557e-01,6.943240e-01,7.006240e-01,8.333096e-01,9.846749e-01,1.036049e+00,1.128010e+00,1.735682e+00,2.298258e+00,2.504556e+00,1.596400e+00,1.129618e+00,6.852904e-01,1.523239e-01,4.385161e-03,1.458333e+02,1.770833e+02,2.291667e+02,6.979167e+02,1.813556e-01,3.386249e+00,6.554694e+05,5.679830e+00,4.400631e+01,-2.819046e-02,1.665822e+01,1.206771e+01,2.941978e+01,9.555340e+00,1.012475e+01,-1.985357e+01,1.008399e+01,-1.555725e+01,1.696091e+00,-1.226288e+01,9.581596e+00,-1.182723e+01,7.511622e+00,1.017817e-02,1.209759e-02,5.444067e-03,-2.007067e-02,6.597275e-02,1.561632e-01,1.360869e-02,-1.406250e-02,1.864564e-02,4.722140e-02,5.869782e-02,8.014248e-02,6.155764e-02,2.814070e-02,-5.969816e-03,1.008302e-03,3.373858e-02,4.117919e-02,-4.036385e-03,3.322524e-03,1.751273e-02,1.537391e-01,1.391537e-01,1.022632e-01,2.085420e-01,1.588278e-01,1.698808e-01,2.722873e-01,3.511835e-01,4.985928e-01,6.803959e-01,4.720095e-01,3.133969e-01,1.588096e-01,1.420560e-01,2.577334e-03,0,-2.187500e+01,-4.270834e+01,-2.187500e+02,4.411905e-02,-3.578517e-01,-1.611600e+05,1.045020e+00,1.387432e+01,-2.594764e-02,5.449532e-01,2.530434e+00,7.715577e+00,3.233735e+00,-3.987744e+00,2.521648e-01,-5.374554e-01,-5.267791e+00,-5.322021e+00,-2.635089e+00,5.461965e+00,2.794780e+00
fru,3.480000,1.856492e+02,7.625510e-01,4.924415e-02,2.192250e-02,2.900646e-01,5.590681e-01,9.772223e-01,5.128383e-02,4.791667e-02,1.246317e-01,2.522933e-01,3.364336e-01,4.325023e-01,3.691644e-01,2.953449e-01,3.255782e-01,4.055685e-01,3.749312e-01,4.903227e-01,5.004770e-01,4.774402e-01,7.147567e-01,9.733291e-01,8.736172e-01,8.299654e-01,1.091092e+00,1.163056e+00,1.213872e+00,1.463686e+00,2.110359e+00,2.816169e+00,3.270161e+00,2.147899e+00,1.489699e+00,8.654314e-01,3.446896e-01,7.819631e-03,1.458333e+02,1.770833e+02,2.395833e+02,3.437500e+02,2.327833e-01,3.009552e+00,2.610017e+05,6.947643e+00,6.104208e+01,-6.338940e-02,2.080955e+01,1.148209e+01,4.124637e+01,1.129960e+01,2.103806e-02,-1.853667e+01,8.341546e+00,-1.896111e+01,-5.125079e+00,-1.697201e+01,1.860907e+01,-8.550479e+00,7.592542e+00,1.117941e-02,4.773186e-03,7.377259e-03,-4.577432e-02,7.637422e-02,1.303245e-01,1.528113e-02,-1.354167e-02,2.582765e-02,7.023852e-02,9.930810e-02,1.258377e-01,1.010856e-01,3.389056e-02,-1.296286e-02,-1.105907e-02,5.374967e-02,3.191761e-02,-1.340597e-02,1.007962e-02,1.468872e-02,1.918464e-01,2.242704e-01,1.639701e-01,2.905374e-01,2.256105e-01,1.969863e-01,2.797686e-01,1.908791e-01,1.892485e-01,3.484096e-01,2.877850e-01,1.758004e-01,9.412824e-02,2.027208e-01,6.067746e-03,8.333334e+00,-7.291667e+00,-1.145834e+01,-1.614583e+02,4.082372e-02,-2.614038e-01,-1.763090e+05,5.833161e-01,7.586876e+00,-3.715314e-02,2.561703e+00,-8.680876e-01,9.420389e+00,1.792627e+00,-6.284944e+00,6.930760e-01,-4.699222e+00,-4.367043e+00,-5.433934e+00,-3.771838e+00,5.766037e+00,1.314651e+00
fru,3.490000,1.938714e+02,7.765920e-01,3.586588e-02,1.625909e-02,1.826736e-01,6.331423e-01,1.077819e+00,6.743737e-02,3.854166e-02,1.580573e-01,3.410248e-01,4.595819e-01,6.006014e-01,4.861739e-01,3.342099e-01,3.077413e-01,3.801979e-01,4.434768e-01,5.125586e-01,4.732202e-01,4.800433e-01,7.279525e-01,1.186360e+00,1.147383e+00,1.033620e+00,1.436114e+00,1.415463e+00,1.395062e+00,1.719248e+00,2.144543e+00,2.760664e+00,3.337520e+00,2.282837e+00,1.552786e+00,9.068537e-01,5.864595e-01,1.271723e-02,1.666667e+02,1.875000e+02,2.812500e+02,3.541667e+02,2.636409e-01,2.885661e+00,1.263894e+05,7.336726e+00,6.748840e+01,-1.074697e-01,2.452482e+01,8.069560e+00,5.102202e+01,1.347829e+01,-7.320577e+00,-1.863104e+01,-1.748703e+00,-2.628540e+01,-7.741930e+00,-1.746875e+01,2.226082e+01,-7.274824e+00,6.052347e+00,1.268559e-02,-7.176346e-03,5.455044e-03,-5.856454e-02,8.928357e-02,8.981951e-02,1.408994e-02,-6.979166e-03,2.270431e-02,7.863998e-02,1.302422e-01,1.486690e-01,1.521968e-01,3.717990e-02,-9.232258e-03,-1.166305e-02,6.006808e-02,1.904316e-02,-1.009741e-02,1.400874e-02,2.350732e-02,2.184061e-01,3.095703e-01,2.212002e-01,3.473971e-01,3.082437e-01,2.604606e-01,2.782442e-01,1.128032e-02,-1.895185e-01,-9.080772e-02,2.246339e-02,-1.892611e-02,2.027279e-03,2.169398e-01,1.154708e-02,1.145833e+01,5.208336e+00,1.354167e+01,-5.729167e+01,2.290676e-02,-9.998818e-02,-8.734304e+04,-2.075947e-01,-3.549120e+00,-4.002786e-02,2.066125e+00,-2.494916e+00,8.181089e+00,-7.270104e-01,-6.623205e+00,8.790785e-01,-5.929334e+00,-1.584407e+00,-3.948508e+00,-3.733990e+00,5.233034e+00,-1.511362e+00
fru,3.500000,1.986164e+02,7.925110e-01,3.628501e-02,2.875675e-02,1.463576e-01,7.427241e-01,1.116741e+00,8.140364e-02,3.645833e-02,1.791131e-01,4.293621e-01,6.180484e-01,7.811113e-01,6.757647e-01,3.751403e-01,2.916546e-01,3.657005e-01,5.075757e-01,5.185348e-01,4.665333e-01,4.953248e-01,7.610400e-01,1.424706e+00,1.501992e+00,1.291930e+00,1.820497e+00,1.766489e+00,1.666364e+00,1.940396e+00,1.961506e+00,2.199791e+00,2.809184e+00,2.033996e+00,1.338996e+00,8.145125e-01,8.493451e-01,2.920259e-02,1.770833e+02,1.875000e+02,2.916667e+02,375,2.860954e-01,2.892757e+00,1.637020e+05,6.200636e+00,4.877184e+01,-1.561980e-01,2.567135e+01,4.990037e+00,5.807972e+01,1.042310e+01,-1.270198e+01,-1.812189e+01,-6.905179e+00,-2.306939e+01,-1.229437e+01,-2.542859e+01,2.841044e+01,-1.109944e+01,3.613866e+00,1.164484e-02,-5.427562e-03,1.324223e-03,-5.267728e-02,9.658873e-02,7.283960e-02,1.020607e-02,8.333341e-04,1.096228e-02,6.753335e-02,1.388799e-01,1.247586e-01,1.930243e-01,3.583490e-02,6.382418e-03,2.290735e-03,5.836046e-02,1.222290e-02,4.830280e-03,2.258439e-02,3.411974e-02,2.227927e-01,3.753779e-01,2.612464e-01,3.706556e-01,3.971346e-01,3.781023e-01,3.346784e-01,-5.547177e-02,-4.059845e-01,-3.558175e-01,-1.501171e-01,-1.383774e-01,-5.217483e-02,1.645320e-01,1.800787e-02,1.041667e+01,7.291667e+00,9.375000e+00,1.333333e+02,4.681706e-03,2.220464e-02,5.309648e+04,-8.893936e-01,-1.236477e+01,-3.083672e-02,3.816681e-01,-2.636517e+00,5.570471e+00,-2.895973e+00,-5.294717e+00,1.901773e+00,-5.159886e+00,1.094062e+00,-3.654377e+00,-4.029473e+00,4.020907e+00,-3.751175e+00
fru,3.510000,2.006469e+02,8.028775e-01,3.130188e-02,2.385809e-02,8.370870e-02,8.455141e-01,1.178322e+00,8.979233e-02,4.062500e-02,1.814707e-01,4.914320e-01,7.661441e-01,8.985962e-01,9.114339e-01,4.099863e-01,3.109696e-01,3.766679e-01,5.541452e-01,5.249267e-01,4.885104e-01,5.259528e-01,8.040889e-01,1.662398e+00,1.927988e+00,1.575643e+00,2.205592e+00,2.224177e+00,2.112106e+00,2.280876e+00,1.866510e+00,1.658854e+00,2.281007e+00,1.765668e+00,1.110339e+00,7.208862e-01,9.846953e-01,5.142907e-02,1.875000e+02,1.979167e+02,2.708333e+02,3.958333e+02,2.692333e-01,2.944705e+00,2.674041e+05,5.015360e+00,3.239584e+01,-1.819255e-01,2.455794e+01,2.839153e+00,6.190855e+01,6.358537e+00,-1.662976e+01,-1.566558e+01,-1.193931e+01,-2.142515e+01,-1.446180e+01,-2.670454e+01,3.084608e+01,-1.810956e+01,1.153131e+00,7.025003e-03,-6.994370e-03,-2.394632e-03,-3.447311e-02,8.846122e-02,8.601549e-02,5.580065e-03,6.041667e-03,-2.724378e-03,4.159997e-02,1.194837e-01,6.311811e-02,1.957732e-01,3.185978e-02,2.571315e-02,2.377858e-02,5.788720e-02,1.696505e-02,1.542555e-02,3.008861e-02,3.816746e-02,1.951680e-01,3.988901e-01,2.815988e-01,3.535543e-01,4.573329e-01,5.279617e-01,4.675439e-01,3.522790e-03,-3.993142e-01,-3.639024e-01,-1.620649e-01,-1.343124e-01,-4.671218e-02,8.153748e-02,2.150446e-02,5.208333e+00,8.333333e+00,1.041667e+01,1.927083e+02,-1.543227e-02,8.247504e-02,1.203643e+05,-1.094097e+00,-1.428633e+01,-1.586863e-02,-1.021133e+00,-1.844012e+00,3.399933e+00,-3.837695e+00,-4.150487e+00,2.975519e+00,-3.363992e+00,2.509488e+00,-3.764074e+00,-3.535564e+00,3.583551e+00,-4.139530e+00
fru,3.520000,2.003308e+02,8.076324e-01,2.438834e-02,2.474411e-02,7.616063e-02,9.358259e-01,1.291169e+00,9.113667e-02,5.104167e-02,1.677364e-01,5.147564e-01,8.775520e-01,9.072978e-01,1.121656e+00,4.366313e-01,3.558761e-01,4.187871e-01,6.113994e-01,5.452532e-01,5.169833e-01,5.674074e-01,8.472872e-01,1.849273e+00,2.360204e+00,1.865186e+00,2.559631e+00,2.744372e+00,2.745861e+00,2.856264e+00,1.972016e+00,1.337152e+00,2.019330e+00,1.655898e+00,1.019035e+00,6.975409e-01,9.682319e-01,7.850304e-02,1.875000e+02,2.083333e+02,2.916667e+02,9.895833e+02,2.533956e-01,3.091053e+00,4.559768e+05,3.661358e+00,1.676452e+01,-1.803451e-01,2.270133e+01,9.147068e-01,6.365546e+01,3.796146e-01,-2.179795e+01,-1.051054e+01,-1.236258e+01,-1.592093e+01,-2.003703e+01,-3.250148e+01,3.442097e+01,-2.188899e+01,-6.413559e-01,2.037787e-03,-8.507731e-03,-6.331415e-03,-2.533349e-02,6.609035e-02,1.036774e-01,2.238849e-03,8.541668e-03,-1.155646e-02,1.246840e-02,7.748493e-02,-2.836192e-03,1.521394e-01,2.721581e-02,3.708258e-02,3.897759e-02,6.260802e-02,2.847384e-02,1.751521e-02,3.071040e-02,3.218110e-02,1.344335e-01,3.563386e-01,2.817776e-01,2.942984e-01,4.521683e-01,6.305735e-01,5.856093e-01,9.091505e-02,-2.556579e-01,-2.311276e-01,-8.682203e-02,-5.348495e-02,-5.873841e-03,1.796147e-02,2.087147e-02,2.083334e+00,8.333333e+00,1.458334e+01,2.947917e+02,-2.421636e-02,9.407602e-02,1.296476e+05,-8.492025e-01,-9.737528e+00,-4.232862e-03,-1.349754e+00,-1.173236e+00,1.970426e+00,-2.984058e+00,-2.576135e+00,3.564174e+00,-2.500890e+00,1.609976e+00,-3.423946e+00,-1.898391e+00,2.985169e+00,-2.703935e+00
fru,3.530000,1.987798e+02,8.041562e-01,6.842367e-03,6.292247e-03,4.540660e-02,9.788975e-01,1.420682e+00,9.047119e-02,6.145833e-02,1.501238e-01,5.063275e-01,9.272488e-01,8.530987e-01,1.242094e+00,4.627633e-01,4.041962e-01,4.725474e-01,6.810010e-01,5.840247e-01,5.251229e-01,5.944450e-01,8.756661e-01,1.949916e+00,2.712728e+00,2.154986e+00,2.834319e+00,3.213187e+00,3.495122e+00,3.599034e+00,2.156901e+00,1.195413e+00,1.912934e+00,1.661562e+00,1.041204e+00,7.317786e-01,9.347035e-01,9.558930e-02,1.875000e+02,2.187500e+02,3.333333e+02,1.010417e+03,2.028294e-01,3.198888e+00,5.820735e+05,3.135881e+00,1.206043e+01,-1.747393e-01,2.090416e+01,8.871652e-01,6.523382e+01,-6.884381e-01,-2.352503e+01,-7.559122e+00,-1.583996e+01,-1.731219e+01,-2.269097e+01,-3.161013e+01,3.717331e+01,-2.257770e+01,-1.745169e+00,-5.747020e-04,-7.023339e-03,-5.714968e-03,-1.327814e-02,4.703981e-02,9.809868e-02,1.499367e-03,8.645834e-03,-1.252043e-02,-7.907438e-03,3.040448e-02,-3.901269e-02,8.396034e-02,2.232861e-02,3.115221e-02,4.264910e-02,7.021363e-02,3.968170e-02,1.522256e-02,2.762831e-02,1.860782e-02,6.041439e-02,2.585701e-01,2.523707e-01,1.945144e-01,3.724962e-01,6.144333e-01,5.889107e-01,1.221543e-01,-1.232301e-01,-1.195016e-01,-2.831056e-02,1.259854e-02,2.273716e-02,1.714894e-02,1.928724e-02,0,5.208333e+00,1.666667e+01,2.843750e+02,-1.609832e-02,8.388440e-02,1.007041e+05,-5.135751e-01,-5.149873e+00,-4.032050e-03,-8.603527e-01,-6.739181e-01,1.569615e+00,-1.730157e+00,-5.679985e-01,2.953343e+00,-1.642218e+00,1.330529e-01,-2.768255e+00,-9.140034e-01,3.172738e+00,-1.069970e+00
fru,3.540000,1.963431e+02,8.020605e-01,5.976111e-03,5.882597e-03,3.884121e-02,1.006484e+00,1.513948e+00,9.225846e-02,6.875000e-02,1.370043e-01,4.842564e-01,9.249207e-01,7.896791e-01,1.271132e+00,4.848309e-01,4.304542e-01,5.126486e-01,7.571878e-01,6.313550e-01,5.358031e-01,6.146308e-01,8.861569e-01,1.953114e+00,2.891315e+00,2.411146e+00,2.977626e+00,3.532826e+00,4.127723e+00,4.209364e+00,2.270885e+00,1.153222e+00,1.837582e+00,1.651939e+00,1.106139e+00,7.796971e-01,9.641483e-01,1.114798e-01,1.875000e+02,2.187500e+02,3.333333e+02,1.541667e+03,1.982155e-01,3.236046e+00,6.546056e+05,2.894363e+00,1.025190e+01,-1.809554e-01,2.074948e+01,9.984829e-02,6.626922e+01,-9.737043e-01,-2.213502e+01,-4.354243e+00,-1.745930e+01,-1.707599e+01,-2.529952e+01,-3.246775e+01,4.017267e+01,-2.238505e+01,-2.222406e+00,-1.221710e-03,-2.723837e-03,-3.638257e-03,-1.114662e-02,2.870763e-02,6.479679e-02,2.272470e-03,5.937499e-03,-7.154395e-03,-1.514250e-02,-8.475274e-03,-3.533454e-02,2.430537e-02,1.720517e-02,2.003075e-02,3.582383e-02,7.054988e-02,4.389744e-02,2.020706e-02,2.792490e-02,2.089059e-03,-5.656004e-03,1.312962e-01,1.868571e-01,7.430394e-02,2.392443e-01,4.496050e-01,4.311987e-01,9.362817e-02,-5.499641e-02,-7.408818e-02,-2.110421e-02,2.085399e-02,1.764791e-02,3.989212e-02,1.265597e-02,0,2.083334e+00,8.333338e+00,1.593750e+02,2.625674e-03,5.179720e-02,4.342686e+04,-1.623382e-01,-1.350552e+00,-7.820437e-03,1.171207e-01,-4.809058e-01,1.237310e+00,-1.133104e+00,8.905333e-01,1.693754e+00,-9.534917e-01,-8.410460e-01,-6.847864e-01,3.009922e-01,2.332960e+00,-9.745470e-01
fru,3.550000,1.939148e+02,8.027899e-01,5.391299e-03,4.714009e-03,3.597771e-02,1.045384e+00,1.557426e+00,9.672827e-02,7.500000e-02,1.342346e-01,4.671449e-01,8.944821e-01,7.623422e-01,1.256498e+00,4.975295e-01,4.294416e-01,5.429826e-01,8.323191e-01,6.802843e-01,5.552133e-01,6.404827e-01,8.776932e-01,1.912550e+00,2.955283e+00,2.564516e+00,2.969167e+00,3.692431e+00,4.493342e+00,4.548880e+00,2.327847e+00,1.134668e+00,1.774373e+00,1.626095e+00,1.129780e+00,7.934939e-01,1.072482e+00,1.313769e-01,1.875000e+02,2.187500e+02,3.333333e+02,1.541667e+03,2.163318e-01,3.291631e+00,6.716102e+05,2.830982e+00,9.902777e+00,-2.017806e-01,2.123211e+01,-1.230085e-01,6.844975e+01,-1.615589e+00,-1.930122e+01,-3.977011e+00,-1.760204e+01,-2.018235e+01,-2.567183e+01,-3.129142e+01,4.383392e+01,-2.321138e+01,-2.342531e+00,-1.116288e-03,2.171095e-03,5.844823e-04,-6.148296e-03,1.568471e-02,2.039543e-02,2.552453e-03,2.395832e-03,7.160157e-05,-1.322573e-02,-3.203589e-02,-8.901358e-03,-7.950378e-03,1.559125e-02,2.098101e-02,3.369782e-02,6.501974e-02,3.965921e-02,3.218362e-02,3.431160e-02,-8.492512e-03,-5.136436e-02,5.232453e-03,9.400029e-02,-2.677314e-02,9.473105e-02,1.868795e-01,1.786869e-01,4.997981e-02,-3.844383e-02,-6.322797e-02,-4.268801e-02,-1.523229e-02,-1.240822e-02,4.956164e-02,3.571634e-03,0,0,8.333331e+00,-6.250000e+00,1.621071e-02,2.944553e-02,-5.669800e+03,4.412899e-02,3.126330e-01,-9.054996e-03,1.025202e+00,-4.559697e-01,5.637131e-01,-1.977844e+00,9.014967e-01,8.491455e-01,4.781635e-01,-1.357864e-01,1.135617e+00,2.843630e-01,5.254879e-01,-1.089319e+00
fru,3.560000,1.916513e+02,8.022071e-01,1.149468e-02,7.341942e-03,2.514199e-02,1.046121e+00,1.546781e+00,9.937048e-02,7.395833e-02,1.399090e-01,4.586352e-01,8.515590e-01,7.760034e-01,1.235981e+00,5.052741e-01,4.434072e-01,5.626886e-01,8.884897e-01,7.166106e-01,6.029735e-01,6.840131e-01,8.567190e-01,1.839676e+00,2.895408e+00,2.594706e+00,2.863726e+00,3.700972e+00,4.494776e+00,4.537335e+00,2.354685e+00,1.092542e+00,1.718170e+00,1.568110e+00,1.079017e+00,7.549228e-01,1.098803e+00,1.238891e-01,1.875000e+02,2.187500e+02,3.333333e+02,1.520833e+03,2.597728e-01,3.303668e+00,6.283427e+05,3.002116e+00,1.109059e+01,-2.059267e-01,2.312296e+01,-9.847353e-01,6.823405e+01,-4.822329e+00,-1.945719e+01,-3.832832e+00,-1.624900e+01,-1.869108e+01,-2.197053e+01,-3.115587e+01,4.275547e+01,-2.644488e+01,-2.319515e+00,-1.765591e-03,3.035084e-03,1.157346e-03,-7.881007e-03,-3.112769e-03,-1.947272e-02,1.465073e-03,-7.450581e-10,5.422527e-03,-9.550681e-03,-4.347578e-02,2.089823e-02,-1.713195e-02,2.234908e-02,4.207684e-02,4.535951e-02,5.489615e-02,2.925515e-02,4.184396e-02,3.942039e-02,-9.430843e-03,-8.191796e-02,-1.123958e-01,1.009202e-03,-8.974943e-02,-4.296093e-02,-7.683606e-02,-6.913953e-02,1.119709e-02,-3.912591e-02,-6.116594e-02,-6.545999e-02,-5.980187e-02,-4.187555e-02,3.478361e-02,-9.916820e-03,0,0,1.250000e+01,-2.822917e+02,9.949328e-03,3.968000e-03,-5.225309e+04,2.457649e-01,1.782104e+00,-5.461824e-03,1.450628e+00,2.263715e-02,-6.406525e-01,-2.708607e+00,1.784575e-01,2.130842e-01,1.187317e+00,7.789419e-01,2.369102e+00,8.039446e-01,-1.894691e+00,-7.817045e-01
fru,3.570000,1.894131e+02,7.985016e-01,1.493856e-02,8.484986e-03,2.151473e-02,1.037503e+00,1.506243e+00,9.967744e-02,7.083333e-02,1.490294e-01,4.530094e-01,8.037502e-01,8.154297e-01,1.219918e+00,5.304980e-01,5.026248e-01,6.160166e-01,9.404488e-01,7.396929e-01,6.524559e-01,7.313119e-01,8.479225e-01,1.749813e+00,2.736844e+00,2.533208e+00,2.757403e+00,3.602769e+00,4.245993e+00,4.328483e+00,2.364901e+00,1.033534e+00,1.656500e+00,1.490036e+00,9.786034e-01,6.821246e-01,1.115184e+00,1.072428e-01,1.875000e+02,2.187500e+02,375,9.895833e+02,2.531043e-01,3.312305e+00,5.668559e+05,3.302649e+00,1.320426e+01,-2.075286e-01,2.484343e+01,-8.503914e-01,6.706997e+01,-8.653344e+00,-2.035646e+01,-3.574100e+00,-1.405429e+01,-1.718358e+01,-1.867738e+01,-3.084425e+01,3.850935e+01,-2.599438e+01,-2.331445e+00,-2.287334e-03,2.731200e-03,1.151753e-03,-7.625726e-03,-2.041013e-02,-4.873599e-02,-7.827200e-04,-1.562500e-03,6.952706e-03,-9.288016e-03,-4.818648e-02,3.702750e-02,-2.096758e-02,3.421413e-02,7.313095e-02,6.961482e-02,4.346237e-02,1.929920e-02,4.251232e-02,3.432339e-02,-4.141271e-04,-1.063421e-01,-2.104272e-01,-6.609049e-02,-1.233091e-01,-1.650112e-01,-2.694458e-01,-2.561130e-01,-3.756273e-02,-2.848127e-02,-6.584418e-02,-8.675982e-02,-8.274796e-02,-5.068212e-02,-1.218677e-04,-1.768299e-02,0,0,1.250000e+01,-3.385417e+02,-5.864656e-03,-1.400652e-02,-7.019736e+04,3.127688e-01,2.290137e+00,1.278612e-03,1.405365e+00,3.542386e-01,-1.726382e+00,-2.592421e+00,-4.258736e-01,3.388573e-01,1.979113e+00,1.500120e+00,1.666876e+00,7.877613e-01,-3.307728e+00,2.532303e-01
fru,3.580000,1.869964e+02,7.953768e-01,1.637790e-02,9.783838e-03,6.667664e-03,9.948609e-01,1.442176e+00,9.810924e-02,7.083333e-02,1.567195e-01,4.435707e-01,7.529078e-01,8.676265e-01,1.203762e+00,5.800920e-01,6.042468e-01,7.029293e-01,9.776037e-01,7.479264e-01,6.964016e-01,7.663181e-01,8.538880e-01,1.624893e+00,2.438556e+00,2.431846e+00,2.634761e+00,3.362852e+00,3.867217e+00,3.973865e+00,2.308344e+00,1.008160e+00,1.590688e+00,1.392669e+00,8.827181e-01,6.260040e-01,1.116715e+00,7.396275e-02,1.875000e+02,2.187500e+02,375,4.062500e+02,2.295759e-01,3.245549e+00,4.457173e+05,3.887354e+00,1.751169e+01,-2.053905e-01,2.619695e+01,5.767255e-01,6.375584e+01,-1.099786e+01,-2.071511e+01,-3.490277e+00,-1.329659e+01,-1.468067e+01,-1.695123e+01,-2.867161e+01,3.336150e+01,-2.490207e+01,-2.388611e+00,-1.984990e-03,8.968607e-04,6.449558e-05,-4.447913e-03,-2.633243e-02,-6.412669e-02,-2.863323e-03,-1.666665e-03,5.527350e-03,-1.243655e-02,-4.973779e-02,3.729005e-02,-2.918086e-02,3.688997e-02,8.994795e-02,9.569357e-02,3.314632e-02,1.844284e-02,3.478284e-02,1.809489e-02,8.552408e-03,-1.191357e-01,-2.509734e-01,-9.913609e-02,-1.500750e-01,-2.560903e-01,-3.560236e-01,-3.564598e-01,-9.103227e-02,3.796422e-03,-7.368555e-02,-9.771349e-02,-7.664843e-02,-3.113044e-02,-3.195947e-02,-1.558934e-02,0,0,8.333331e+00,-2.812500e+02,-1.623878e-02,-4.038906e-03,-5.827394e+04,2.338291e-01,1.765710e+00,6.778160e-03,8.022816e-01,5.923638e-01,-2.181636e+00,-1.257585e+00,-3.003998e-01,1.075178e+00,1.890034e+00,1.066913e+00,-1.040616e+00,1.275250e+00,-2.971545e+00,1.442623e+00
fru,3.590000,1.845850e+02,7.947684e-01,1.660569e-02,9.251826e-03,7.086238e-03,9.689633e-01,1.366049e+00,9.344529e-02,6.875000e-02,1.605929e-01,4.282371e-01,7.028753e-01,9.016681e-01,1.167769e+00,6.311912e-01,7.146766e-01,8.209364e-01,1.005074e+00,7.611224e-01,7.210608e-01,7.709472e-01,8.770381e-01,1.488231e+00,2.131573e+00,2.315493e+00,2.467104e+00,3.036434e+00,3.459892e+00,3.550050e+00,2.163203e+00,1.034453e+00,1.508893e+00,1.280017e+00,8.141900e-01,6.045427e-01,1.062917e+00,6.792510e-02,1.875000e+02,2.187500e+02,375,4.062500e+02,2.021069e-01,3.250658e+00,4.119361e+05,3.952208e+00,1.814291e+01,-1.956556e-01,2.672194e+01,8.674541e-01,6.205693e+01,-1.148993e+01,-2.080163e+01,-2.454001e+00,-9.182680e+00,-1.468696e+01,-1.984710e+01,-2.859474e+01,3.199226e+01,-2.271663e+01,-2.449747e+00,-1.193070e-03,-2.624108e-04,-5.967525e-04,-1.641541e-03,-2.506557e-02,-6.833358e-02,-3.848043e-03,-2.083333e-03,2.899520e-03,-1.692670e-02,-5.090974e-02,2.725296e-02,-4.071093e-02,2.038449e-02,7.883401e-02,1.020720e-01,2.107763e-02,2.644695e-02,2.717347e-02,-6.232858e-04,1.079036e-02,-1.152542e-01,-2.200633e-01,-1.076972e-01,-1.748624e-01,-2.953027e-01,-3.563953e-01,-3.899410e-01,-1.294807e-01,4.020490e-02,-8.014369e-02,-9.971292e-02,-5.460752e-02,-1.178771e-03,-5.721007e-02,-9.236281e-03,0,8.333331e+00,0,-1.166667e+02,-1.013183e-02,1.098850e-02,-3.168536e+04,8.050384e-02,6.264723e-01,1.091709e-02,2.856726e-01,2.009381e-01,-1.540751e+00,-8.207311e-02,1.983183e-01,1.228767e+00,1.268491e+00,9.587879e-02,-2.531596e+00,1.289012e+00,-1.423392e+00,2.174306e+00
fru,3.600000,1.821222e+02,7.941487e-01,1.514542e-02,7.281000e-03,1.011667e-02,9.487283e-01,1.296245e+00,8.816994e-02,6.666667e-02,1.617640e-01,4.088386e-01,6.533075e-01,9.193345e-01,1.116151e+00,6.393773e-01,7.871211e-01,9.386966e-01,1.021909e+00,7.981101e-01,7.425852e-01,7.546698e-01,8.849233e-01,1.374789e+00,1.943176e+00,2.207883e+00,2.258501e+00,2.703687e+00,3.107709e+00,3.144253e+00,2.000372e+00,1.111065e+00,1.423546e+00,1.184553e+00,7.779816e-01,6.380615e-01,9.651399e-01,6.560129e-02,1.875000e+02,2.187500e+02,375,4.062500e+02,2.040776e-01,3.314297e+00,4.144329e+05,3.846483e+00,1.744981e+01,-1.779724e-01,2.619511e+01,1.118161e+00,5.983239e+01,-9.691961e+00,-2.073661e+01,9.830106e-01,-9.234641e+00,-1.460482e+01,-2.658875e+01,-2.590438e+01,3.115629e+01,-2.087064e+01,-2.500209e+00,-6.613970e-04,-1.315411e-03,-1.341559e-03,3.857525e-03,-1.699194e-02,-6.182449e-02,-2.956663e-03,-1.666666e-03,8.189559e-04,-2.025322e-02,-5.182870e-02,1.534648e-02,-4.990630e-02,-1.125942e-02,4.084430e-02,7.716076e-02,6.035519e-03,3.737413e-02,2.293395e-02,-9.660805e-03,7.061326e-03,-9.199943e-02,-1.376215e-01,-1.021750e-01,-1.740168e-01,-2.668991e-01,-2.995311e-01,-3.573784e-01,-1.239311e-01,6.183472e-02,-7.962041e-02,-9.191308e-02,-3.120556e-02,2.235258e-02,-5.944083e-02,-2.511950e-03,0,1.250000e+01,-2.083331e+00,-2.083331e+00,2.248073e-03,2.862980e-02,-1.998616e+03,-4.289539e-02,-3.171894e-01,1.098341e-02,-3.814648e-01,1.100004e-03,-3.110004e-01,1.086859e+00,9.998882e-01,1.004328e+00,-4.277453e-01,-8.483545e-01,-2.955403e+00,1.803193e+00,-3.275946e-01,2.649366e+00
fru,3.610000,1.796015e+02,7.931502e-01,1.424274e-02,6.752642e-03,1.158253e-02,9.352412e-01,1.237540e+00,8.540688e-02,6.250000e-02,1.610048e-01,3.857419e-01,5.990017e-01,9.258406e-01,1.060169e+00,6.027778e-01,8.053577e-01,1.008493e+00,1.023684e+00,8.468359e-01,7.652314e-01,7.340196e-01,8.863567e-01,1.298594e+00,1.884217e+00,2.106704e+00,2.071221e+00,2.455838e+00,2.843771e+00,2.793584e+00,1.871483e+00,1.183106e+00,1.339353e+00,1.095529e+00,7.579340e-01,6.702020e-01,9.049215e-01,6.524215e-02,1.875000e+02,2.604167e+02,375,4.062500e+02,2.151943e-01,3.332873e+00,4.240713e+05,3.725604e+00,1.636756e+01,-1.666522e-01,2.627271e+01,-1.164186e-01,6.132794e+01,-9.716660e+00,-1.935412e+01,3.330892e-01,-9.742812e+00,-1.674211e+01,-2.651660e+01,-2.578281e+01,3.249500e+01,-1.713857e+01,-2.452205e+00,2.222419e-04,-1.749093e-03,-1.592386e-03,8.230997e-03,-1.108807e-02,-4.992812e-02,-2.410054e-04,-5.208328e-04,7.477552e-05,-2.057434e-02,-5.005460e-02,1.002538e-02,-5.056544e-02,-3.854544e-02,-6.643313e-03,2.356114e-02,-1.292693e-02,3.833043e-02,2.354056e-02,-2.032411e-03,2.393979e-03,-5.903983e-02,-6.923725e-02,-8.937514e-02,-1.409071e-01,-1.950157e-01,-2.210916e-01,-2.835176e-01,-7.803480e-02,6.094356e-02,-7.200676e-02,-8.078623e-02,-1.601012e-02,2.936381e-02,-2.102971e-02,-1.706500e-03,0,1.250000e+01,-5.208334e+00,-5.208334e+00,9.605654e-03,1.643555e-02,-2.815538e+03,7.936502e-03,5.510330e-02,4.170744e-03,-4.647740e-01,-1.129524e-01,1.014666e+00,1.521568e+00,1.529528e+00,4.754512e-02,-2.316526e+00,-1.102766e+00,-1.830947e+00,2.251698e+00,-7.309494e-02,2.521917e+00
fru,3.620000,1.769872e+02,7.928789e-01,1.098232e-02,4.325635e-03,2.370714e-02,9.267623e-01,1.197307e+00,8.734513e-02,6.562500e-02,1.606084e-01,3.635522e-01,5.457011e-01,9.322727e-01,1.008031e+00,5.380016e-01,7.631277e-01,9.949548e-01,9.984761e-01,8.919404e-01,7.889860e-01,7.364779e-01,8.845353e-01,1.259714e+00,1.874126e+00,2.025367e+00,1.962618e+00,2.318655e+00,2.677623e+00,2.565206e+00,1.834549e+00,1.243007e+00,1.277356e+00,1.025347e+00,7.548183e-01,7.049373e-01,8.985085e-01,6.274448e-02,1.875000e+02,2.604167e+02,3.645833e+02,3.958333e+02,2.342726e-01,3.347590e+00,4.296566e+05,3.786179e+00,1.681342e+01,-1.649751e-01,2.451424e+01,1.074162e+00,6.256534e+01,-6.450197e+00,-1.643942e+01,1.378148e-01,-1.515525e+01,-1.789487e+01,-2.839350e+01,-2.106161e+01,3.147216e+01,-1.444428e+01,-2.265863e+00,1.603037e-03,-1.179824e-03,-1.653215e-03,1.109371e-02,-5.169898e-03,-3.843848e-02,2.235918e-03,8.333333e-04,7.387847e-04,-1.659634e-02,-4.112111e-02,8.067620e-03,-4.761646e-02,-4.772677e-02,-4.088021e-02,-3.600153e-02,-3.086209e-02,2.688908e-02,2.202213e-02,1.626768e-02,4.258669e-03,-2.510865e-02,-4.399393e-02,-6.572288e-02,-8.950628e-02,-1.198792e-01,-1.582547e-01,-2.012063e-01,-2.813158e-02,4.026275e-02,-6.388839e-02,-7.259266e-02,-1.024842e-02,2.142979e-02,3.185165e-02,-7.288914e-04,0,0,-8.333334e+00,-8.333334e+00,4.312982e-03,-3.153849e-03,-1.424219e+04,8.041720e-02,6.579533e-01,-5.586736e-03,-2.341295e-01,-1.404521e-01,1.766553e+00,2.137968e+00,1.234703e+00,-1.355204e-01,-2.404864e+00,-6.477131e-01,-1.338980e+00,2.037387e+00,-6.154211e-01,1.495872e+00
fru,3.630000,1.748915e+02,7.965145e-01,9.941776e-03,2.767579e-03,4.144599e-02,9.245060e-01,1.165877e+00,9.265267e-02,6.666667e-02,1.615446e-01,3.480085e-01,5.064055e-01,9.453259e-01,9.690021e-01,4.891519e-01,6.934566e-01,9.106131e-01,9.521556e-01,9.058594e-01,8.155632e-01,7.698811e-01,8.892019e-01,1.250569e+00,1.819912e+00,1.959876e+00,1.910510e+00,2.253872e+00,2.569478e+00,2.421985e+00,1.855941e+00,1.273199e+00,1.221954e+00,9.556883e-01,7.457210e-01,7.179239e-01,9.910836e-01,6.082101e-02,1.875000e+02,2.604167e+02,3.541667e+02,3.854167e+02,2.350377e-01,3.316189e+00,3.902466e+05,4.022042e+00,1.873663e+01,-1.813005e-01,2.523850e+01,3.246913e-01,6.576379e+01,-5.502970e+00,-1.530258e+01,-1.793678e+00,-1.780501e+01,-1.855577e+01,-2.809946e+01,-1.975764e+01,3.146885e+01,-1.332023e+01,-1.936890e+00,2.807206e-03,-3.567362e-04,-1.527022e-03,9.752193e-03,-3.369784e-03,-3.035450e-02,2.607147e-03,1.770833e-03,2.330592e-03,-8.985505e-03,-2.460776e-02,3.366727e-03,-4.856150e-02,-3.913649e-02,-4.682716e-02,-6.972419e-02,-4.005184e-02,8.970434e-03,1.669813e-02,3.354041e-02,1.007261e-02,7.461548e-03,-4.180111e-02,-2.766788e-02,-4.479281e-02,-7.867229e-02,-1.322249e-01,-1.483038e-01,-1.294398e-02,1.524127e-02,-6.242958e-02,-6.576460e-02,-8.393943e-03,1.399008e-02,5.474590e-02,6.904453e-04,-2.083334e+00,-1.458333e+01,-8.333334e+00,-8.333334e+00,-3.578041e-03,-1.665711e-02,-2.418911e+04,8.114028e-02,7.198445e-01,-1.018645e-02,2.157549e-01,-2.371179e-01,1.328190e+00,2.734649e+00,-2.278755e-01,4.320033e-01,-4.780335e-01,4.853310e-01,-1.140139e+00,1.326118e+00,-1.885971e+00,9.308662e-02
fru,3.640000,1.731479e+02,8.004817e-01,1.139678e-02,1.007456e-03,5.065351e-02,9.282464e-01,1.139884e+00,9.572663e-02,6.875000e-02,1.651880e-01,3.447236e-01,4.940000e-01,9.499299e-01,9.236517e-01,4.575564e-01,6.386705e-01,8.076289e-01,9.033627e-01,9.030437e-01,8.275300e-01,8.180775e-01,9.047940e-01,1.273258e+00,1.755359e+00,1.952682e+00,1.891325e+00,2.205274e+00,2.453582e+00,2.324020e+00,1.867485e+00,1.267332e+00,1.162804e+00,8.915100e-01,7.328460e-01,7.213495e-01,1.081317e+00,6.416740e-02,1.875000e+02,2.187500e+02,3.437500e+02,375,2.157208e-01,3.306870e+00,3.601343e+05,4.100349e+00,1.955504e+01,-1.985819e-01,2.554157e+01,1.953456e-01,6.644723e+01,-1.108968e+00,-1.658887e+01,1.368792e+00,-1.722787e+01,-1.693656e+01,-3.249222e+01,-1.873004e+01,2.859225e+01,-1.530045e+01,-1.572763e+00,2.843756e-03,5.323184e-04,-9.085570e-04,1.127345e-02,-8.736819e-03,-2.757498e-02,1.021640e-03,1.041651e-04,3.811930e-03,-1.263326e-03,-7.432002e-03,-8.637416e-03,-5.680050e-02,-1.955085e-02,-2.488387e-02,-6.573518e-02,-3.475789e-02,-6.649590e-03,6.863427e-03,3.770214e-02,2.149720e-02,3.215679e-02,-2.839352e-02,1.255344e-02,-2.093147e-02,-8.120279e-02,-1.479359e-01,-1.494134e-01,-4.407680e-02,-5.466926e-03,-6.392741e-02,-5.800624e-02,-1.012287e-02,3.653389e-03,3.184386e-02,1.310625e-03,-5.208333e+00,-1.770833e+01,-5.208334e+00,-5.208334e+00,-1.468704e-02,-2.775426e-02,-2.722766e+04,1.307070e-02,1.973562e-01,-6.431830e-03,6.320606e-01,-4.778317e-01,4.799454e-01,2.652487e+00,-1.168651e+00,1.766816e-01,2.709835e+00,8.243597e-01,-2.350599e-01,3.629352e-01,-2.365363e+00,-5.686776e-01
fru,3.650000,1.718367e+02,8.033848e-01,1.225183e-02,7.766239e-04,4.687031e-02,9.176502e-01,1.114479e+00,9.425186e-02,6.979167e-02,1.703679e-01,3.502287e-01,5.018134e-01,9.338456e-01,8.595507e-01,4.473179e-01,6.334505e-01,7.535350e-01,8.709819e-01,8.861364e-01,8.294501e-01,8.609218e-01,9.265904e-01,1.329130e+00,1.734595e+00,2.004706e+00,1.882904e+00,2.119167e+00,2.294666e+00,2.172658e+00,1.790295e+00,1.247150e+00,1.084481e+00,8.336249e-01,7.269505e-01,7.319463e-01,1.087247e+00,6.798291e-02,1.770833e+02,2.083333e+02,3.437500e+02,375,2.065800e-01,3.269948e+00,3.378869e+05,3.974220e+00,1.859597e+01,-2.007811e-01,2.683782e+01,-8.626000e-01,6.602795e+01,1.285972e+00,-2.041878e+01,1.877617e+00,-1.109667e+01,-1.479461e+01,-3.016794e+01,-2.031801e+01,2.450510e+01,-1.624505e+01,-1.345619e+00,1.334655e-03,8.001076e-05,-2.035822e-04,1.239501e-02,-1.767749e-02,-2.838302e-02,-6.404064e-04,-2.291668e-03,4.318611e-03,2.740330e-03,2.488419e-03,-2.472850e-02,-6.830671e-02,1.539630e-03,3.974354e-03,-4.070494e-02,-2.285680e-02,-1.607667e-02,-4.251885e-03,2.847475e-02,3.359535e-02,4.032449e-02,6.146729e-03,3.315675e-02,-1.991490e-02,-1.107384e-01,-1.818688e-01,-1.821500e-01,-9.010021e-02,-1.004206e-02,-6.180567e-02,-4.657461e-02,-9.534473e-03,-5.062914e-03,-7.158923e-03,4.516155e-04,-6.249999e+00,-8.333330e+00,-2.083331e+00,-2.083331e+00,-1.155047e-02,-3.168356e-02,-2.279667e+04,-3.670690e-02,-1.723129e-01,6.139368e-04,5.920693e-01,-2.482167e-01,-1.078659e-01,2.410455e+00,-1.266084e+00,-7.111394e-01,3.528068e+00,1.015163e+00,1.871601e-01,8.136032e-01,-2.049726e+00,-4.757980e-01
fru,3.660000,1.706508e+02,8.036625e-01,1.248889e-02,7.783274e-04,7.736224e-02,8.865061e-01,1.085131e+00,9.165373e-02,6.458333e-02,1.752564e-01,3.561255e-01,5.108371e-01,8.948258e-01,7.787540e-01,4.611643e-01,6.687115e-01,7.448179e-01,8.652735e-01,8.685539e-01,8.163597e-01,8.794683e-01,9.733271e-01,1.381218e+00,1.774817e+00,2.065719e+00,1.871764e+00,1.979994e+00,2.075349e+00,1.942802e+00,1.646988e+00,1.228697e+00,1.026456e+00,7.963474e-01,7.135892e-01,7.161930e-01,1.009646e+00,6.571665e-02,1.666667e+02,1.979167e+02,3.437500e+02,375,1.750662e-01,3.231939e+00,3.196982e+05,3.875443e+00,1.787053e+01,-1.873940e-01,2.687489e+01,-7.213505e-01,6.483298e+01,3.417764e+00,-1.972458e+01,-8.144250e-01,-4.960246e+00,-1.565365e+01,-2.853456e+01,-1.896675e+01,2.312722e+01,-1.582526e+01,-1.299881e+00,-2.810240e-04,-1.135916e-03,5.543526e-04,1.262266e-02,-2.198258e-02,-3.222077e-02,-2.007023e-04,-4.583334e-03,3.148766e-03,1.056913e-03,2.398217e-03,-3.146704e-02,-6.704041e-02,1.969383e-02,1.625013e-02,-2.384527e-02,-1.254360e-02,-2.183131e-02,-1.229629e-02,1.298821e-02,4.076075e-02,2.699954e-02,3.445805e-02,9.102965e-03,-4.088432e-02,-1.424838e-01,-2.020333e-01,-2.024339e-01,-1.110285e-01,-3.869116e-03,-5.692071e-02,-3.748329e-02,-1.383934e-02,-2.459598e-02,2.695858e-03,-2.311569e-03,-3.125000e+00,1.250000e+01,0,0,-5.058962e-03,-4.354582e-02,-2.872585e+04,8.281956e-02,1.024840e+00,-4.771248e-04,7.995920e-01,-2.568197e-01,5.643616e-01,9.920637e-01,5.199108e-02,-2.825381e+00,1.876282e+00,4.064398e-02,-3.347836e-02,1.012368e+00,3.142893e-01,2.560638e-01
fru,3.670000,1.694120e+02,8.015974e-01,9.795777e-03,1.864232e-03,9.006667e-02,8.569887e-01,1.051338e+00,9.148709e-02,5.729167e-02,1.781035e-01,3.560092e-01,5.104291e-01,8.492355e-01,6.999174e-01,4.950460e-01,6.983079e-01,7.384939e-01,8.569162e-01,8.427209e-01,7.998889e-01,8.815594e-01,1.022912e+00,1.398211e+00,1.840917e+00,2.069142e+00,1.820716e+00,1.812821e+00,1.849250e+00,1.701844e+00,1.515689e+00,1.242306e+00,9.810999e-01,7.703965e-01,7.076771e-01,6.951876e-01,9.911244e-01,6.230446e-02,1.666667e+02,2.291667e+02,3.437500e+02,375,1.976126e-01,3.195236e+00,2.964813e+05,3.950961e+00,1.871732e+01,-1.838248e-01,2.753219e+01,-4.580441e-01,6.603158e+01,4.285936e+00,-2.006514e+01,-4.257766e+00,-6.298478e+00,-1.412141e+01,-2.914249e+01,-1.557126e+01,2.395274e+01,-1.543682e+01,-1.452811e+00,-1.586640e-03,-1.975464e-03,1.173043e-03,4.022381e-03,-1.803631e-02,-3.617422e-02,1.476964e-03,-3.958333e-03,4.763395e-04,-4.805043e-03,-2.142614e-03,-1.983714e-02,-4.534351e-02,2.797364e-02,4.840887e-03,-2.919824e-02,-1.217541e-02,-2.581594e-02,-1.567546e-02,1.125926e-03,3.616663e-02,1.170898e-03,3.596801e-02,-4.954209e-02,-7.323867e-02,-1.560937e-01,-1.903770e-01,-1.752352e-01,-9.022131e-02,-3.125787e-03,-5.300380e-02,-3.385214e-02,-2.008873e-02,-4.847959e-02,4.336430e-02,-4.089685e-03,9.375000e+00,2.812500e+01,0,0,7.340258e-03,-5.446475e-02,-3.585890e+04,2.412953e-01,2.556439e+00,-7.085063e-03,7.502316e-01,2.261667e-02,1.094078e+00,2.636337e-01,3.870619e-01,-3.808080e+00,-1.297486e+00,-4.938367e-01,-1.123687e+00,1.063877e+00,1.971172e+00,2.728580e-01
fru,3.680000,1.678608e+02,7.999703e-01,6.945230e-03,3.235415e-03,9.216863e-02,8.486643e-01,1.010351e+00,9.610551e-02,5.208333e-02,1.770641e-01,3.471179e-01,5.016833e-01,8.348997e-01,6.682663e-01,5.321615e-01,6.874924e-01,6.959231e-01,8.476775e-01,8.155949e-01,7.808291e-01,8.726997e-01,1.060437e+00,1.373714e+00,1.874489e+00,1.965980e+00,1.717997e+00,1.646028e+00,1.666124e+00,1.547257e+00,1.449646e+00,1.250408e+00,9.298910e-01,7.357077e-01,6.732860e-01,6.167490e-01,1.142858e+00,5.544878e-02,1.770833e+02,2.708333e+02,3.437500e+02,375,1.949097e-01,3.126497e+00,2.372079e+05,4.526077e+00,2.461857e+01,-2.094457e-01,2.919235e+01,-1.291031e+00,6.926722e+01,2.351368e+00,-1.650573e+01,-9.690418e+00,-1.024555e+01,-1.706994e+01,-3.317234e+01,-1.604157e+01,3.043988e+01,-1.442424e+01,-1.702065e+00,-2.111298e-03,-1.659616e-03,1.106540e-03,-3.396909e-03,-1.633703e-02,-3.886910e-02,1.926646e-03,-1.979167e-03,-3.251749e-03,-1.268667e-02,-4.811624e-03,5.936694e-03,-1.109032e-02,2.703353e-02,-1.862154e-02,-4.409871e-02,-1.850967e-02,-3.040784e-02,-1.334454e-02,-3.167951e-03,1.932539e-02,-1.656429e-02,8.799374e-03,-1.112623e-01,-9.897637e-02,-1.514475e-01,-1.533032e-01,-1.176717e-01,-5.718274e-02,-2.213086e-02,-5.487611e-02,-3.666658e-02,-2.438033e-02,-6.723881e-02,5.708469e-02,-5.261672e-03,2.395833e+01,3.125000e+01,0,0,1.410515e-02,-7.772791e-02,-3.996180e+04,3.497722e-01,3.645945e+00,-9.067717e-03,9.317982e-01,-2.034298e-01,1.022399e+00,-1.239079e-01,-2.045507e-01,-4.176837e+00,-2.810247e+00,-1.243639e+00,-1.109569e+00,-7.931308e-02,2.943894e+00,8.576651e-02
fru,3.690000,1.659676e+02,7.972977e-01,5.146340e-03,5.413294e-03,5.957901e-02,8.463896e-01,9.709985e-01,9.941079e-02,5.625000e-02,1.718457e-01,3.307073e-01,4.956773e-01,8.646229e-01,6.880770e-01,5.516875e-01,6.482645e-01,6.319912e-01,8.189028e-01,7.835362e-01,7.688381e-01,8.699357e-01,1.063869e+00,1.338736e+00,1.864599e+00,1.806865e+00,1.593594e+00,1.505681e+00,1.547394e+00,1.494254e+00,1.437860e+00,1.220665e+00,8.677444e-01,6.946840e-01,6.466584e-01,5.392703e-01,1.237463e+00,5.266842e-02,2.187500e+02,3.125000e+02,3.437500e+02,375,2.333596e-01,3.050346e+00,1.998375e+05,4.855380e+00,2.800414e+01,-2.251806e-01,2.943025e+01,-4.646766e-01,6.928122e+01,3.137338e+00,-2.009290e+01,-1.272479e+01,-1.494145e+01,-1.655564e+01,-3.346748e+01,-1.646122e+01,3.070463e+01,-1.558126e+01,-1.932994e+00,-2.580929e-03,4.580005e-04,1.179907e-03,-6.661872e-03,-2.360026e-02,-3.979823e-02,-1.621485e-04,-1.145834e-03,-7.391386e-03,-2.121413e-02,-4.454559e-03,2.791690e-02,1.503244e-02,2.605938e-02,-3.504315e-02,-5.165165e-02,-2.517363e-02,-3.605573e-02,-7.240748e-03,-2.812177e-03,-9.098768e-04,-1.728106e-02,-3.291792e-02,-1.402205e-01,-1.035477e-01,-1.404287e-01,-1.237310e-01,-7.475375e-02,-4.154992e-02,-5.481323e-02,-5.134348e-02,-3.721378e-02,-2.480919e-02,-6.920572e-02,9.570956e-04,-6.153291e-03,3.541667e+01,2.083333e+01,0,0,5.245924e-03,-1.031521e-01,-3.463043e+04,3.074203e-01,3.173791e+00,1.058462e-03,5.864990e-01,-2.197354e-02,-3.278969e-01,5.256405e-01,-1.854814e+00,-4.003954e+00,-2.438517e+00,-1.384557e+00,-4.248697e-01,6.076374e-01,1.444300e+00,-1.189936e-01
fru,3.700000,1.638627e+02,7.952558e-01,6.515525e-03,4.536498e-03,7.562152e-02,8.101205e-01,9.309555e-01,9.732511e-02,5.520833e-02,1.621265e-01,3.053431e-01,4.941549e-01,9.168155e-01,7.292226e-01,5.680112e-01,6.006255e-01,5.775757e-01,7.917318e-01,7.461071e-01,7.651624e-01,8.694404e-01,1.049476e+00,1.328134e+00,1.806972e+00,1.640545e+00,1.490443e+00,1.376326e+00,1.459761e+00,1.458239e+00,1.399989e+00,1.128863e+00,8.087527e-01,6.508707e-01,6.221969e-01,4.579576e-01,1.171901e+00,4.422631e-02,2.604167e+02,3.125000e+02,3.437500e+02,375,2.277185e-01,2.915745e+00,1.682110e+05,5.172095e+00,3.145684e+01,-2.120547e-01,3.058485e+01,-1.735183e+00,6.832016e+01,3.372524e+00,-2.073345e+01,-1.746510e+01,-1.468999e+01,-2.065473e+01,-3.191991e+01,-1.891834e+01,3.447075e+01,-1.532420e+01,-1.915669e+00,-4.447573e-03,2.750437e-03,1.367027e-03,-8.562429e-03,-3.978624e-02,-4.078842e-02,-3.747773e-03,-2.083333e-03,-1.076426e-02,-2.809801e-02,-3.610936e-03,2.688551e-02,1.284197e-02,3.098136e-02,-3.894524e-02,-4.670633e-02,-3.054912e-02,-4.014061e-02,-1.766694e-03,-4.654294e-03,-1.654007e-02,-8.335829e-03,-7.521929e-02,-1.247567e-01,-9.358630e-02,-1.351726e-01,-1.211738e-01,-7.423700e-02,-5.241010e-02,-8.137337e-02,-4.350774e-02,-3.424097e-02,-1.806809e-02,-4.735082e-02,-9.134798e-02,-7.177661e-03,3.333334e+01,8.333331e+00,0,-2.083331e+00,1.582757e-03,-1.026668e-01,-2.368730e+04,2.177381e-01,2.337386e+00,1.732644e-02,3.616669e-01,3.488445e-02,-1.389832e+00,1.515899e+00,-2.528969e+00,-2.722261e+00,-1.310504e+00,-7.182485e-01,-8.405733e-01,1.907162e+00,-3.409592e-01,-2.193266e-01
fru,3.710000,1.617461e+02,7.910500e-01,1.230063e-02,7.113224e-03,6.503087e-02,7.582593e-01,8.920448e-01,9.006654e-02,5.000000e-02,1.486153e-01,2.708260e-01,4.919205e-01,9.478621e-01,7.446014e-01,6.074181e-01,5.665256e-01,5.394093e-01,7.590209e-01,6.971862e-01,7.715185e-01,8.691282e-01,1.023843e+00,1.334596e+00,1.710085e+00,1.530756e+00,1.416754e+00,1.245528e+00,1.333777e+00,1.372585e+00,1.332768e+00,1.029013e+00,7.849517e-01,6.267461e-01,6.091757e-01,4.285547e-01,9.813883e-01,3.714925e-02,3.020833e+02,3.125000e+02,3.437500e+02,375,2.074378e-01,2.784851e+00,1.578276e+05,5.165053e+00,3.116714e+01,-1.772280e-01,2.976843e+01,-3.458355e-01,6.486562e+01,6.403561e+00,-2.722535e+01,-2.039020e+01,-1.626884e+01,-1.925180e+01,-3.189305e+01,-1.109469e+01,2.915881e+01,-1.558181e+01,-1.525008e+00,-9.088862e-03,3.988998e-03,1.640618e-03,-1.254619e-02,-4.954930e-02,-4.258714e-02,-6.241925e-03,-3.125000e-03,-1.214350e-02,-3.043122e-02,-4.731447e-03,1.510262e-03,-1.437845e-02,3.530806e-02,-3.578093e-02,-3.592645e-02,-3.082015e-02,-3.711786e-02,-3.545237e-03,-1.215528e-02,-2.270666e-02,-5.346096e-03,-1.097996e-01,-8.743272e-02,-8.637343e-02,-1.381321e-01,-1.395991e-01,-9.223998e-02,-6.647600e-02,-8.407486e-02,-3.670229e-02,-2.966837e-02,-1.204695e-02,-1.645556e-02,-1.423126e-01,-7.624555e-03,1.666667e+01,0,0,-5.208334e+00,-1.112241e-02,-6.507182e-02,-1.470657e+04,1.736417e-01,2.058894e+00,2.610737e-02,3.868656e-02,4.084919e-01,-1.768478e+00,2.023773e+00,-1.302658e+00,-1.311478e+00,-2.146209e-01,7.259758e-01,-2.693565e+00,2.652986e+00,-1.674300e+00,-3.476287e-01
fru,3.720000,1.603932e+02,7.808563e-01,1.712027e-02,9.220582e-03,4.663056e-02,6.937982e-01,8.458855e-01,8.203877e-02,4.479167e-02,1.348580e-01,2.365685e-01,4.855070e-01,9.277077e-01,7.042139e-01,6.592030e-01,5.336357e-01,5.086824e-01,7.248729e-01,6.580668e-01,7.706555e-01,8.498320e-01,9.977491e-01,1.334105e+00,1.575649e+00,1.480250e+00,1.338485e+00,1.100242e+00,1.167063e+00,1.236907e+00,1.240141e+00,9.393675e-01,7.537487e-01,5.984718e-01,6.016869e-01,4.353527e-01,8.141548e-01,2.732006e-02,3.020833e+02,3.125000e+02,3.437500e+02,3.645833e+02,2.157844e-01,2.745910e+00,1.397763e+05,5.459930e+00,3.472400e+01,-1.467898e-01,3.083159e+01,-1.176029e+00,6.452586e+01,8.297753e+00,-2.558435e+01,-1.946902e+01,-1.613438e+01,-1.931310e+01,-3.816242e+01,-9.189021e+00,2.950800e+01,-1.552061e+01,-8.894119e-01,-1.631789e-02,3.244539e-03,1.595177e-03,-1.802947e-02,-5.370959e-02,-4.410634e-02,-6.966123e-03,-1.875000e-03,-1.089877e-02,-2.597082e-02,-7.169664e-03,-3.289843e-02,-4.698715e-02,2.564433e-02,-2.971104e-02,-2.068054e-02,-3.015006e-02,-2.652597e-02,-1.447158e-02,-2.610708e-02,-2.645079e-02,-2.445654e-02,-1.355644e-01,-6.565205e-02,-9.287293e-02,-1.389387e-01,-1.510555e-01,-9.549659e-02,-5.614918e-02,-6.287749e-02,-3.729919e-02,-2.516738e-02,-4.245347e-03,1.538761e-02,-1.403440e-01,-7.325321e-03,3.051758e-06,0,0,-8.333334e+00,-1.212961e-02,-1.590240e-02,-1.382489e+04,5.095449e-01,9.834537e+00,2.547311e-02,-1.082499e-01,1.446729e+00,-1.923704e+00,1.239064e+00,4.662167e-01,6.366150e-01,3.683683e-01,2.377263e+00,-4.010064e+00,1.715007e+00,-2.754048e+00,-5.007248e-01
fru,3.730000,1.600773e+02,7.590532e-01,1.978896e-02,1.127434e-02,1.134353e-02,6.568042e-01,8.005977e-01,7.584434e-02,4.583333e-02,1.247625e-01,2.129385e-01,4.763440e-01,8.667281e-01,6.286891e-01,6.826320e-01,5.028548e-01,4.868056e-01,6.982315e-01,6.419671e-01,7.483654e-01,8.189635e-01,9.761987e-01,1.309020e+00,1.431262e+00,1.449849e+00,1.237706e+00,9.530628e-01,9.957473e-01,1.143720e+00,1.185403e+00,8.950389e-01,7.117350e-01,5.725417e-01,5.966787e-01,4.682950e-01,7.047725e-01,2.299876e-02,2.812500e+02,3.125000e+02,3.437500e+02,3.541667e+02,1.837146e-01,2.809904e+00,1.405221e+05,5.579670e+00,3.666504e+01,-1.272761e-01,2.950031e+01,1.298206e+00,6.233598e+01,1.079359e+01,-2.418074e+01,-1.828022e+01,-1.529236e+01,-1.359658e+01,-4.381406e+01,-8.060947e+00,2.481450e+01,-1.722121e+01,-3.236354e+01,-2.080879e-02,-2.272748e-03,-1.301521e-03,-1.643744e-02,-6.066106e-02,-4.685940e-02,-7.351519e-03,-5.208336e-04,-7.943913e-03,-1.819615e-02,-1.055868e-02,-5.905000e-02,-6.505581e-02,-2.630925e-03,-2.205142e-02,3.364086e-04,-2.644051e-02,-1.358967e-02,-3.224893e-02,-4.466076e-02,-3.291062e-02,-6.743407e-02,-1.557298e-01,-9.098598e-02,-1.131737e-01,-1.302694e-01,-1.362239e-01,-7.991030e-02,-3.717842e-02,-3.679102e-02,-4.101740e-02,-2.155746e-02,-1.340598e-03,2.826870e-02,-1.244377e-01,-7.003462e-03,-9.375000e+00,0,0,-8.333334e+00,-6.666985e-03,-3.425431e-03,-1.946506e+04,1.091981e+00,2.352997e+01,2.255979e-02,1.040720e-01,2.273811e+00,-2.426879e+00,-7.021340e-01,2.241214e+00,1.554587e+00,8.855479e-01,2.497683e+00,-2.634038e+00,-1.408141e+00,-2.367577e+00,4.323888e-01
fru,3.740000,1.602500e+02,7.296648e-01,1.899406e-02,1.043182e-02,1.231783e-02,5.923001e-01,7.561473e-01,6.960560e-02,4.791667e-02,1.195591e-01,2.044328e-01,4.660949e-01,7.928904e-01,5.522431e-01,6.586259e-01,4.839058e-01,5.004749e-01,6.713762e-01,6.410868e-01,7.043810e-01,7.639874e-01,9.410442e-01,1.218640e+00,1.268561e+00,1.352739e+00,1.115603e+00,8.278652e-01,8.734984e-01,1.095188e+00,1.192925e+00,8.814624e-01,6.588652e-01,5.521361e-01,6.072186e-01,5.150255e-01,6.084886e-01,1.467494e-02,2.708333e+02,3.125000e+02,3.437500e+02,3.437500e+02,1.789320e-01,2.823707e+00,1.077394e+05,7.512511e+00,7.788058e+01,-1.096651e-01,3.017766e+01,4.676441e+00,5.996646e+01,7.372828e+00,-1.992467e+01,-1.533701e+01,-1.333639e+01,-1.159602e+01,-4.600973e+01,-1.186018e+01,2.287266e+01,-1.700813e+01,-4.808637e+01,-1.987997e-02,-5.402949e-03,-2.971551e-03,-1.046046e-02,-7.526372e-02,-5.243354e-02,-9.154269e-03,-6.249998e-04,-5.873561e-03,-1.337336e-02,-1.832750e-02,-7.324736e-02,-6.453889e-02,-3.680628e-02,-8.136550e-03,2.390613e-02,-2.612711e-02,-1.154348e-02,-4.923780e-02,-6.323694e-02,-5.007581e-02,-1.244848e-01,-1.756229e-01,-1.527565e-01,-1.336454e-01,-1.108816e-01,-1.056490e-01,-7.242495e-02,-3.478100e-02,-1.690381e-02,-3.901138e-02,-1.660507e-02,-7.618427e-03,2.373168e-02,-1.321115e-01,-6.509618e-03,-1.145833e+01,0,0,-5.208334e+00,6.986001e-03,-7.150817e-03,-2.319345e+04,1.388909e+00,3.044093e+01,2.397739e-02,1.981626e-01,2.719918e+00,-3.379446e+00,-2.610830e+00,2.007730e+00,2.180727e+00,1.278671e+00,2.124833e+00,7.945694e-01,-2.767660e+00,-3.303006e+00,1.492277e+00
fru,3.750000,0,7.126018e-01,0,0,0,5.057031e-01,7.026169e-01,5.952553e-02,4.583333e-02,1.165452e-01,1.959131e-01,4.488331e-01,7.200207e-01,4.953078e-01,5.945520e-01,4.811335e-01,5.451952e-01,6.535667e-01,6.377278e-01,6.434111e-01,6.887468e-01,8.876427e-01,1.055159e+00,1.084980e+00,1.139582e+00,9.623272e-01,7.303694e-01,7.994396e-01,1.043893e+00,1.170484e+00,8.740101e-01,6.273065e-01,5.421267e-01,5.997068e-01,5.300618e-01,4.620328e-01,8.454494e-03,2.708333e+02,3.125000e+02,3.437500e+02,3.437500e+02,1.925291e-01,2.728826e+00,7.652082e+04,9.598666e+00,1.272387e+02,-8.299144e-02,3.061576e+01,8.096986e+00,5.501093e+01,3.355353e+00,-1.884912e+01,-1.468327e+01,-1.324009e+01,-1.062192e+01,-4.113959e+01,-1.679982e+01,2.063859e+01,-1.267610e+01,-4.804045e+01,-1.543089e-01,-5.857197e-03,-3.298051e-03,-3.500489e-03,-8.875018e-02,-6.244149e-02,-1.181871e-02,-1.041666e-03,-6.814229e-03,-1.510551e-02,-3.306947e-02,-8.382507e-02,-5.646198e-02,-6.229867e-02,8.766696e-03,3.509656e-02,-3.255811e-02,-2.078472e-02,-5.809688e-02,-7.325397e-02,-7.046004e-02,-1.713164e-01,-1.910133e-01,-2.096663e-01,-1.459705e-01,-8.709519e-02,-8.033182e-02,-9.283059e-02,-7.424919e-02,-1.776947e-02,-3.749300e-02,-1.851739e-02,-2.801888e-02,-3.407240e-04,-1.517369e-01,-5.647803e-03,-1.458333e+01,0,0,0,1.574000e-02,3.289654e-02,-1.457167e+04,8.781044e-01,1.946355e+01,2.748970e-02,4.685255e-01,9.959034e-01,-3.748059e+00,-3.146767e+00,1.677841e+00,1.915400e+00,9.272084e-01,1.119058e+00,4.633560e+00,-2.856737e+00,-3.255019e+00,1.515235e+00
fru,3.760000,0,7.046821e-01,0,0,0,3.930302e-01,6.327082e-01,4.442683e-02,4.166667e-02,1.095988e-01,1.782144e-01,4.076250e-01,6.348246e-01,4.482101e-01,5.192116e-01,5.038136e-01,5.990183e-01,6.165698e-01,6.024690e-01,5.769436e-01,5.987557e-01,7.916481e-01,8.386119e-01,8.706760e-01,8.716013e-01,8.079475e-01,6.571805e-01,7.369722e-01,9.246961e-01,1.073696e+00,8.653628e-01,6.009061e-01,5.306540e-01,5.620807e-01,5.231277e-01,2.749673e-01,2.044108e-03,250,3.125000e+02,3.437500e+02,3.437500e+02,2.463071e-01,2.750695e+00,5.580972e+04,1.039498e+01,1.416418e+02,-4.904518e-02,3.126468e+01,9.024170e+00,5.129115e+01,-1.037278e+00,-1.821151e+01,-1.036386e+01,-1.076715e+01,-1.017626e+01,-3.552681e+01,-1.865788e+01,1.508092e+01,-1.033177e+01,-3.205000e+01,-2.171932e-01,-3.798811e-03,-2.086365e-03,-2.463567e-03,-8.473242e-02,-7.039272e-02,-1.319090e-02,-4.166666e-04,-1.012039e-02,-1.986517e-02,-5.119907e-02,-9.808835e-02,-5.280932e-02,-7.271876e-02,1.963303e-02,2.366037e-02,-4.343467e-02,-3.377782e-02,-5.307501e-02,-6.211350e-02,-7.917975e-02,-1.820116e-01,-1.862670e-01,-2.164721e-01,-1.398660e-01,-6.533483e-02,-7.232855e-02,-1.190991e-01,-1.314264e-01,-3.105756e-02,-3.890978e-02,-2.717495e-02,-5.481014e-02,-3.236392e-02,-1.488544e-01,-3.513410e-03,-2.395834e+01,-8.333331e+00,-8.333331e+00,3.124997e+00,1.634090e-03,1.155819e-01,6.481704e+03,-2.736099e-01,-6.811025e+00,2.681566e-02,8.383312e-02,-1.263023e+00,-3.096488e+00,-1.702471e+00,2.417353e+00,1.655373e+00,1.377313e+00,9.077495e-01,6.924443e+00,-9.335791e-01,-3.603934e+00,-5.119335e-01
fru,3.770000,0,0,0,0,0,3.126883e-01,5.501099e-01,2.934016e-02,4.375000e-02,9.567151e-02,1.505201e-01,3.402316e-01,5.266357e-01,3.983957e-01,4.408458e-01,5.367343e-01,6.130167e-01,5.628442e-01,5.573524e-01,5.215997e-01,5.353094e-01,6.985965e-01,6.424519e-01,6.751387e-01,6.420861e-01,6.616809e-01,6.029292e-01,6.623513e-01,7.648134e-01,8.737719e-01,8.142413e-01,5.532495e-01,4.906957e-01,4.791532e-01,4.625402e-01,1.128487e-01,1.075166e-03,2.187500e+02,3.125000e+02,3.437500e+02,3.541667e+02,2.287270e-01,3.010893e+00,9.362853e+04,8.528958e+00,1.021022e+02,-2.013760e-02,3.129943e+01,4.103858e+00,4.793334e+01,-7.351942e-01,-1.664812e+01,-1.118980e+01,-1.194094e+01,-8.711167e+00,-2.588772e+01,-1.894578e+01,1.243528e+01,-1.298321e+01,0,-2.129886e-01,0,0,0,-6.516620e-02,-6.786765e-02,-1.139151e-02,2.812500e-03,-1.274813e-02,-2.043120e-02,-6.309402e-02,-1.108416e-01,-5.616089e-02,-6.727289e-02,1.867404e-02,-1.045346e-03,-5.286831e-02,-3.711225e-02,-3.095516e-02,-3.121719e-02,-6.546418e-02,-1.526049e-01,-1.545956e-01,-1.680154e-01,-1.117242e-01,-4.605572e-02,-7.301917e-02,-1.225808e-01,-1.583724e-01,-4.303984e-02,-4.090763e-02,-3.648011e-02,-6.999350e-02,-5.663256e-02,-1.101915e-01,-1.677830e-03,-3.437500e+01,-2.291667e+01,-2.291667e+01,-5.208334e+00,-2.757433e-02,1.594534e-01,1.952692e+04,-9.699873e-01,-2.309315e+01,1.975337e-02,-3.347042e-01,-2.727252e+00,-2.109182e+00,1.016668e-01,4.229271e+00,1.745185e+00,2.746487e+00,1.182541e+00,7.756831e+00,1.101833e+00,-3.331672e+00,-2.779748e+00
fru,3.780000,0,0,0,0,0,2.651454e-01,4.804372e-01,1.874378e-02,4.687500e-02,7.939399e-02,1.278034e-01,2.644003e-01,3.991411e-01,3.366525e-01,3.718852e-01,5.542705e-01,5.848660e-01,4.995641e-01,5.123854e-01,4.999117e-01,5.301385e-01,6.396685e-01,5.149350e-01,5.421472e-01,5.191264e-01,5.665960e-01,5.649111e-01,5.803998e-01,6.392322e-01,6.841491e-01,7.560590e-01,5.013447e-01,4.419768e-01,3.934447e-01,3.869667e-01,3.880862e-02,7.975591e-04,1.770833e+02,2.708333e+02,3.020833e+02,3.541667e+02,1.690035e-01,3.260583e+00,1.315940e+05,6.679315e+00,5.639372e+01,-7.013694e-03,3.025499e+01,3.578887e-01,4.802282e+01,9.057490e-01,-8.938411e+00,-8.806885e+00,-7.099401e+00,-8.012650e+00,-1.901345e+01,-1.545509e+01,8.954647e+00,-1.941424e+01,0,-4.539502e-03,0,0,0,-3.765513e-02,-5.041090e-02,-7.535066e-03,6.145834e-03,-1.174795e-02,-1.526246e-02,-6.126983e-02,-1.112173e-01,-6.015787e-02,-4.960315e-02,7.128447e-03,-2.067323e-02,-4.659747e-02,-2.201869e-02,5.490839e-03,1.136841e-02,-2.558329e-02,-9.735624e-02,-1.019473e-01,-9.589596e-02,-7.026929e-02,-2.815919e-02,-6.458517e-02,-9.097032e-02,-1.381439e-01,-3.482047e-02,-2.631966e-02,-3.341490e-02,-6.358665e-02,-6.507113e-02,-5.870705e-02,-3.035019e-04,-3.958333e+01,-3.854166e+01,-3.020833e+01,6.041668e+01,-4.454095e-02,1.737016e-01,4.552950e+04,-1.111048e+00,-2.382728e+01,1.045502e-02,-1.036352e+00,-3.012992e+00,-2.118794e+00,1.307819e+00,6.090942e+00,1.715179e+00,4.469028e+00,1.164361e+00,7.880448e+00,1.417794e+00,-1.901828e+00,-2.802931e+00
fru,3.790000,0,0,0,0,0,2.438145e-01,4.394142e-01,1.540950e-02,5.729167e-02,6.790701e-02,1.189626e-01,2.049754e-01,2.836544e-01,2.702821e-01,3.318507e-01,5.492752e-01,5.470446e-01,4.477279e-01,4.972084e-01,5.271513e-01,5.669694e-01,6.363116e-01,4.539727e-01,4.762663e-01,4.757429e-01,5.243818e-01,5.462255e-01,5.126299e-01,5.737207e-01,5.733955e-01,7.134629e-01,4.725490e-01,4.040647e-01,3.340573e-01,3.149795e-01,2.915441e-02,6.886211e-04,1.354167e+02,2.187500e+02,250,3.125000e+02,9.330922e-02,3.271149e+00,1.362632e+05,6.606562e+00,5.439702e+01,-5.240346e-03,2.944708e+01,-1.206131e+00,4.609919e+01,2.892174e+00,-2.339312e+00,-6.735832e+00,-1.341532e+00,-5.791024e+00,-1.061211e+01,-1.289205e+01,7.043367e+00,-2.203361e+01,0,2.067364e-01,0,0,0,-1.663804e-02,-2.191164e-02,-4.132101e-03,7.708333e-03,-7.693380e-03,-8.257142e-03,-4.798489e-02,-9.318432e-02,-5.708797e-02,-2.263792e-02,-4.054821e-03,-1.988933e-02,-2.281117e-02,6.248635e-03,4.310072e-02,4.442145e-02,2.253140e-02,-4.162945e-02,-5.055270e-02,-3.302259e-02,-2.632670e-02,-1.204385e-02,-4.068324e-02,-4.636190e-02,-7.874771e-02,1.107345e-02,1.476086e-02,-1.076731e-02,-3.603717e-02,-5.206575e-02,-2.078681e-02,-7.429418e-05,-2.500000e+01,-3.125000e+01,-1.666667e+01,1.229167e+02,-3.782533e-02,1.604357e-01,6.806377e+04,-8.239086e-01,-1.429965e+01,3.705869e-03,-1.666010e+00,-2.027287e+00,-3.005654e+00,4.457701e-01,5.496083e+00,2.751625e-01,5.465022e+00,-2.068557e-01,6.284159e+00,1.171770e+00,-7.897531e-01,-3.034622e-01
fru,3.800000,0,6.819846e-01,0,0,0,2.391914e-01,4.360015e-01,1.371683e-02,6.562500e-02,6.474134e-02,1.176809e-01,1.689039e-01,2.002287e-01,2.114775e-01,3.256933e-01,5.331854e-01,5.286382e-01,4.411405e-01,5.224476e-01,6.016220e-01,6.397677e-01,6.948741e-01,4.460703e-01,4.603755e-01,4.752931e-01,5.252506e-01,5.447364e-01,4.889070e-01,5.653909e-01,5.331643e-01,7.416497e-01,5.096580e-01,4.068950e-01,3.166954e-01,2.715524e-01,2.327925e-02,7.198712e-04,9.375000e+01,1.666667e+02,2.395833e+02,6.666667e+02,9.131127e-02,3.489075e+00,2.621399e+05,5.800939e+00,4.635796e+01,-4.218697e-03,2.700909e+01,-3.385794e+00,4.161426e+01,3.688133e+00,5.088798e+00,-4.014946e+00,6.278285e+00,-5.814530e+00,-3.762370e+00,-1.459578e+01,8.267734e+00,-1.982123e+01,3.215252e+01,2.107255e-01,0,0,0,-3.326875e-03,8.418637e-03,-2.382342e-03,9.062501e-03,-3.893285e-03,-5.246280e-03,-3.143522e-02,-6.120891e-02,-4.291910e-02,3.609401e-03,-8.315223e-03,-7.870441e-03,9.540129e-03,3.772777e-02,7.193372e-02,6.582887e-02,6.590388e-02,1.047879e-03,-1.430017e-02,5.105889e-03,4.293871e-03,3.946531e-03,-7.920384e-03,-1.315641e-02,-1.368360e-02,8.618046e-02,7.448623e-02,2.630580e-02,1.564357e-03,-2.864161e-02,-7.379064e-03,9.206979e-06,-2.083331e+00,-9.375002e+00,1.250000e+01,1.562500e+02,-2.075174e-02,1.759963e-01,9.292905e+04,-7.754611e-01,-9.439160e+00,1.318587e-03,-2.307775e+00,-1.213861e+00,-4.032204e+00,-8.509225e-02,3.822032e+00,-2.842239e+00,2.885594e+00,-2.779583e+00,4.580490e+00,3.855158e-01,2.755731e-01,2.086310e+00
fru,3.810000,0,6.926894e-01,0,0,0,2.424751e-01,4.627695e-01,1.119313e-02,7.291666e-02,6.453094e-02,1.142957e-01,1.480553e-01,1.601703e-01,1.755433e-01,3.507521e-01,5.270028e-01,5.416839e-01,4.780001e-01,5.835645e-01,6.862481e-01,7.026021e-01,7.836507e-01,4.687370e-01,4.632610e-01,4.988898e-01,5.507202e-01,5.527973e-01,5.046815e-01,5.699245e-01,5.555257e-01,8.768132e-01,6.228971e-01,4.544002e-01,3.373421e-01,2.599186e-01,1.667939e-02,7.425388e-04,1.354167e+02,2.083333e+02,2.916667e+02,8.125000e+02,7.844649e-02,3.698825e+00,3.686745e+05,4.848603e+00,3.562181e+01,-3.005754e-03,2.459233e+01,-4.160738e+00,3.610935e+01,1.024644e-01,3.818698e+00,-1.220995e+01,8.695328e+00,-1.084451e+01,-2.092463e+00,-1.351658e+01,8.829968e+00,-1.429702e+01,4.822878e+01,1.422922e-01,0,0,6.065857e-02,2.914247e-03,3.328795e-02,-1.794909e-03,8.750000e-03,-2.578407e-03,-6.030160e-03,-1.766749e-02,-2.722046e-02,-2.067496e-02,2.109278e-02,-9.657639e-03,-2.348781e-04,3.273749e-02,5.663250e-02,8.531041e-02,8.481055e-02,9.900115e-02,2.677822e-02,2.808642e-03,2.409246e-02,1.960328e-02,2.373089e-02,2.005392e-02,6.019056e-04,4.517666e-02,1.705853e-01,1.327257e-01,6.651304e-02,4.112041e-02,-3.824598e-03,-5.526140e-03,3.721397e-05,1.979167e+01,1.041667e+01,2.916667e+01,7.812500e+01,-1.096505e-02,1.613484e-01,8.346767e+04,-7.308770e-01,-9.325315e+00,9.744102e-04,-2.423994e+00,-7.470977e-02,-3.508314e+00,-4.818801e-02,2.293726e+00,-5.356233e+00,-9.258837e-01,-4.516010e+00,3.504447e+00,3.989104e-01,-7.550270e-01,3.404584e+00
fru,3.820000,1.607626e+02,7.072825e-01,0,0,0,2.491807e-01,5.108528e-01,8.940260e-03,8.437500e-02,6.161560e-02,1.039055e-01,1.356842e-01,1.548385e-01,1.694264e-01,3.804815e-01,5.238306e-01,5.481941e-01,5.321286e-01,6.578462e-01,7.800319e-01,7.914665e-01,8.955183e-01,5.127922e-01,4.771490e-01,5.330824e-01,5.748962e-01,5.813579e-01,5.447721e-01,5.753483e-01,6.246660e-01,1.105286e+00,7.986018e-01,5.483381e-01,3.996241e-01,2.712891e-01,8.150805e-03,8.166351e-04,1.666667e+02,2.291667e+02,3.437500e+02,8.854167e+02,7.267617e-02,3.926726e+00,4.800337e+05,3.680989e+00,1.858553e+01,-1.538054e-03,2.114349e+01,-4.234113e+00,3.285672e+01,1.875142e+00,7.092744e+00,-2.028102e+01,2.310138e+00,-1.938383e+01,-3.708223e-01,-1.321525e+01,9.439212e+00,-1.285098e+01,1.607626e+01,2.449024e-03,0,0,3.032929e-02,4.356141e-03,4.800736e-02,-1.210110e-03,9.166666e-03,-3.054996e-03,-5.869492e-03,-7.304755e-03,-1.817396e-03,1.787567e-03,3.059584e-02,-1.152897e-02,-2.451044e-03,3.327965e-02,5.544312e-02,8.584716e-02,1.063035e-01,1.197224e-01,3.709866e-02,4.221964e-03,2.803911e-02,2.463936e-02,4.927478e-02,3.274807e-02,1.745343e-04,9.688588e-02,2.222582e-01,1.636557e-01,9.627082e-02,7.732638e-02,1.464570e-02,-3.660316e-03,3.326995e-05,1.875000e+01,9.375000e+00,2.187500e+01,1.041663e+00,-1.350509e-02,9.628677e-02,5.193985e+04,-4.434229e-01,-6.324901e+00,6.396319e-04,-1.912195e+00,8.386723e-01,-2.436902e+00,8.189896e-01,1.669260e+00,-4.912575e+00,-3.419590e+00,-3.182168e+00,4.451268e+00,5.056700e-01,-2.302233e+00,2.272523e+00
fru,3.830000,1.607626e+02,6.988120e-01,0,0,3.032929e-01,2.533911e-01,5.684283e-01,8.823243e-03,9.166667e-02,5.657784e-02,9.569949e-02,1.332477e-01,1.702471e-01,1.879329e-01,4.099205e-01,5.056644e-01,5.360922e-01,5.659214e-01,7.126715e-01,8.644984e-01,9.151728e-01,1.030995e+00,5.545028e-01,4.819227e-01,5.673106e-01,5.975754e-01,6.465692e-01,5.849670e-01,5.717515e-01,7.535279e-01,1.384571e+00,9.917056e-01,6.659083e-01,4.981950e-01,2.959882e-01,9.087928e-03,8.263090e-04,1.979167e+02,2.395833e+02,3.437500e+02,5.937500e+02,4.780150e-02,3.859065e+00,4.446548e+05,4.012152e+00,2.165666e+01,-1.708616e-03,2.025992e+01,-1.155520e+00,3.293639e+01,3.557729e+00,8.127345e+00,-2.538396e+01,-3.986877e+00,-2.158642e+01,5.214347e+00,-1.158777e+01,2.682492e+00,-8.495811e+00,-1.607626e+01,-1.401493e-01,0,0,0,2.755400e-03,5.206154e-02,-6.333226e-04,9.270835e-03,-2.808663e-03,-2.108109e-03,1.979977e-04,8.976594e-03,1.701193e-02,3.736331e-02,-1.208626e-02,-8.042884e-03,1.785625e-02,4.043706e-02,7.597259e-02,1.288468e-01,1.336642e-01,3.863380e-02,-4.123652e-03,2.152452e-02,2.729172e-02,7.230159e-02,3.383364e-02,-4.978537e-04,1.317294e-01,2.112477e-01,1.518949e-01,1.065329e-01,1.041907e-01,2.376003e-02,-1.836490e-03,2.209278e-05,3.124999e+00,1.041669e+00,1.250000e+01,7.083333e+01,-1.184473e-02,9.090173e-02,4.219745e+04,-2.244562e-01,-3.240785e+00,3.117566e-04,-1.115933e+00,8.887512e-01,-1.586384e+00,9.643847e-01,1.567963e+00,-2.551305e+00,-3.201280e+00,2.770063e-01,5.692332e+00,5.053818e-01,-2.448981e+00,1.151759e+00
fru,3.840000,0,6.911684e-01,0,0,0,2.555141e-01,6.232089e-01,8.851220e-03,1.020833e-01,5.344291e-02,9.763154e-02,1.397839e-01,1.861033e-01,2.142206e-01,4.490883e-01,4.862097e-01,5.191788e-01,5.635782e-01,7.351096e-01,9.417327e-01,1.065000e+00,1.169814e+00,5.886807e-01,4.721545e-01,5.812782e-01,6.250197e-01,7.442244e-01,6.125046e-01,5.653501e-01,9.185926e-01,1.599062e+00,1.143532e+00,7.824950e-01,6.229008e-01,3.267461e-01,8.773401e-03,8.443358e-04,1.562500e+02,1.979167e+02,3.229167e+02,7.812500e+02,3.910831e-02,3.890388e+00,4.838490e+05,4.002050e+00,2.171603e+01,-1.669106e-03,1.961432e+01,-6.950408e-01,3.101623e+01,6.055449e+00,1.128078e+01,-2.199082e+01,-4.478562e+00,-1.635441e+01,1.484057e+01,-1.303184e+01,-1.696963e-01,-1.135922e+01,-4.822878e+01,-2.113377e-01,0,0,-3.032929e-02,-1.677969e-03,4.532558e-02,-4.689899e-04,8.750000e-03,-1.123867e-03,2.630755e-03,3.953476e-03,8.004418e-03,2.308599e-02,4.702826e-02,-1.799649e-03,-2.009195e-03,2.493686e-03,2.033494e-02,4.886616e-02,1.275387e-01,1.311966e-01,3.605769e-02,-1.459320e-02,1.147683e-02,2.725316e-02,7.352526e-02,2.906275e-02,5.074644e-03,1.380691e-01,1.394368e-01,1.022851e-01,9.119388e-02,1.081057e-01,2.131729e-02,-8.080940e-04,-2.183819e-05,-4.166667e+00,9.375000e+00,1.458333e+01,1.979167e+02,-8.621728e-03,1.343031e-01,4.245370e+04,-1.077120e-01,-8.515604e-01,1.429870e-04,-2.669243e-01,3.316154e-01,-1.520974e+00,-7.709121e-01,5.299074e-01,-1.608693e+00,-4.759952e-01,3.570802e+00,4.799081e+00,5.732078e-02,-9.463224e-01,-1.560326e-01
fru,3.850000,0,0,0,0,0,2.530854e-01,6.668991e-01,8.071033e-03,1.104167e-01,5.457397e-02,1.068921e-01,1.469955e-01,1.894209e-01,2.382059e-01,5.032652e-01,4.853820e-01,5.159771e-01,5.515566e-01,7.471181e-01,9.852607e-01,1.210070e+00,1.314824e+00,6.239618e-01,4.451400e-01,5.824144e-01,6.621169e-01,8.328720e-01,6.399835e-01,5.724344e-01,1.067209e+00,1.686164e+00,1.209906e+00,8.699861e-01,7.466571e-01,3.509902e-01,7.185644e-03,8.391523e-04,1.562500e+02,2.291667e+02,3.645833e+02,1.218750e+03,3.600677e-02,4.171503e+00,5.777541e+05,3.565791e+00,1.785263e+01,-1.381445e-03,1.977725e+01,-1.486517e+00,2.909767e+01,2.834235e+00,9.564499e+00,-2.411158e+01,-3.916723e+00,-1.097418e+01,1.876350e+01,-1.108138e+01,1.389519e+00,-9.284112e+00,-3.215252e+01,-2.088792e-01,0,0,-6.065857e-02,-8.916952e-03,2.841405e-02,-7.567129e-04,7.291666e-03,5.695149e-04,3.499661e-03,2.582207e-03,2.841108e-03,2.275994e-02,4.900847e-02,1.833185e-02,1.126280e-02,-3.013015e-04,1.814145e-03,7.149398e-03,8.502039e-02,9.190549e-02,3.002319e-02,-1.763715e-02,3.004301e-03,1.821523e-02,4.415690e-02,2.475393e-02,1.960542e-02,1.080442e-01,3.538229e-02,3.135725e-02,5.460323e-02,8.223680e-02,8.575913e-03,-1.437555e-03,-7.950715e-05,-5.208333e+00,2.500000e+01,2.500000e+01,2.239583e+02,-3.202572e-03,1.897609e-01,4.723337e+04,-1.817043e-01,-1.624645e+00,2.649558e-04,1.044331e-01,-1.858111e-01,-1.202249e+00,-2.749093e+00,-5.621659e-01,-1.192971e+00,1.095616e+00,4.073773e+00,1.301070e+00,-3.106524e-01,1.975856e+00,-8.384752e-01
fru,3.860000,0,0,0,0,0,2.409437e-01,6.882452e-01,6.971415e-03,1.187500e-01,5.699820e-02,1.114629e-01,1.485777e-01,1.852738e-01,2.597198e-01,5.689505e-01,5.249736e-01,5.482057e-01,5.517794e-01,7.422976e-01,9.639816e-01,1.281711e+00,1.409587e+00,6.583511e-01,4.225744e-01,5.829146e-01,6.788912e-01,8.558328e-01,6.625776e-01,6.003801e-01,1.158171e+00,1.651674e+00,1.200927e+00,9.022686e-01,8.159216e-01,3.503746e-01,5.061476e-03,7.010225e-04,1.666667e+02,2.812500e+02,4.062500e+02,1.562500e+03,3.546489e-02,4.442023e+00,6.257525e+05,3.365609e+00,1.622974e+01,-9.867051e-04,2.005020e+01,-2.410538e+00,2.717120e+01,-1.617671e+00,9.023705e+00,-2.896068e+01,-1.049156e-01,-6.835936e+00,1.685000e+01,-1.318184e+01,5.354086e+00,-1.323699e+01,0,-1.382337e-01,0,0,0,-1.670090e-02,3.963429e-03,-8.565971e-04,3.124997e-04,9.219311e-04,-1.026701e-03,-2.207436e-03,5.285383e-04,1.947557e-02,3.583013e-02,3.457620e-02,1.982418e-02,7.521564e-03,-1.653204e-02,-4.135735e-02,9.204293e-03,1.617787e-02,1.446220e-02,-1.025244e-02,-4.458589e-03,-2.758676e-03,-1.980233e-03,1.823322e-02,3.214933e-02,4.987907e-02,-5.814420e-02,-3.836542e-02,4.254514e-03,2.635637e-02,-9.262964e-03,-1.448476e-03,-1.363392e-04,-5.208333e+00,1.770833e+01,1.875000e+01,4.583332e+01,-1.613887e-03,9.363604e-02,9.321956e+03,-8.366895e-02,-8.363132e-01,2.797422e-04,4.751850e-01,-4.544875e-01,-6.396305e-01,-3.845863e+00,-1.303145e+00,-1.052740e+00,1.583850e+00,3.002887e+00,-1.476865e+00,-2.150772e-01,3.141971e+00,3.311424e-02
fru,3.870000,0,0,0,0,0,2.160915e-01,6.779804e-01,5.979581e-03,1.197917e-01,5.764777e-02,1.062821e-01,1.417619e-01,1.848674e-01,2.789829e-01,5.950318e-01,5.779417e-01,5.778928e-01,5.703142e-01,7.181482e-01,8.891210e-01,1.231919e+00,1.370636e+00,6.697836e-01,4.185270e-01,5.815139e-01,6.617159e-01,8.115495e-01,6.837001e-01,6.522636e-01,1.173960e+00,1.535177e+00,1.119794e+00,8.790376e-01,8.128686e-01,3.270535e-01,3.756117e-03,5.004299e-04,1.666667e+02,3.229167e+02,4.270833e+02,1.322917e+03,3.361034e-02,4.532053e+00,6.098698e+05,3.421851e+00,1.627659e+01,-7.250377e-04,2.056414e+01,-1.226827e+00,2.884766e+01,-6.351173e+00,6.445052e+00,-2.786389e+01,-6.956189e-01,-5.976795e+00,1.071498e+01,-1.306603e+01,9.799882e+00,-1.174930e+01,0,0,0,0,0,-2.032832e-02,-2.099847e-02,-6.870639e-04,-9.062502e-03,4.615296e-04,-6.678797e-03,-6.952906e-03,-3.537431e-04,1.240422e-02,9.162021e-03,3.510906e-02,1.802248e-02,1.856399e-02,-3.262523e-02,-7.498380e-02,-7.044172e-02,-7.892774e-02,-9.651959e-03,5.323422e-03,-1.331297e-02,-2.404017e-02,-3.810287e-02,9.549153e-03,3.505833e-02,-1.347746e-02,-1.227653e-01,-9.103198e-02,-4.492645e-02,-3.930789e-02,-2.203339e-02,-1.059543e-03,-1.545233e-04,-1.875000e+01,-1.666667e+01,-8.333334e+00,-1.229167e+02,-1.117733e-03,-5.877342e-02,-1.881054e+04,2.020254e-02,-2.198181e-02,2.118516e-04,5.541666e-01,-8.051071e-01,1.455456e-01,-3.253010e+00,-6.310114e-01,2.221429e+00,2.278263e+00,2.755455e+00,-2.519781e+00,7.927801e-01,3.153740e+00,4.075268e-01
fru,3.880000,0,0,0,0,0,1.905066e-01,6.374854e-01,5.613961e-03,9.895834e-02,5.651566e-02,9.280304e-02,1.313635e-01,1.910227e-01,2.912099e-01,5.823557e-01,6.128109e-01,5.873419e-01,5.918072e-01,6.669343e-01,7.830158e-01,1.100097e+00,1.222797e+00,6.380808e-01,4.341988e-01,5.594355e-01,6.114269e-01,7.449844e-01,6.818123e-01,6.861821e-01,1.114613e+00,1.383834e+00,9.967613e-01,7.992418e-01,7.215769e-01,2.923996e-01,3.245782e-03,3.320011e-04,125,2.395833e+02,3.854167e+02,9.583333e+02,3.223708e-02,4.178294e+00,5.144009e+05,3.655676e+00,1.832249e+01,-5.985983e-04,2.159680e+01,-3.097323e+00,2.794308e+01,-8.581161e+00,6.324773e+00,-2.537836e+01,1.830138e+00,-3.838667e+00,1.148050e+01,-1.311490e+01,1.133498e+01,-9.961055e+00,0,0,0,0,0,-1.977251e-02,-3.785112e-02,-4.839900e-04,-1.677083e-02,4.190780e-04,-8.942733e-03,-9.143815e-03,-4.304947e-03,1.184198e-03,-1.604355e-02,1.373087e-02,5.577022e-03,2.586759e-02,-3.732286e-02,-7.939328e-02,-1.144339e-01,-1.421185e-01,-3.022651e-02,1.723858e-02,-2.090842e-02,-3.138066e-02,-4.836021e-02,9.841680e-04,2.359975e-02,-6.267983e-02,-1.554673e-01,-1.209404e-01,-7.886029e-02,-8.892424e-02,-2.327923e-02,-6.339958e-04,-1.208440e-04,-3.333334e+01,-4.895833e+01,-3.229167e+01,-1.770833e+02,-1.092299e-03,-1.648971e-01,-3.097719e+04,4.529323e-02,2.346256e-01,1.318915e-04,5.233523e-01,-1.399340e+00,3.886663e-01,-1.156015e+00,5.709035e-01,4.413285e+00,1.889889e+00,2.646394e+00,-1.481663e+00,2.053211e+00,2.022973e+00,1.251151e+00
fru,3.890000,0,0,0,0,0,1.766624e-01,5.872867e-01,5.314441e-03,7.500000e-02,5.712289e-02,8.282807e-02,1.208380e-01,1.847777e-01,2.844820e-01,5.423727e-01,6.170086e-01,5.865214e-01,6.243626e-01,6.216736e-01,7.008246e-01,9.486685e-01,1.013580e+00,5.858372e-01,4.659449e-01,5.275891e-01,5.756482e-01,6.977818e-01,6.781119e-01,7.048250e-01,1.021601e+00,1.206257e+00,8.568295e-01,6.968673e-01,5.972900e-01,2.698107e-01,2.795776e-03,2.510464e-04,8.333334e+01,1.666667e+02,3.333333e+02,9.062500e+02,3.203201e-02,4.009500e+00,5.393772e+05,3.521771e+00,1.669635e+01,-5.162400e-04,2.177478e+01,-5.168661e+00,2.943946e+01,-9.949068e+00,7.758907e+00,-1.479559e+01,6.507066e+00,1.304456e+00,8.849348e+00,-7.150946e+00,1.416778e+01,-8.884448e+00,0,0,0,0,0,-1.317353e-02,-4.026183e-02,-3.281528e-04,-1.291667e-02,1.221570e-03,-6.125054e-03,-7.193764e-03,-1.191282e-02,-1.092661e-02,-2.580759e-02,-1.504905e-02,-3.348738e-03,2.599887e-02,-2.866465e-02,-5.800381e-02,-1.092619e-01,-1.447024e-01,-3.384323e-02,1.880622e-02,-1.903351e-02,-2.102636e-02,-3.340397e-02,3.293288e-03,9.545213e-03,-8.510237e-02,-1.606159e-01,-1.219202e-01,-8.906467e-02,-1.046543e-01,-1.601203e-02,-4.249528e-04,-5.637777e-05,-25,-4.583333e+01,-3.645834e+01,6.562502e+01,-9.378949e-04,-1.199037e-01,2.195753e+04,-9.248869e-02,-8.292738e-01,8.204240e-05,3.203171e-01,-1.528034e+00,1.050570e+00,2.674430e-01,1.561293e+00,5.427344e+00,7.212049e-01,2.538162e+00,5.180588e-02,6.280752e-01,7.125481e-01,-8.156128e-02
fru,3.900000,0,0,0,0,0,1.617957e-01,5.443365e-01,4.884035e-03,5.729167e-02,5.935603e-02,7.847629e-02,1.133206e-01,1.637939e-01,2.628913e-01,5.150623e-01,5.740945e-01,5.717764e-01,6.540932e-01,6.039207e-01,6.611634e-01,8.511670e-01,8.775220e-01,5.491918e-01,4.850583e-01,5.053349e-01,5.650217e-01,6.709156e-01,6.702926e-01,6.920981e-01,9.209512e-01,1.038797e+00,7.277076e-01,5.990524e-01,4.790897e-01,2.625998e-01,2.371667e-03,2.214943e-04,4.166667e+01,1.145833e+02,2.916667e+02,8.854167e+02,3.079257e-02,3.878814e+00,5.061129e+05,3.542115e+00,1.719299e+01,-4.316462e-04,2.206165e+01,-7.436321e+00,2.881863e+01,-5.598801e+00,1.122129e+01,-1.342840e+01,5.743188e+00,2.755407e+00,1.037451e+01,-5.873324e+00,1.328500e+01,-8.413663e+00,0,0,0,0,0,-6.173700e-03,-2.973248e-02,-2.889179e-04,3.437500e-03,1.887036e-03,3.509544e-04,-1.489209e-03,-1.752058e-02,-1.836994e-02,-2.352665e-02,-3.744899e-02,-6.380910e-03,1.547383e-02,-1.133466e-02,-2.694834e-02,-8.007310e-02,-1.004309e-01,-1.871770e-02,8.499905e-03,-5.581880e-03,-2.031439e-03,9.866536e-04,3.113692e-02,1.265779e-02,-8.001354e-02,-1.430541e-01,-1.027630e-01,-7.626241e-02,-8.544137e-02,-6.649065e-03,-3.399926e-04,1.104815e-05,-4.166667e+00,-1.354167e+01,2.916666e+01,3.614583e+02,-1.123369e-03,1.309471e-02,1.366089e+05,-2.913319e-01,-2.137683e+00,5.950120e-05,-4.445362e-02,-9.148079e-01,2.336573e+00,1.565262e-01,1.670944e+00,4.877817e+00,-2.270156e+00,2.093182e+00,3.213629e-01,-2.259716e+00,1.742559e-01,-1.222958e+00
fru,3.910000,0,0,0,0,0,1.645793e-01,5.232458e-01,4.703780e-03,7.604167e-02,6.233543e-02,8.282020e-02,1.148145e-01,1.389177e-01,2.385092e-01,4.996406e-01,5.220547e-01,5.689318e-01,6.691656e-01,6.063318e-01,6.600282e-01,8.100741e-01,8.197615e-01,5.450119e-01,4.871284e-01,5.133967e-01,5.797867e-01,6.815640e-01,7.059265e-01,6.970317e-01,8.452787e-01,9.046159e-01,6.447203e-01,5.338090e-01,4.108408e-01,2.618933e-01,2.068411e-03,2.737945e-04,8.333334e+01,1.562500e+02,2.916667e+02,1.687500e+03,2.964313e-02,4.082274e+00,7.238014e+05,3.016188e+00,1.269497e+01,-3.983017e-04,2.193331e+01,-6.697501e+00,3.366273e+01,-6.505138e+00,1.180325e+01,-6.702151e+00,9.538806e-01,3.416977e+00,1.152700e+01,-1.354644e+01,1.238761e+01,-1.293080e+01,0,0,0,0,0,-1.767519e-03,-1.395217e-02,-2.929501e-04,1.833333e-02,1.111209e-03,5.897948e-03,5.980423e-03,-1.475116e-02,-1.726358e-02,-1.694800e-02,-4.140496e-02,-2.532482e-03,-4.863673e-03,4.193204e-03,-6.410933e-03,-4.727234e-02,-4.067803e-02,3.210646e-03,-3.498349e-03,1.002420e-02,9.144860e-03,4.403509e-02,6.818080e-02,3.021245e-02,-6.328245e-02,-1.083495e-01,-7.087544e-02,-5.176646e-02,-5.230434e-02,-2.545327e-03,-2.967892e-04,4.247602e-05,2.291667e+01,1.666667e+01,1.072917e+02,5.489583e+02,-5.798984e-04,1.684200e-01,1.942833e+05,-4.423853e-01,-2.980369e+00,5.032970e-05,-8.327007e-02,-7.536306e-01,2.165237e+00,-7.631059e-01,6.600240e-01,2.217098e+00,-3.279504e+00,7.920858e-01,5.464517e-01,-5.087903e+00,-3.179922e-01,-1.869005e+00
fru,3.920000,0,0,0,0,0,1.656796e-01,5.208435e-01,4.474702e-03,1.156250e-01,6.334458e-02,9.456175e-02,1.269292e-01,1.263498e-01,2.223467e-01,4.860885e-01,4.730429e-01,5.642322e-01,6.467749e-01,6.179319e-01,6.686723e-01,7.690282e-01,8.175519e-01,5.649049e-01,4.661066e-01,5.386224e-01,5.992005e-01,7.580266e-01,8.235896e-01,7.533677e-01,8.027062e-01,8.193844e-01,5.890011e-01,4.994589e-01,3.875946e-01,2.631130e-01,1.909502e-03,3.758678e-04,1.041667e+02,1.770833e+02,5.520833e+02,2375,2.781468e-02,4.207380e+00,1.105233e+06,2.451808e+00,9.634762e+00,-3.600614e-04,2.129527e+01,-6.906943e+00,3.751431e+01,-9.520495e+00,1.265732e+01,-5.035998e+00,-6.744050e+00,5.570981e+00,1.174849e+01,-2.121573e+01,1.309634e+01,-1.405267e+01,0,0,0,0,0,-6.124109e-04,5.861759e-04,-2.943567e-04,2.239583e-02,-6.433766e-04,7.774676e-03,1.105483e-02,-6.307016e-03,-1.005880e-02,-1.342653e-02,-2.756965e-02,6.191296e-03,-2.209146e-02,1.315949e-02,-7.312953e-04,-2.934084e-02,-3.092462e-03,1.991810e-02,-2.432242e-03,1.997457e-02,1.001829e-02,8.329620e-02,9.854866e-02,5.433549e-02,-4.022746e-02,-6.578747e-02,-3.697622e-02,-2.586613e-02,-2.287773e-02,-1.602182e-03,-2.974018e-04,3.664483e-05,25,2.291667e+01,1.697917e+02,5.427083e+02,-5.807035e-04,2.479258e-01,2.225942e+05,-4.986568e-01,-3.200563e+00,5.202271e-05,-5.278645e-01,-8.080345e-01,1.263414e+00,-1.680677e+00,-2.002687e-01,5.207113e-01,-1.895297e+00,6.154082e-01,-4.467064e-01,-4.036192e+00,5.743998e-01,-9.323959e-01
fru,3.930000,0,0,0,0,0,1.658828e-01,5.292724e-01,4.054357e-03,1.375000e-01,6.068466e-02,1.042751e-01,1.439358e-01,1.297440e-01,2.184364e-01,4.721196e-01,4.605096e-01,5.776312e-01,6.037034e-01,6.356340e-01,6.650155e-01,7.533762e-01,8.401751e-01,5.940338e-01,4.579290e-01,5.610664e-01,6.042832e-01,8.744017e-01,9.423673e-01,8.252525e-01,7.643113e-01,7.742159e-01,5.718055e-01,4.878317e-01,3.815158e-01,2.568275e-01,1.542913e-03,3.862397e-04,1.666667e+02,2.187500e+02,7.395833e+02,2.906250e+03,3.062146e-02,4.687317e+00,1.211233e+06,1.854998e+00,5.573615e+00,-3.003839e-04,2.174162e+01,-9.201503e+00,3.591780e+01,-1.180375e+01,1.034102e+01,-7.906296e+00,-3.646833e+00,3.857098e+00,1.089462e+01,-2.491926e+01,1.267214e+01,-1.540997e+01,0,0,0,0,0,1.104809e-02,1.619877e-02,-4.337721e-05,1.937500e-02,-2.146258e-03,4.730049e-03,1.170954e-02,3.691953e-03,-1.361199e-03,-9.625408e-03,-9.146017e-03,1.286668e-02,-1.919020e-02,2.744911e-02,7.131445e-03,-1.194187e-02,1.464513e-02,3.300589e-02,1.876498e-02,2.825508e-02,1.448680e-02,1.107915e-01,1.085656e-01,7.429291e-02,-4.744542e-03,-7.983005e-03,3.126514e-03,6.229463e-03,9.560824e-04,6.607655e-03,-1.429048e-04,4.562452e-04,2.291667e+01,2.125000e+02,3.197917e+02,3.364583e+02,3.251804e-03,2.940896e-01,1.977419e+05,-4.747310e-01,-2.164902e+00,1.270411e-05,-1.713771e+00,-7.862924e-01,-8.688854e-01,-9.153327e-01,-1.378142e-01,-6.197657e-01,-5.276396e-01,-1.829753e+00,-1.405343e+00,-8.659111e-01,1.181173e+00,6.312460e-01
fru,3.940000,0,0,0,0,0,1.580819e-01,5.442541e-01,3.736963e-03,1.385417e-01,5.696454e-02,1.066222e-01,1.540341e-01,1.368457e-01,2.226336e-01,4.616901e-01,4.670188e-01,5.983832e-01,5.763670e-01,6.550670e-01,6.550133e-01,7.328117e-01,8.518529e-01,6.242713e-01,4.874968e-01,5.813729e-01,6.028649e-01,9.909778e-01,1.044815e+00,8.996652e-01,7.602976e-01,7.750595e-01,5.792839e-01,4.927104e-01,3.793635e-01,2.571218e-01,1.147407e-03,3.484958e-04,125,1.979167e+02,9.166667e+02,2.989583e+03,2.739988e-02,4.815921e+00,1.375368e+06,1.629426e+00,4.750848e+00,-2.204915e-04,1.951817e+01,-1.022449e+01,3.400816e+01,-1.135288e+01,1.095107e+01,-1.022277e+01,-1.432939e+00,5.612387e+00,8.457169e+00,-2.036787e+01,1.601473e+01,-1.183606e+01,0,1.314425e-01,0,0,0,3.809823e-02,4.949860e-02,7.471151e-04,2.635416e-02,-1.418024e-03,1.154654e-04,1.025431e-02,1.432988e-02,6.867817e-03,-3.198534e-04,1.273782e-02,2.484950e-02,1.787391e-02,5.890415e-02,4.130335e-02,1.992846e-02,2.604147e-02,5.288851e-02,5.675294e-02,5.410624e-02,5.210740e-02,1.515575e-01,1.385697e-01,1.186947e-01,7.951804e-02,9.796900e-02,8.398017e-02,7.727788e-02,5.159323e-02,4.047969e-02,2.022800e-04,1.097551e-03,2.916666e+01,5.052083e+02,5.239584e+02,3.177083e+02,7.028554e-03,3.389739e-01,3.018686e+05,-5.029763e-01,-1.559080e+00,-7.128854e-05,-3.765977e+00,7.123197e-01,-1.975486e+00,-9.553844e-01,5.044641e-01,8.265387e-01,1.038355e-01,-3.304813e+00,-1.371095e+00,1.055663e+00,1.335601e+00,1.156780e+00
fru,3.950000,0,0,0,0,0,2.236186e-01,5.925343e-01,4.855763e-03,1.614583e-01,5.479416e-02,1.004402e-01,1.598098e-01,1.521295e-01,2.315597e-01,4.637127e-01,4.793366e-01,6.161897e-01,6.084185e-01,7.250097e-01,7.025149e-01,7.684730e-01,8.758367e-01,6.803582e-01,5.702582e-01,6.332968e-01,6.503884e-01,1.119046e+00,1.138141e+00,9.953475e-01,8.427603e-01,8.868633e-01,6.652114e-01,5.683306e-01,4.197367e-01,2.979272e-01,1.734934e-03,2.568706e-03,1.875000e+02,1.208333e+03,1.708333e+03,3.062500e+03,4.610955e-02,5.248451e+00,1.577444e+06,1.053723e+00,4.312415e+00,-4.045661e-04,1.425300e+01,-8.970188e+00,3.107138e+01,-1.016561e+01,1.196731e+01,-7.207594e+00,-4.339872e+00,-5.752489e+00,6.145948e+00,-1.829992e+01,1.683428e+01,-1.088288e+01,3.518385e+01,2.028248e-01,0,0,2.277227e-02,7.970425e-02,1.263134e-01,1.861692e-03,4.343750e-02,1.973591e-03,-1.670334e-03,1.200993e-02,2.939879e-02,1.958416e-02,1.437999e-02,4.602630e-02,6.031646e-02,9.902655e-02,1.252534e-01,1.168243e-01,6.754075e-02,5.609518e-02,9.669437e-02,1.026544e-01,1.343928e-01,1.670050e-01,2.695459e-01,2.658453e-01,2.455635e-01,2.640852e-01,3.022390e-01,2.502961e-01,2.338282e-01,1.864932e-01,1.187463e-01,6.189003e-04,2.614271e-03,9.270833e+01,7.614583e+02,7.229167e+02,3.145833e+02,1.367194e-02,3.793563e-01,3.676616e+05,-5.173618e-01,-8.988024e-01,-2.531693e-04,-5.427813e+00,1.551133e+00,-2.558887e+00,-1.915187e+00,2.212939e-01,2.949762e+00,4.087649e-01,-5.351106e+00,-1.551490e+00,6.644018e-01,5.128544e-01,1.412722e+00
fru,3.960000,0,6.572126e-01,0,0,0,3.273029e-01,7.367055e-01,7.809574e-03,2.354167e-01,5.919971e-02,9.705652e-02,1.702638e-01,1.868064e-01,2.501241e-01,4.886927e-01,5.273185e-01,6.692004e-01,7.337869e-01,8.677648e-01,8.564393e-01,8.611221e-01,9.299285e-01,7.861853e-01,6.937067e-01,7.730383e-01,8.366849e-01,1.393492e+00,1.418551e+00,1.261793e+00,1.161072e+00,1.252906e+00,9.621990e-01,8.455989e-01,6.264503e-01,4.449616e-01,2.824891e-03,4.772387e-03,2.395833e+02,2.208333e+03,2.687500e+03,3.885417e+03,5.521341e-02,5.621683e+00,2431471,3.375638e-01,2.469961e+00,-6.644130e-04,6.209692e+00,-3.461001e+00,3.006009e+01,-1.511649e+01,1.436649e+01,-1.252655e+00,-5.878353e+00,-6.148289e+00,7.267347e+00,-1.924708e+01,1.769328e+01,-1.053231e+01,5.226973e+01,2.152540e-01,0,0,3.483092e-02,9.990176e-02,2.393923e-01,4.013219e-03,4.489584e-02,7.441198e-03,3.198545e-03,2.341071e-02,5.209900e-02,4.787441e-02,3.674426e-02,1.055992e-01,1.411297e-01,2.166578e-01,2.108181e-01,2.075115e-01,1.469486e-01,1.209304e-01,1.577875e-01,1.612779e-01,3.032380e-01,3.549902e-01,4.469349e-01,4.354567e-01,4.152392e-01,4.945412e-01,5.577483e-01,4.894862e-01,4.590365e-01,4.027254e-01,2.253750e-01,3.570668e-03,3.423498e-03,1.177083e+02,5.458334e+02,4.927083e+02,2.177083e+02,2.443231e-02,2.646729e-01,2.284749e+05,-3.048114e-01,-4.088981e-01,-8.913229e-04,-4.100430e+00,1.744833e+00,-2.360425e+00,-1.253941e+00,-2.026232e+00,2.660093e+00,2.433897e+00,-5.657929e+00,-6.796106e-01,-2.267677e-01,-1.741772e+00,-6.590986e-02
fru,3.970000,1.759192e+02,6.855178e-01,0,0,1.138613e-01,4.797936e-01,1.064614e+00,1.132651e-02,3.062500e-01,6.943503e-02,1.007063e-01,1.958706e-01,2.517576e-01,3.026120e-01,5.305182e-01,6.604913e-01,8.438049e-01,1.020126e+00,1.155552e+00,1.148424e+00,1.026925e+00,1.081613e+00,9.965487e-01,8.680962e-01,1.137198e+00,1.322398e+00,2.020874e+00,2.084726e+00,1.872006e+00,1.884350e+00,2.046488e+00,1.631829e+00,1.480528e+00,1.190439e+00,7.566390e-01,3.798672e-03,1.124565e-02,5.729167e+02,3.020833e+03,3.468750e+03,4.031250e+03,8.507439e-02,6.181218e+00,2.521490e+06,-8.587927e-02,2.220047e+00,-1.344270e-03,1.256790e+00,-4.827584e+00,2.509740e+01,-1.949788e+01,9.739774e+00,2.357456e+00,6.196976e-01,-1.701809e+01,3.732076e+00,-2.215764e+01,1.439715e+01,-8.998232e+00,5.074088e+01,1.582889e-01,1.071154e-02,0,6.754604e-02,8.745855e-02,3.211772e-01,8.153145e-03,1.156250e-02,1.546789e-02,1.994162e-02,4.945748e-02,8.197831e-02,1.060942e-01,7.392879e-02,1.772704e-01,2.491089e-01,3.333132e-01,2.670188e-01,2.621608e-01,2.385654e-01,1.964267e-01,2.073123e-01,2.212506e-01,4.810274e-01,4.963101e-01,5.431277e-01,4.938032e-01,4.740273e-01,6.087952e-01,6.821293e-01,6.295339e-01,5.903922e-01,5.539454e-01,2.982213e-01,4.599302e-02,2.684749e-03,8.020833e+01,-6.250000e+01,-9.583335e+01,-2.083333e+02,6.029802e-02,-1.574971e-01,-1.645515e+05,8.695257e-01,1.989703e+01,-8.643568e-03,5.987394e-01,1.597742e+00,-1.267401e+00,1.368256e+00,-3.779453e+00,6.204944e-01,2.888578e+00,-3.652747e+00,-9.634281e-01,6.479608e-01,-3.027778e+00,1.043769e-01
fru,3.980000,1.733890e+02,7.335110e-01,0,0,1.172240e-01,5.295032e-01,1.505176e+00,2.056768e-02,2.906250e-01,8.685008e-02,1.224819e-01,2.530572e-01,3.475267e-01,4.264796e-01,6.120086e-01,9.044376e-01,1.190224e+00,1.453802e+00,1.493886e+00,1.469616e+00,1.338329e+00,1.353617e+00,1.255114e+00,1.144967e+00,1.845613e+00,2.041811e+00,2.774738e+00,2.748806e+00,2.537532e+00,2.712209e+00,2.983989e+00,2.543406e+00,2.331794e+00,2.007640e+00,1.154641e+00,1.796888e-02,1.312751e-02,5.208333e+02,2.020833e+03,2500,3.593750e+03,1.300790e-01,5.672903e+00,2.045719e+06,6.751704e-01,3.752542e+00,-4.207254e-03,5.514127e+00,-3.571629e+00,2.519303e+01,-1.295645e+01,1.933679e+00,-1.704830e+00,8.256763e+00,-1.704446e+01,6.266052e+00,-1.957285e+01,8.524442e+00,-1.310793e+01,3.132849e+01,2.474079e-02,1.839179e-02,5.280592e-03,6.833084e-02,5.387836e-02,3.015060e-01,1.300541e-02,-4.166667e-02,2.822710e-02,5.995791e-02,1.004777e-01,1.266546e-01,1.989054e-01,1.446493e-01,2.235406e-01,3.122329e-01,3.975991e-01,2.746372e-01,2.680679e-01,3.286099e-01,2.339378e-01,2.179216e-01,2.575835e-01,5.368136e-01,4.666182e-01,4.038711e-01,2.970077e-01,2.950727e-01,4.453790e-01,5.023220e-01,5.014032e-01,4.664505e-01,4.729980e-01,2.782175e-01,1.163291e-01,6.179403e-04,-2.916667e+01,-6.052083e+02,-6.812500e+02,-7.572917e+02,8.195454e-02,-6.258928e-01,-5.752634e+05,2.070466e+00,3.993332e+01,-2.134137e-02,6.675238e+00,2.075893e+00,-1.945192e-01,5.875520e+00,-3.765778e+00,-1.565568e+00,2.213803e-01,-2.421962e+00,-1.888535e+00,3.667850e+00,-2.958247e+00,-7.607879e-02
fru,3.990000,1.670099e+02,7.532952e-01,5.355769e-02,0,2.791182e-01,5.598112e-01,1.814185e+00,3.924243e-02,1.916666e-01,1.183084e-01,1.874356e-01,3.657005e-01,4.816610e-01,6.738529e-01,7.716987e-01,1.177129e+00,1.601222e+00,1.914977e+00,1.747043e+00,1.706730e+00,1.722697e+00,1.646126e+00,1.482455e+00,1.450881e+00,2.502147e+00,2.529376e+00,3.144061e+00,2.942030e+00,2.727615e+00,3.111168e+00,3.431968e+00,3.022277e+00,2.777194e+00,2.498869e+00,1.434194e+00,2.241280e-01,1.181489e-02,4.479167e+02,9.895833e+02,1.322917e+03,2.166667e+03,3.101668e-01,4.435356e+00,9.475618e+05,5.232549e+00,1.031563e+02,-4.185098e-02,1.759448e+01,-9.261659e-01,2.716791e+01,-4.404348e+00,-7.135527e-01,-3.879035e+00,3.035460e+00,-1.856814e+01,1.829455e+00,-1.489724e+01,6.279806e+00,-9.073185e+00,-5.698828e+00,1.095231e-02,1.925490e-02,8.861416e-03,5.073795e-02,1.234134e-02,1.652144e-01,1.468763e-02,-7.645833e-02,4.804682e-02,1.325695e-01,1.751238e-01,1.899619e-01,2.876455e-01,2.490675e-01,2.041117e-01,2.641637e-01,3.668064e-01,2.445758e-01,2.417810e-01,3.412901e-01,1.766858e-01,1.673241e-01,2.092906e-01,3.419291e-01,2.100630e-01,2.708726e-02,-9.271426e-02,-7.516094e-02,4.351306e-02,5.411556e-02,1.047971e-01,8.743624e-02,1.334793e-01,1.625829e-01,1.626749e-01,-1.952957e-03,-1.197917e+02,-7.510417e+02,-8.583333e+02,-9.958334e+02,8.407666e-02,-8.997161e-01,-6.695748e+05,3.038892e+00,6.379586e+01,-2.960474e-02,9.999804e+00,3.835878e+00,-5.895252e-02,7.304808e+00,-3.399013e-01,-1.400183e+00,-3.381127e+00,-1.359787e+00,-3.370693e+00,5.849767e+00,-9.625231e-01,1.657686e+00
fru,4.000000,1.610971e+02,7.470279e-01,6.518009e-02,2.640296e-02,2.590258e-01,5.566859e-01,1.869450e+00,5.887864e-02,8.437500e-02,1.758985e-01,3.534814e-01,5.877374e-01,7.051277e-01,1.059031e+00,1.091349e+00,1.386703e+00,1.851656e+00,2.274357e+00,1.945205e+00,1.917625e+00,2.156286e+00,1.817361e+00,1.632840e+00,1.690232e+00,2.774632e+00,2.566287e+00,2.851254e+00,2.474938e+00,2.309353e+00,2.774558e+00,3.071776e+00,2.773991e+00,2.529518e+00,2.337225e+00,1.497271e+00,4.743055e-01,7.577470e-03,1.562500e+02,1.979167e+02,3.541667e+02,1.031250e+03,3.524399e-01,3.365149e+00,3.421181e+05,8.030677e+00,1.516684e+02,-8.711793e-02,3.141704e+01,4.967755e+00,2.805225e+01,6.714345e+00,7.642687e-01,-5.962248e+00,-5.979332e+00,-1.748308e+01,-1.224018e+00,-4.538038e+00,6.960715e+00,-1.087523e+01,-6.087489e+00,-4.824227e-03,1.425730e-02,1.114428e-02,7.349060e-03,-1.993836e-02,-1.127290e-02,9.720035e-03,-7.041667e-02,6.609607e-02,2.006166e-01,2.305063e-01,2.441222e-01,3.026938e-01,3.107505e-01,1.203488e-01,1.099511e-01,2.473516e-01,2.112454e-01,1.999744e-01,2.218440e-01,3.614710e-02,7.354678e-02,6.331751e-02,-2.346480e-02,-1.187617e-01,-3.594050e-01,-4.202436e-01,-3.915613e-01,-3.488252e-01,-3.839996e-01,-3.166917e-01,-3.172568e-01,-2.565129e-01,5.114865e-03,1.201315e-01,-2.694361e-03,-1.041667e+02,-4.520833e+02,-5.593750e+02,-8.395833e+02,3.744661e-02,-7.331478e-01,-4.968059e+05,3.047759e+00,7.513213e+01,-2.176822e-02,8.650144e+00,3.952441e+00,-1.454514e-01,4.992602e+00,3.029814e+00,2.711248e-01,-3.709811e+00,-2.546463e+00,-3.272128e+00,4.782069e+00,4.307092e-01,2.670243e+00
fru,4.010000,1.535710e+02,7.335209e-01,6.368444e-02,3.110560e-02,2.966502e-01,5.279090e-01,1.708549e+00,6.560919e-02,2.708333e-02,2.651449e-01,6.480539e-01,9.041495e-01,1.022767e+00,1.424564e+00,1.536186e+00,1.439917e+00,1.833908e+00,2.443881e+00,2.152772e+00,2.133324e+00,2.324397e+00,1.733170e+00,1.644306e+00,1.641917e+00,2.382334e+00,2.110475e+00,2.118052e+00,1.758089e+00,1.610291e+00,2.070741e+00,2.273172e+00,2.040522e+00,1.818847e+00,1.693042e+00,1.398238e+00,5.890047e-01,4.255888e-03,1.562500e+02,1.770833e+02,250,3.333333e+02,3.942772e-01,2.836514e+00,2.541623e+04,1.143083e+01,2.472414e+02,-1.079126e-01,3.830436e+01,1.008211e+01,2.337303e+01,7.190756e+00,8.624972e+00,-2.514749e+00,-9.167890e+00,-2.359772e+01,-9.376354e+00,-4.262201e-01,1.036639e+01,-1.826150e+00,-3.454459e+01,-1.534341e-01,-1.060723e-02,1.376564e-03,-6.720589e-02,-5.767219e-02,-1.467161e-01,-2.767749e-04,-4.031250e-02,6.716987e-02,2.063720e-01,2.095326e-01,2.277728e-01,1.909734e-01,2.482084e-01,5.187273e-03,-7.216992e-02,6.494083e-02,1.366538e-01,1.029264e-01,-7.708096e-03,-1.207196e-01,-4.816679e-02,-1.202863e-01,-3.388680e-01,-3.408146e-01,-5.437719e-01,-5.253169e-01,-4.853931e-01,-5.191720e-01,-5.644109e-01,-5.050135e-01,-5.011038e-01,-4.576593e-01,-1.237803e-01,-7.818103e-03,-2.536118e-03,-6.354167e+01,-1.697917e+02,-2.364583e+02,-4.447917e+02,-1.839114e-02,-3.989961e-01,-2.165512e+05,2.355642e+00,6.659367e+01,1.562916e-03,4.281936e+00,3.439679e+00,1.677343e-01,1.686444e+00,4.210448e+00,1.483204e+00,-1.768846e-02,-2.159413e+00,-1.339937e+00,1.378434e+00,2.051586e-01,2.097494e+00
fru,4.020000,1.496710e+02,7.192770e-01,6.622313e-02,4.016860e-02,1.452033e-01,4.457625e-01,1.501630e+00,5.598448e-02,2.083333e-02,3.439122e-01,8.952556e-01,1.136364e+00,1.297585e+00,1.564593e+00,1.783518e+00,1.374788e+00,1.623637e+00,2.426108e+00,2.347249e+00,2.256191e+00,2.146699e+00,1.490830e+00,1.541922e+00,1.366037e+00,1.788195e+00,1.657454e+00,1.490718e+00,1.239559e+00,1.138387e+00,1.488297e+00,1.643389e+00,1.450826e+00,1.224683e+00,1.127988e+00,1.198193e+00,4.361882e-01,3.435206e-03,1.458333e+02,1.666667e+02,2.395833e+02,3.125000e+02,2.752569e-01,2.806584e+00,2.276266e+04,1.281482e+01,3.073706e+02,-8.001754e-02,3.840991e+01,1.068643e+01,2.636321e+01,6.209007e+00,1.241349e+01,-1.031349e+00,-4.190616e+00,-2.726199e+01,-4.491680e+00,-2.898015e+00,8.634694e+00,-3.380232e+00,-4.757653e+01,-2.227577e-01,-1.940446e-02,-8.391152e-03,-8.147018e-02,-8.072691e-02,-2.145200e-01,-9.157984e-03,-1.197917e-02,4.161896e-02,1.153184e-01,9.078188e-02,1.109503e-01,-9.397686e-03,4.708855e-02,-9.682293e-02,-1.941970e-01,-1.362394e-01,-2.415948e-02,-7.528897e-02,-2.505600e-01,-2.169928e-01,-1.598963e-01,-2.508318e-01,-4.558339e-01,-3.883196e-01,-4.812119e-01,-4.208768e-01,-3.802690e-01,-4.512952e-01,-4.777025e-01,-4.444671e-01,-4.400321e-01,-4.246634e-01,-2.042184e-01,-1.166482e-01,-1.760999e-03,-8.333333e+00,-1.041667e+01,-3.437500e+01,-1.468750e+02,-5.025950e-02,-1.174168e-01,-6.174264e+04,1.563047e+00,4.425261e+01,2.138128e-02,3.010601e-01,1.590946e+00,1.655006e+00,-1.446389e+00,3.000154e+00,9.374760e-01,3.224384e+00,-2.336512e-01,1.690911e+00,-2.836291e+00,-6.462517e-01,9.649056e-01
fru,4.030000,0,0,0,0,0,3.269120e-01,1.264515e+00,3.930564e-02,2.187500e-02,3.701510e-01,9.484085e-01,1.139050e+00,1.324297e+00,1.375938e+00,1.666656e+00,1.209023e+00,1.354382e+00,2.163805e+00,2.229290e+00,2.052080e+00,1.688949e+00,1.205794e+00,1.287080e+00,1.011546e+00,1.301025e+00,1.279720e+00,1.105470e+00,9.331350e-01,8.861321e-01,1.158438e+00,1.324107e+00,1.158792e+00,9.240930e-01,8.151910e-01,9.648319e-01,2.040962e-01,1.205428e-03,1.354167e+02,1.562500e+02,1.979167e+02,3.020833e+02,2.568027e-01,2.719658e+00,2.448334e+04,1.461869e+01,3.582735e+02,-3.758660e-02,3.550772e+01,1.341289e+01,2.885110e+01,4.280539e+00,1.451408e+01,1.071535e+00,2.052659e+00,-2.447575e+01,-3.236397e+00,-8.825075e+00,6.468609e+00,-2.333217e+00,-4.568131e+01,-2.186319e-01,-1.935920e-02,-1.023798e-02,-7.385037e-02,-8.029141e-02,-2.266247e-01,-1.272863e-02,2.083334e-03,-3.790465e-03,-3.043897e-02,-6.650465e-02,-5.980179e-02,-1.850117e-01,-1.733911e-01,-1.538410e-01,-2.288692e-01,-3.042776e-01,-2.386723e-01,-2.728342e-01,-3.678580e-01,-2.207495e-01,-2.223344e-01,-2.657828e-01,-3.688371e-01,-3.085595e-01,-3.009636e-01,-2.562956e-01,-2.150222e-01,-2.926503e-01,-2.983322e-01,-2.831888e-01,-2.700947e-01,-2.757888e-01,-2.283504e-01,-1.465477e-01,-1.120404e-03,-2.083333e+00,3.125001e+00,1.041669e+00,6.250000e+00,-6.332370e-02,7.447026e-02,7.453524e+03,1.248683e-01,-9.656863e+00,2.684808e-02,-1.616528e+00,-1.651827e-01,1.952502e+00,-2.649984e+00,-5.586718e-01,-1.629287e+00,2.394227e+00,2.329697e+00,3.122379e+00,-3.517005e+00,-1.968714e+00,-1.240137e+00
fru,4.040000,0,0,0,0,0,2.535499e-01,1.018867e+00,2.624049e-02,2.708333e-02,3.314903e-01,7.798963e-01,9.241967e-01,1.109114e+00,1.036355e+00,1.261557e+00,1.018035e+00,1.120434e+00,1.733198e+00,1.786149e+00,1.581803e+00,1.221209e+00,9.960852e-01,1.011971e+00,7.512579e-01,1.036116e+00,1.040066e+00,9.514861e-01,7.830307e-01,7.700869e-01,9.742336e-01,1.157795e+00,9.925201e-01,7.767350e-01,6.528340e-01,6.928825e-01,8.351862e-02,2.977027e-04,125,1.562500e+02,2.083333e+02,3.125000e+02,1.698797e-01,2.836493e+00,3.387130e+04,1.425198e+01,3.174154e+02,-1.537457e-02,3.432065e+01,1.125709e+01,3.358825e+01,9.375097e-01,1.282048e+01,-3.068009e+00,4.532313e+00,-1.821232e+01,4.160556e+00,-1.452007e+01,5.678349e+00,-5.797170e+00,-2.993420e+01,-1.438554e-01,-1.324463e-02,-8.033721e-03,-2.904065e-02,-5.837588e-02,-2.059235e-01,-1.104433e-02,4.375000e-03,-4.479435e-02,-1.407591e-01,-1.709356e-01,-1.871790e-01,-2.468066e-01,-2.723319e-01,-1.623428e-01,-1.963995e-01,-3.874403e-01,-3.873382e-01,-3.797499e-01,-3.368528e-01,-1.677955e-01,-2.197414e-01,-2.014500e-01,-2.289013e-01,-2.158574e-01,-1.584447e-01,-1.387135e-01,-1.035482e-01,-1.605981e-01,-1.725345e-01,-1.715888e-01,-1.413224e-01,-1.557979e-01,-2.047872e-01,-1.008149e-01,-7.475649e-04,6.250001e+00,1.250000e+01,1.562500e+01,1.875000e+01,-4.885262e-02,1.538592e-01,1.316636e+04,-8.962914e-01,-5.016409e+01,1.850642e-02,-1.662244e+00,-1.181603e+00,4.379253e-01,-3.235831e+00,-1.821754e+00,-3.934243e+00,4.715339e-01,3.053821e+00,2.331783e+00,-1.308249e+00,-2.018315e+00,-2.401827e+00
fru,4.050000,0,0,0,0,0,2.225582e-01,8.168067e-01,1.683805e-02,3.437500e-02,2.524035e-01,5.535387e-01,6.777101e-01,8.179929e-01,7.636249e-01,9.302109e-01,8.490884e-01,9.411630e-01,1.268948e+00,1.239960e+00,1.106348e+00,9.478517e-01,8.767948e-01,7.976095e-01,6.203923e-01,9.141881e-01,8.763713e-01,8.828502e-01,7.048749e-01,7.193303e-01,8.645208e-01,1.024308e+00,8.537307e-01,6.923480e-01,5.516757e-01,5.091411e-01,3.260109e-02,2.226213e-04,1.562500e+02,1.979167e+02,2.708333e+02,3.645833e+02,1.303473e-01,3.193911e+00,5.712953e+04,1.133659e+01,1.939347e+02,-5.993701e-03,3.226634e+01,8.970869e+00,2.952303e+01,-3.423414e+00,5.628115e+00,-9.642855e+00,-1.558218e+00,-1.647407e+01,1.909423e+00,-1.220022e+01,2.000993e+00,-6.818365e+00,0,0,0,0,0,-3.278956e-02,-1.578108e-01,-7.344105e-03,4.270833e-03,-6.427562e-02,-1.705668e-01,-1.857477e-01,-2.173823e-01,-1.961377e-01,-2.321669e-01,-1.325512e-01,-1.384082e-01,-3.624071e-01,-3.753188e-01,-3.392867e-01,-2.170112e-01,-1.010476e-01,-1.602577e-01,-1.162270e-01,-1.193763e-01,-1.321954e-01,-9.142581e-02,-7.251962e-02,-4.100980e-02,-8.028991e-02,-1.152215e-01,-1.200403e-01,-7.949652e-02,-9.335539e-02,-1.493585e-01,-4.500170e-02,-2.187452e-04,1.041667e+01,1.562500e+01,1.979166e+01,1.458333e+01,-4.277286e-02,1.520948e-01,1.442600e+04,-1.362000e+00,-6.260369e+01,8.287841e-03,-1.297325e+00,-1.691271e+00,-1.121698e+00,-2.422703e+00,-1.609465e+00,-3.655509e+00,-6.550269e-01,2.083342e+00,8.911062e-01,1.435232e+00,-8.871157e-01,-2.692464e+00
fru,4.060000,0,0,0,0,0,2.060599e-01,6.958665e-01,1.199660e-02,3.645833e-02,1.788141e-01,3.888949e-01,5.123563e-01,6.148415e-01,6.367171e-01,7.900811e-01,7.430410e-01,8.482487e-01,9.363353e-01,9.052228e-01,8.303080e-01,8.329842e-01,8.163524e-01,6.879506e-01,5.543641e-01,8.371070e-01,7.798408e-01,8.098041e-01,6.601213e-01,7.040472e-01,8.322647e-01,9.306157e-01,7.454126e-01,6.339437e-01,4.807567e-01,4.021026e-01,1.786113e-02,1.887851e-04,1.666667e+02,2.083333e+02,2.812500e+02,375,9.422147e-02,3.338754e+00,7.227135e+04,9.974416e+00,1.387196e+02,-3.281877e-03,3.171938e+01,6.999428e+00,2.821687e+01,-6.118170e+00,7.747701e+00,-1.534537e+01,-2.750810e-02,-1.599372e+01,4.594327e+00,-7.751688e+00,7.769276e-01,-1.314679e+01,0,0,0,0,0,-1.808142e-02,-9.854940e-02,-4.105980e-03,4.375000e-03,-5.805620e-02,-1.322624e-01,-1.399903e-01,-1.763557e-01,-1.109946e-01,-1.343903e-01,-9.150079e-02,-8.527739e-02,-2.646073e-01,-2.421727e-01,-2.084183e-01,-1.029281e-01,-5.299485e-02,-9.007317e-02,-5.187478e-02,-6.210663e-02,-7.546560e-02,-7.792760e-02,-3.919749e-02,-8.317995e-03,-2.826068e-02,-7.876198e-02,-7.604505e-02,-4.233548e-02,-5.460710e-02,-7.736205e-02,-1.656453e-02,-3.188324e-05,3.125001e+00,3.125000e+00,-1.041669e+00,-3.051758e-06,-2.835633e-02,6.990731e-02,1.766297e+04,-1.021676e+00,-4.360387e+01,3.046081e-03,-1.466949e+00,-6.064051e-01,-2.178694e+00,-1.268317e-02,6.551967e-01,-1.093444e+00,5.488275e-01,1.297182e+00,-5.840938e-02,2.513321e+00,1.147116e+00,-1.747458e+00
fru,4.070000,0,0,0,0,0,1.867092e-01,6.369609e-01,9.707055e-03,3.854166e-02,1.251109e-01,2.910755e-01,4.162314e-01,4.845212e-01,5.950689e-01,7.415591e-01,6.837640e-01,7.984338e-01,7.502010e-01,7.931590e-01,7.313935e-01,7.980061e-01,7.904223e-01,6.478021e-01,5.288582e-01,8.036482e-01,7.488557e-01,7.191820e-01,6.319916e-01,7.141029e-01,8.279734e-01,8.615898e-01,6.821446e-01,5.980061e-01,4.344527e-01,3.634294e-01,1.191639e-02,1.661611e-04,1.666667e+02,2.083333e+02,2.604167e+02,3.437500e+02,8.076747e-02,3.229001e+00,7.741332e+04,9.947469e+00,1.346030e+02,-2.193739e-03,3.032174e+01,7.085367e+00,2.592829e+01,-4.305135e+00,9.003146e+00,-1.106733e+01,1.057435e+00,-1.516833e+01,1.002249e+00,-5.033105e+00,4.483741e+00,-1.212072e+01,0,0,0,0,0,-3.801674e-03,-4.329848e-02,-1.634991e-03,7.916667e-03,-3.706546e-02,-7.738357e-02,-8.823828e-02,-1.157544e-01,-5.401180e-02,-7.620051e-02,-5.640925e-02,-4.694933e-02,-1.456414e-01,-8.798313e-02,-7.640359e-02,-4.010361e-02,-2.109376e-02,-2.845191e-02,-7.722956e-03,-3.399217e-02,-3.271157e-02,-5.848533e-02,-8.303118e-03,1.951299e-02,1.581643e-02,-3.046818e-02,-1.582933e-02,2.231443e-03,-7.462692e-03,-1.665625e-02,-5.196250e-03,3.364480e-05,-7.291666e+00,-4.166666e+00,-1.145834e+01,2.604166e+01,-2.035875e-02,4.745188e-02,6.965589e+04,-7.168325e-01,-2.172553e+01,9.498224e-04,-2.346742e+00,3.146261e-01,-1.765799e+00,1.517303e+00,2.308630e+00,1.577434e+00,1.176474e+00,7.753410e-01,-3.803055e-01,-5.019970e-02,3.047800e+00,8.390121e-02
fru,4.080000,0,0,0,0,0,1.810674e-01,6.160428e-01,9.276095e-03,4.687500e-02,1.048556e-01,2.498159e-01,3.549846e-01,3.940714e-01,5.656601e-01,6.839311e-01,6.431933e-01,7.654116e-01,6.695350e-01,7.986861e-01,7.271883e-01,7.814917e-01,7.742972e-01,6.365090e-01,5.376511e-01,7.808530e-01,7.264963e-01,6.436822e-01,6.234849e-01,7.311106e-01,8.512040e-01,8.453447e-01,6.980879e-01,6.122286e-01,4.384100e-01,3.789281e-01,1.103831e-02,1.665166e-04,1.354167e+02,1.666667e+02,2.083333e+02,3.229167e+02,5.288795e-02,3.168484e+00,1.120443e+05,9.838160e+00,1.290619e+02,-2.044142e-03,2.795821e+01,9.167820e+00,2.449214e+01,1.314954e+00,1.440895e+01,-7.822994e+00,5.968624e+00,-1.237927e+01,4.322096e+00,-5.537017e+00,1.017256e+01,-1.188328e+01,0,1.232770e-01,0,0,0,2.103279e-02,1.157452e-02,-1.017033e-04,1.406250e-02,-1.613938e-02,-3.620341e-02,-5.203860e-02,-6.434969e-02,-3.391533e-02,-6.042074e-02,-3.258613e-02,-2.189476e-02,-3.487483e-02,1.683077e-02,1.796749e-02,-2.273470e-03,1.750517e-02,3.294313e-02,4.111487e-02,1.800537e-04,1.473382e-02,9.446877e-03,4.858030e-02,6.000706e-02,7.596178e-02,5.162991e-02,7.077017e-02,7.978181e-02,7.380702e-02,4.437398e-02,-6.895777e-04,2.782749e-04,-7.291669e+00,-1.041666e+00,-5.208334e+00,1.156250e+02,-7.683453e-03,1.309001e-01,1.503697e+05,-1.137165e+00,-2.362976e+01,1.014755e-04,-3.799448e+00,4.349396e-01,-1.627908e+00,2.286484e+00,1.750571e+00,2.468039e+00,5.289399e-01,-5.921338e-01,-9.972630e-01,-2.691467e+00,2.921030e+00,1.947712e+00
fru,4.090000,0,0,0,0,0,2.160461e-01,6.402262e-01,1.002335e-02,6.875000e-02,1.040555e-01,2.361603e-01,3.152046e-01,3.496061e-01,5.290945e-01,6.022834e-01,6.169660e-01,7.478349e-01,6.741411e-01,8.533128e-01,7.758895e-01,7.730799e-01,7.923536e-01,6.810707e-01,5.901341e-01,7.723543e-01,7.394857e-01,6.734845e-01,6.816775e-01,8.033635e-01,9.341334e-01,9.146028e-01,7.982464e-01,7.143628e-01,5.355356e-01,4.374472e-01,1.003124e-02,4.019795e-04,1.354167e+02,1.979167e+02,250,5.208333e+02,4.922028e-02,3.516305e+00,3.855225e+05,7.820555e+00,9.013589e+01,-1.863457e-03,2.241322e+01,9.459804e+00,2.255640e+01,4.465391e-01,1.384064e+01,-5.516872e+00,1.326086e+00,-1.440459e+01,1.440109e-01,-1.355856e+01,1.254218e+01,-7.030617e+00,0,1.805699e-01,0,0,0,5.111723e-02,8.482643e-02,8.191960e-04,2.135416e-02,-2.225568e-03,-1.069531e-02,-2.421297e-02,-2.265194e-02,-3.034976e-02,-4.519839e-02,-1.003084e-02,2.730721e-03,6.833957e-02,9.448551e-02,1.007423e-01,4.647286e-02,8.830477e-02,1.247930e-01,1.177669e-01,6.868510e-02,9.631489e-02,1.364708e-01,1.593488e-01,1.359612e-01,1.867249e-01,1.939863e-01,1.937540e-01,2.102320e-01,2.117432e-01,1.139952e-01,1.412289e-03,7.764507e-04,-1.041669e+00,6.250000e+00,1.156250e+02,3.708333e+02,2.660464e-03,2.754639e-01,3.248638e+05,-1.830448e+00,-3.286755e+01,-3.215901e-04,-5.062402e+00,-9.017805e-01,-1.068780e+00,2.161295e+00,1.477164e+00,2.153430e+00,2.650138e-01,-1.662529e+00,-1.199438e+00,-3.795704e+00,2.530892e+00,8.293743e-01
fru,4.100000,0,6.163849e-01,0,0,0,2.965554e-01,7.521065e-01,1.132994e-02,9.166666e-02,1.086449e-01,2.353354e-01,3.026767e-01,3.605506e-01,5.001277e-01,5.576152e-01,6.135094e-01,7.640743e-01,7.999911e-01,9.592998e-01,8.978974e-01,8.340799e-01,9.029126e-01,8.360319e-01,7.293006e-01,8.536542e-01,8.581948e-01,8.798873e-01,8.781798e-01,9.594522e-01,1.158994e+00,1.162259e+00,1.041213e+00,9.746744e-01,7.992503e-01,5.869637e-01,1.535581e-02,1.462250e-03,1.458333e+02,2.083333e+02,2.604167e+02,8.645833e+02,7.157779e-02,3.849603e+00,6.700651e+05,5.352048e+00,4.280433e+01,-2.939641e-03,1.667640e+01,7.986908e+00,2.176328e+01,2.938411e+00,1.408181e+01,-5.780404e+00,2.482866e+00,-1.933626e+01,3.713115e-02,-1.694630e+01,1.135286e+01,-5.953289e+00,0,1.758452e-01,0,0,0,7.096192e-02,1.787784e-01,1.158679e-03,2.812500e-02,2.479630e-03,3.042707e-03,-7.723391e-04,1.680696e-03,-2.910854e-02,-1.117379e-02,2.041404e-02,3.391646e-02,1.767001e-01,2.021805e-01,1.935211e-01,1.201426e-01,1.999125e-01,2.606173e-01,2.224571e-01,1.923000e-01,2.223026e-01,2.848755e-01,3.160587e-01,2.444880e-01,3.283235e-01,3.815219e-01,3.408180e-01,3.721374e-01,3.807079e-01,1.886953e-01,1.759349e-03,1.667152e-03,6.249999e+00,6.249999e+01,2.479167e+02,6.156250e+02,1.203915e-02,3.734103e-01,4.373072e+05,-1.971872e+00,-3.164279e+01,-4.947690e-04,-5.139321e+00,-2.825736e+00,-1.558198e+00,2.074753e+00,1.827185e+00,2.895824e+00,2.081423e+00,-1.500264e+00,-1.070825e+00,-2.820621e+00,1.652605e+00,-4.125922e-01
fru,4.110000,0,5.946570e-01,0,0,0,3.845513e-01,9.930612e-01,1.277611e-02,1.229167e-01,1.120884e-01,2.448392e-01,3.213205e-01,3.880219e-01,4.760863e-01,5.787250e-01,6.484518e-01,8.127561e-01,1.026671e+00,1.185280e+00,1.149750e+00,1.004076e+00,1.167638e+00,1.172006e+00,1.021868e+00,1.110673e+00,1.164581e+00,1.283434e+00,1.301388e+00,1.279738e+00,1.607703e+00,1.673064e+00,1.479353e+00,1.467943e+00,1.312748e+00,8.293878e-01,1.681908e-02,3.400548e-03,1.562500e+02,2.187500e+02,8.125000e+02,1.927083e+03,8.472487e-02,4.265762e+00,1422722,3.038284e+00,1.339405e+01,-3.353940e-03,1.065063e+01,3.166921e+00,2.194882e+01,5.689610e+00,1.655254e+01,-1.321474e+00,4.125383e+00,-2.000249e+01,-2.852459e+00,-1.830699e+01,1.654805e+01,-1.093885e+01,0,1.155698e-01,0,0,0,7.641061e-02,2.684897e-01,1.175164e-03,3.354166e-02,2.435744e-03,8.753548e-03,1.010943e-02,-4.770607e-04,-2.989431e-02,2.507974e-02,5.973636e-02,7.205329e-02,2.720901e-01,3.351940e-01,2.936773e-01,2.268708e-01,3.378389e-01,4.142649e-01,3.432992e-01,3.394403e-01,3.373072e-01,3.860049e-01,4.587538e-01,3.460994e-01,4.409943e-01,5.521451e-01,4.716577e-01,5.094050e-01,5.197977e-01,2.480941e-01,-1.086647e-04,3.019414e-03,7.187501e+01,1.802083e+02,4.072917e+02,7.895834e+02,1.297286e-02,4.924469e-01,4.645525e+05,-1.532246e+00,-2.029180e+01,-3.118140e-04,-4.504989e+00,-4.509783e+00,-2.931038e+00,2.516947e+00,2.940952e+00,2.699787e+00,4.317772e+00,1.520622e+00,6.008202e-01,-9.139479e-01,1.280405e+00,-2.248496e+00
fru,4.120000,0,5.818975e-01,0,0,0,4.516244e-01,1.333517e+00,1.369311e-02,1.604167e-01,1.132373e-01,2.606900e-01,3.480650e-01,3.832670e-01,4.466214e-01,6.398413e-01,7.295206e-01,9.025333e-01,1.376770e+00,1.643605e+00,1.507864e+00,1.266707e+00,1.586217e+00,1.694128e+00,1.434070e+00,1.573194e+00,1.625462e+00,1.763085e+00,1.893923e+00,1.715364e+00,2.156037e+00,2.373723e+00,2.061625e+00,2.096126e+00,1.953343e+00,1.126434e+00,1.644113e-02,7.002992e-03,1.562500e+02,4.687500e+02,1.166667e+03,2.697917e+03,9.533141e-02,4.660807e+00,1.779980e+06,2.369934e+00,9.218928e+00,-3.772746e-03,8.142896e+00,-1.814417e+00,1.700494e+01,9.067184e+00,2.218893e+01,4.558429e+00,1.497609e+01,-1.708164e+01,4.662066e-01,-1.726591e+01,1.643265e+01,-1.199212e+01,0,2.183414e-03,0,0,0,7.085498e-02,3.159073e-01,1.105901e-03,3.395834e-02,7.000566e-04,6.003010e-03,2.935043e-03,-2.160170e-02,-3.308599e-02,3.851693e-02,1.080127e-01,1.276213e-01,3.441988e-01,4.625406e-01,3.711616e-01,3.465082e-01,4.637541e-01,5.319873e-01,4.283891e-01,4.316402e-01,3.709462e-01,3.950405e-01,5.005497e-01,3.979833e-01,4.594900e-01,6.096671e-01,5.065069e-01,5.497355e-01,5.546674e-01,2.597207e-01,-2.572896e-03,4.392173e-03,1.541667e+02,2.916667e+02,4.062500e+02,6.583334e+02,1.038936e-02,5.389518e-01,3.039995e+05,-8.428900e-01,-8.022959e+00,-1.291205e-04,-3.077210e+00,-5.411382e+00,-5.041738e+00,1.376157e+00,3.261838e+00,2.961479e+00,5.073213e+00,4.060508e+00,1.101154e+00,-8.872854e-01,3.216255e-01,-1.796519e+00
fru,4.130000,0,5.950928e-01,0,0,0,5.205647e-01,1.691969e+00,1.471758e-02,2.020833e-01,1.139380e-01,2.672508e-01,3.430576e-01,3.358626e-01,4.063760e-01,6.865690e-01,8.576422e-01,1.038872e+00,1.746202e+00,2.187130e+00,1.939293e+00,1.691121e+00,2.139896e+00,2.323347e+00,1.954245e+00,2.109786e+00,2.042388e+00,2.161910e+00,2.467575e+00,2.155905e+00,2.640583e+00,3.069596e+00,2.646328e+00,2.700662e+00,2.557478e+00,1.408183e+00,8.945259e-03,1.272868e-02,4.895833e+02,9.687500e+02,1.833333e+03,3.552083e+03,1.022078e-01,5.572937e+00,2.153327e+06,1.650384e+00,5.469599e+00,-3.005974e-03,4.155024e+00,-8.188450e+00,1.028038e+01,9.966886e+00,2.449184e+01,2.812648e+00,1.666834e+01,-7.928787e+00,2.933574e+00,-1.796849e+01,1.640431e+01,-1.525368e+01,0,1.089821e-02,0,0,0,5.858353e-02,2.973000e-01,1.023797e-03,2.343750e-02,-1.752280e-03,-3.953934e-03,-1.615547e-02,-3.625760e-02,-2.960132e-02,2.753900e-02,1.483666e-01,1.972196e-01,3.949684e-01,5.046347e-01,4.022868e-01,4.468412e-01,5.450637e-01,5.602741e-01,4.381198e-01,4.086692e-01,2.989907e-01,3.187303e-01,3.951341e-01,3.600421e-01,3.703755e-01,5.036257e-01,3.982102e-01,4.444682e-01,4.384076e-01,2.155580e-01,-3.388867e-03,4.762760e-03,2.302083e+02,3.114583e+02,2.781250e+02,2.937500e+02,8.313352e-03,4.826271e-01,2.450869e+04,-3.005802e-01,-1.494642e+00,-1.177317e-04,-1.490656e+00,-5.205152e+00,-5.504746e+00,2.677034e-01,1.922574e+00,1.095616e+00,2.693689e+00,4.191223e+00,4.642658e-01,-1.072267e+00,-1.063297e+00,1.812807e-01
fru,4.140000,0,6.270840e-01,0,0,0,5.828236e-01,1.982189e+00,1.588871e-02,2.218750e-01,1.112204e-01,2.541447e-01,3.064834e-01,2.786218e-01,3.695529e-01,6.962779e-01,1.048978e+00,1.289123e+00,2.161220e+00,2.771078e+00,2.358934e+00,2.223099e+00,2.735554e+00,2.920298e+00,2.405057e+00,2.512299e+00,2.274022e+00,2.415851e+00,2.797835e+00,2.511285e+00,2.940004e+00,3.512328e+00,2.990259e+00,3.106992e+00,2.950223e+00,1.596170e+00,6.428240e-03,1.875905e-02,750,1.291667e+03,1.781250e+03,3.343750e+03,1.147831e-01,5.890774e+00,1.824760e+06,1.831549e+00,6.651762e+00,-3.759226e-03,4.538155e+00,-1.339232e+01,2.388817e+00,7.680555e+00,2.642135e+01,6.959930e+00,2.157745e+01,-5.070571e+00,2.649886e+00,-2.155197e+01,1.303286e+01,-1.277847e+01,0,1.068981e-02,0,0,0,4.055402e-02,2.215857e-01,8.278779e-04,6.770834e-03,-5.211306e-03,-1.583989e-02,-3.036571e-02,-2.786262e-02,-1.110939e-02,1.394826e-02,1.548885e-01,2.452491e-01,4.173693e-01,4.431632e-01,3.802713e-01,4.570951e-01,5.211979e-01,4.746868e-01,3.650184e-01,2.793928e-01,1.718556e-01,2.123697e-01,1.940002e-01,2.620807e-01,2.326763e-01,2.638734e-01,1.856219e-01,2.344529e-01,2.120088e-01,1.303982e-01,-2.796004e-03,4.354802e-03,2.125000e+02,1.750000e+02,9.166667e+01,-6.250000e+01,6.584874e-03,2.330217e-01,-1.776025e+05,-1.876345e-02,1.014175e-01,-2.590466e-04,-2.415951e-01,-4.077804e+00,-4.508114e+00,-1.935694e+00,-3.099045e-01,-4.223973e-01,-8.023022e-01,8.424969e-01,-2.064968e+00,-7.184652e-01,4.325705e-02,1.910750e+00
fru,4.150000,0,6.265548e-01,0,0,0,6.118693e-01,2.155226e+00,1.679730e-02,2.093750e-01,1.043354e-01,2.283422e-01,2.613339e-01,2.590565e-01,3.666140e-01,6.882017e-01,1.230556e+00,1.605559e+00,2.609288e+00,3.144717e+00,2.735649e+00,2.760086e+00,3.318289e+00,3.360291e+00,2.726973e+00,2.684466e+00,2.335254e+00,2.550702e+00,2.825103e+00,2.681988e+00,3.067597e+00,3.621890e+00,3.006086e+00,3.184851e+00,3.006346e+00,1.672310e+00,4.881196e-03,2.133632e-02,1.010417e+03,1.364583e+03,1.895833e+03,3.072917e+03,1.165658e-01,6.063914e+00,1.522876e+06,1.804576e+00,7.204422e+00,-3.949359e-03,4.999723e+00,-1.706989e+01,1.733155e+00,7.721441e+00,2.404920e+01,2.955856e+00,1.429315e+01,-5.051908e+00,-1.622970e+00,-2.152529e+01,1.293146e+01,-9.639272e+00,0,1.023340e-02,0,0,0,1.503665e-02,1.132199e-01,4.129799e-04,-8.125002e-03,-8.541450e-03,-2.304752e-02,-3.041155e-02,3.418773e-04,2.067263e-02,1.964330e-02,1.104220e-01,2.421488e-01,4.049867e-01,3.174532e-01,2.950761e-01,3.216899e-01,3.689120e-01,2.827964e-01,2.130418e-01,1.204303e-01,7.193112e-02,1.005539e-01,-1.413665e-02,1.218697e-01,8.964527e-02,-1.061785e-02,-3.386257e-02,-1.181598e-02,-5.538387e-02,2.992116e-02,-1.262613e-03,2.428312e-03,1.125000e+02,2.083335e+01,-6.875000e+01,-2.822917e+02,4.930853e-03,-2.425556e-02,-2.783862e+05,1.600388e-01,1.013792e+00,-2.891034e-04,7.751338e-01,-2.549885e+00,-2.937822e+00,-3.208782e+00,-2.239401e+00,-1.494973e+00,-2.117373e+00,-3.128395e+00,-3.033712e+00,1.070371e+00,1.082187e+00,4.084293e+00
fru,4.160000,0,6.196156e-01,0,0,0,6.087422e-01,2.209817e+00,1.679264e-02,1.906250e-01,9.198204e-02,2.009448e-01,2.370983e-01,2.823570e-01,4.109555e-01,7.087662e-01,1.317506e+00,1.845435e+00,3.032074e+00,3.380628e+00,3.011042e+00,3.017699e+00,3.603010e+00,3.549090e+00,2.872798e+00,2.682817e+00,2.338306e+00,2.630537e+00,2.685160e+00,2.762726e+00,3.105911e+00,3.416944e+00,2.809855e+00,3.026296e+00,2.788953e+00,1.646362e+00,4.493146e-03,2.447318e-02,9.583333e+02,1.145833e+03,1.593750e+03,2625,1.210768e-01,5.580427e+00,1.207194e+06,2.199021e+00,8.858604e+00,-4.596286e-03,6.512571e+00,-1.776272e+01,-1.262018e+00,5.114355e-01,2.086073e+01,2.374839e+00,1.215217e+01,-1.430760e+01,-7.580363e+00,-1.907984e+01,1.838535e+01,-5.245576e+00,4.468097e+01,1.816435e-02,0,0,0,-6.926966e-03,2.917290e-03,-1.295676e-04,-1.260417e-02,-1.016645e-02,-2.518611e-02,-2.243146e-02,3.146211e-02,5.334422e-02,3.923888e-02,2.644042e-02,1.651848e-01,3.062255e-01,1.707585e-01,1.593095e-01,9.427168e-02,1.131709e-01,3.925021e-02,4.016294e-02,-9.073233e-03,1.746759e-02,-7.185197e-03,-1.475536e-01,-2.260115e-02,-2.306523e-02,-2.194753e-01,-1.690502e-01,-2.040077e-01,-2.632446e-01,-5.739883e-02,-8.383613e-04,1.193621e-03,3.958334e+01,-6.145832e+01,-1.062500e+02,-2.593750e+02,3.641760e-03,-1.671640e-01,-2.218860e+05,2.126722e-01,1.264886e+00,-8.722539e-05,7.686629e-01,-1.367664e+00,-1.979243e+00,-3.649321e+00,-2.648676e+00,-2.218304e+00,-2.749246e+00,-4.664608e+00,-2.171506e+00,2.897641e+00,2.800733e+00,4.460034e+00
fru,4.170000,0,6.499941e-01,0,0,0,5.827887e-01,2.144254e+00,1.633052e-02,1.770833e-01,8.084997e-02,1.786131e-01,2.256924e-01,3.357044e-01,4.890378e-01,7.785413e-01,1.275488e+00,1.971460e+00,3.335708e+00,3.469621e+00,3.088619e+00,2.902270e+00,3.550728e+00,3.422933e+00,2.785584e+00,2.626678e+00,2.369902e+00,2.557337e+00,2.453229e+00,2.639533e+00,3.005856e+00,3.064199e+00,2.567218e+00,2.681930e+00,2.361193e+00,1.532693e+00,3.599740e-03,2.201317e-02,9.479167e+02,1.145833e+03,1.583333e+03,2500,1.237152e-01,5.606833e+00,1.070179e+06,2.266842e+00,9.435138e+00,-4.032961e-03,7.043485e+00,-1.875268e+01,-2.583313e+00,-2.492465e+00,1.607515e+01,-2.369670e+00,1.079411e+01,-1.895225e+01,-7.119864e+00,-1.385270e+01,1.913899e+01,1.401344e+00,6.726009e+01,3.866361e-02,0,0,0,-2.072370e-02,-8.823872e-02,1.544273e-03,-1.302083e-02,-8.007986e-03,-2.144023e-02,-9.418651e-03,5.238619e-02,7.241445e-02,5.645766e-02,-4.069481e-02,6.239390e-02,1.280518e-01,3.830340e-02,-1.553273e-02,-1.143617e-01,-1.577823e-01,-1.858871e-01,-1.259367e-01,-9.911589e-02,-1.716435e-02,-1.058792e-01,-2.027006e-01,-1.549802e-01,-1.174969e-01,-3.229896e-01,-2.132852e-01,-3.088993e-01,-3.605402e-01,-1.221025e-01,5.662238e-03,-9.867989e-04,-5.833334e+01,-1.135417e+02,-1.875000e+02,-3.083333e+02,1.467204e-02,-2.940013e-01,-1.998858e+05,4.306820e-01,3.604968e+00,-9.186476e-04,1.803146e+00,4.918697e-01,-4.841294e-01,-2.498106e+00,-1.679649e+00,-1.381924e+00,-1.476522e+00,-3.724669e+00,-2.526897e-01,1.734426e+00,2.308142e-01,3.057435e+00
fru,4.180000,2.234048e+02,7.061861e-01,0,0,0,5.627291e-01,2.002261e+00,1.547426e-02,1.750000e-01,7.213088e-02,1.530787e-01,2.121468e-01,3.976084e-01,5.750620e-01,8.473024e-01,1.158714e+00,1.932096e+00,3.329137e+00,3.462419e+00,2.978996e+00,2.623365e+00,3.185189e+00,3.085228e+00,2.576566e+00,2.495827e+00,2.344036e+00,2.376608e+00,2.246004e+00,2.419507e+00,2.855548e+00,2.693797e+00,2.364443e+00,2.338414e+00,1.956576e+00,1.378984e+00,2.877162e-03,2.438872e-02,9.791667e+02,1.093750e+03,1.406250e+03,2.333333e+03,1.294172e-01,5.283494e+00,9.416785e+05,2.663777e+00,1.186083e+01,-4.153552e-03,7.359589e+00,-1.938924e+01,-5.349165e+00,-5.459098e+00,1.716499e+01,-1.468826e+00,9.580739e+00,-2.144344e+01,-5.459197e+00,-1.090006e+01,2.393275e+01,4.001398e+00,6.787003e+01,5.015666e-02,1.798973e-02,0,1.267437e-01,-1.365560e-02,-1.474402e-01,7.314034e-03,-1.916667e-02,-5.784743e-04,-5.557661e-03,2.243555e-02,7.007121e-02,8.757390e-02,6.289092e-02,-4.177113e-02,-1.098082e-02,-7.293544e-02,-1.089288e-01,-1.704403e-01,-1.986888e-01,-3.367711e-01,-3.284062e-01,-2.428331e-01,-1.777194e-01,-7.415001e-02,-1.852758e-01,-2.196873e-01,-2.579224e-01,-2.023185e-01,-3.430855e-01,-2.237678e-01,-3.496173e-01,-3.654833e-01,-1.594985e-01,7.707264e-02,-2.782803e-03,-1.218750e+02,-1.593750e+02,-2.572917e+02,-4.239583e+02,5.931893e-02,-4.751922e-01,-2.200935e+05,9.414565e-01,1.755355e+01,-1.376011e-02,4.230290e+00,3.105297e+00,1.614301e+00,-4.186299e-01,-3.924955e-01,-1.364515e+00,-1.800410e+00,-1.748139e+00,-3.531625e-02,-6.924456e-01,-3.718660e+00,-4.115067e-01
fru,4.190000,2.245981e+02,7.765875e-01,0,0,0,5.312574e-01,1.817811e+00,2.517786e-02,1.520833e-01,7.422110e-02,1.450741e-01,2.267164e-01,4.633618e-01,6.466330e-01,9.012219e-01,1.106478e+00,1.874198e+00,3.101015e+00,3.295339e+00,2.674008e+00,2.385445e+00,2.738288e+00,2.662787e+00,2.245405e+00,2.282382e+00,2.246567e+00,2.148270e+00,2.031178e+00,2.078696e+00,2.605294e+00,2.368515e+00,2.162367e+00,1.984295e+00,1.619834e+00,1.195486e+00,3.400038e-02,1.644455e-02,7.083333e+02,8.229167e+02,1.052083e+03,1.677083e+03,1.857557e-01,4.742374e+00,6.562044e+05,3.725608e+00,2.372815e+01,-8.763964e-03,1.359194e+01,-1.379728e+01,1.356081e+00,-1.783824e+00,1.749882e+01,-2.031934e+00,8.196253e+00,-2.010733e+01,-3.947002e+00,-1.694304e+01,1.131183e+01,1.024415e+00,4.624781e+01,4.617170e-02,2.242040e-02,1.023589e-02,1.541774e-01,1.637081e-02,-1.642585e-01,1.684047e-02,-2.885417e-02,1.050733e-02,3.713282e-02,1.173364e-01,1.011851e-01,1.387753e-01,9.137264e-02,4.691799e-02,-9.599912e-03,-1.791882e-01,-2.391760e-01,-2.499341e-01,-1.738983e-01,-4.152514e-01,-3.830599e-01,-3.055468e-01,-2.537921e-01,-1.578777e-01,-2.274522e-01,-2.311965e-01,-3.014564e-01,-2.799078e-01,-3.373894e-01,-2.390997e-01,-3.472899e-01,-3.169560e-01,-1.658774e-01,2.208513e-01,-3.415799e-03,-2.010417e+02,-2.437500e+02,-350,-5.562500e+02,9.740620e-02,-7.060360e-01,-2.568190e+05,1.238192e+00,2.701487e+01,-4.071331e-02,7.523428e+00,6.360690e+00,1.893959e+00,-9.013677e-02,-7.935194e-01,-4.571335e-01,-2.842690e+00,-1.744483e+00,-1.350926e+00,-3.190037e+00,-7.144965e+00,-4.342801e+00
fru,4.200000,2.270511e+02,8.071021e-01,8.994865e-02,0,6.337186e-01,5.662298e-01,1.635838e+00,4.893914e-02,1.072917e-01,9.240410e-02,1.899260e-01,3.487640e-01,5.688843e-01,7.700275e-01,9.618805e-01,1.193155e+00,1.839162e+00,2.784743e+00,2.923125e+00,2.366146e+00,2.282668e+00,2.325375e+00,2.287132e+00,1.928722e+00,1.966368e+00,2.029223e+00,1.908691e+00,1.797749e+00,1.753532e+00,2.294599e+00,2.049358e+00,1.893442e+00,1.627027e+00,1.332216e+00,1.017472e+00,3.746560e-01,1.334348e-02,4.687500e+02,5.104167e+02,5.729167e+02,9.166667e+02,3.866512e-01,3.636696e+00,3.137141e+05,6.176920e+00,8.947987e+01,-7.103135e-02,2.438979e+01,-4.713933e+00,4.839791e+00,-1.936035e+00,1.818641e+01,-4.616605e+00,4.449055e+00,-2.247075e+01,-9.343375e+00,-2.099689e+01,3.705635e+00,-7.114645e+00,2.008046e+00,3.255107e-02,1.049061e-02,1.239777e-02,8.261901e-02,6.497348e-02,-1.322680e-01,2.552631e-02,-3.416667e-02,2.143211e-02,1.162218e-01,3.080977e-01,1.561576e-01,2.751509e-01,1.925892e-01,1.949781e-01,1.251207e-01,-8.029313e-02,-2.994260e-01,-2.158864e-01,-1.131701e-01,-4.097552e-01,-3.847736e-01,-3.268930e-01,-3.005589e-01,-2.298535e-01,-2.549656e-01,-2.536600e-01,-2.985700e-01,-3.472086e-01,-3.274101e-01,-2.614695e-01,-3.227216e-01,-2.639309e-01,-1.381703e-01,3.866252e-01,-2.124751e-03,-2.052083e+02,-2.333333e+02,-2.968750e+02,-4.791667e+02,1.090773e-01,-6.820197e-01,-2.338084e+05,8.329064e-01,2.470966e+01,-7.626019e-02,9.424895e+00,7.684161e+00,-1.003237e+00,-1.170700e+00,-2.203175e+00,5.060807e-01,-3.787825e+00,-2.723413e+00,-3.367127e+00,-3.187908e+00,-7.948486e+00,-5.691957e+00
fru,4.210000,2.294160e+02,8.303946e-01,6.712765e-02,5.117943e-02,4.540274e-01,6.628924e-01,1.506173e+00,8.380041e-02,6.666666e-02,1.232500e-01,3.458536e-01,7.440659e-01,7.559920e-01,1.085432e+00,1.178115e+00,1.492857e+00,1.969928e+00,2.711964e+00,2.543388e+00,2.145374e+00,2.203127e+00,1.904378e+00,1.906681e+00,1.581773e+00,1.622447e+00,1.737920e+00,1.654034e+00,1.521374e+00,1.465238e+00,1.886791e+00,1.699472e+00,1.607220e+00,1.301174e+00,1.088593e+00,8.840616e-01,9.219670e-01,1.045680e-02,1.979167e+02,2.187500e+02,250,4.270833e+02,4.821292e-01,2.900052e+00,1.000664e+05,6.701229e+00,1.057000e+02,-1.741606e-01,3.614553e+01,5.713120e+00,1.792004e+00,-4.704681e+00,1.159684e+01,-3.081449e+00,-8.534959e-01,-2.716101e+01,-1.193241e+01,-2.475447e+01,-6.472273e+00,-1.475464e+01,1.689594e+00,1.756361e-02,-5.096161e-03,6.557061e-03,-2.906375e-02,1.089282e-01,-5.403705e-02,2.753795e-02,-2.666667e-02,2.496092e-02,1.963400e-01,5.159599e-01,2.129792e-01,4.796042e-01,3.570392e-01,3.176683e-01,3.914321e-01,2.541373e-01,-2.076233e-01,-6.553917e-02,-4.924340e-02,-3.695633e-01,-3.635522e-01,-3.060467e-01,-2.984303e-01,-2.635884e-01,-2.611085e-01,-2.545951e-01,-2.504119e-01,-3.674130e-01,-3.020423e-01,-2.561232e-01,-2.594354e-01,-2.042565e-01,-7.611203e-02,4.391528e-01,3.758495e-03,-1.239583e+02,-1.447917e+02,-1.270833e+02,-2.145833e+02,5.894737e-02,-4.267371e-01,-1.412123e+05,-3.615595e-01,1.147654e+00,-9.687130e-02,8.110297e+00,5.931339e+00,-5.709014e+00,-3.333645e+00,-2.219675e+00,2.633122e+00,-4.723031e+00,-4.558937e+00,-4.237416e+00,-1.747925e+00,-4.963140e+00,-3.761321e+00
fru,4.220000,2.310361e+02,8.420380e-01,1.888923e-02,3.639914e-02,1.860813e-01,8.217790e-01,1.496740e+00,1.137946e-01,4.687500e-02,1.547769e-01,6.337982e-01,1.493961e+00,1.032081e+00,1.731417e+00,1.671802e+00,1.940415e+00,2.509835e+00,3.122197e+00,2.341264e+00,2.163881e+00,2.148674e+00,1.553368e+00,1.539413e+00,1.273918e+00,1.323000e+00,1.449093e+00,1.348898e+00,1.232606e+00,1.233386e+00,1.478757e+00,1.391268e+00,1.334669e+00,1.066366e+00,9.025421e-01,8.438451e-01,1.492020e+00,1.675885e-02,2.083333e+02,2.291667e+02,3.229167e+02,5.625000e+02,5.266171e-01,2.794557e+00,5.070548e+04,5.340498e+00,9.442322e+01,-3.027562e-01,4.320728e+01,9.276368e+00,-1.058331e+01,-9.852168e+00,9.100109e+00,1.586335e+00,-4.833512e+00,-3.153367e+01,-1.830213e+01,-2.293388e+01,-6.917624e+00,-1.656886e+01,6.128250e-01,9.131854e-03,-2.239474e-02,-1.650535e-03,-1.465835e-01,1.214918e-01,4.162657e-02,2.131032e-02,-1.218750e-02,1.804599e-02,2.251595e-01,6.043447e-01,2.311905e-01,6.256836e-01,4.994973e-01,3.255922e-01,6.942866e-01,7.114933e-01,1.388297e-02,1.319905e-01,4.378576e-02,-2.978598e-01,-3.226207e-01,-2.539221e-01,-2.443242e-01,-2.367275e-01,-2.259510e-01,-2.133985e-01,-1.832054e-01,-3.254694e-01,-2.352224e-01,-2.057578e-01,-1.651494e-01,-1.353051e-01,2.251899e-03,3.163373e-01,1.166490e-02,-4.791667e+01,-50,6.666667e+01,4.166666e+01,-1.260225e-02,-6.682537e-02,-4.241041e+04,-1.425794e+00,-2.402090e+01,-8.334366e-02,4.713920e+00,2.462826e+00,-7.629640e+00,-3.602761e+00,-5.706279e-01,3.768887e+00,-4.912439e+00,-5.044281e+00,-3.367191e+00,-7.893707e-01,-2.788845e+00,-5.865024e-01
fru,4.230000,2.310535e+02,8.469377e-01,1.004890e-02,1.458573e-02,7.849988e-02,9.481239e-01,1.617175e+00,1.304399e-01,4.895833e-02,1.678393e-01,9.048379e-01,2.233917e+00,1.296659e+00,2.563959e+00,2.331457e+00,2.321190e+00,3.496022e+00,4.202975e+00,2.548153e+00,2.447445e+00,2.206225e+00,1.276475e+00,1.218885e+00,1.042574e+00,1.111915e+00,1.218691e+00,1.122625e+00,1.040774e+00,1.086710e+00,1.176151e+00,1.187349e+00,1.161138e+00,9.674484e-01,8.133886e-01,9.017395e-01,1.671082e+00,3.352934e-02,2.187500e+02,2.395833e+02,5.416667e+02,7.812500e+02,4.105097e-01,3.029758e+00,8.164729e+04,2.336021e+00,2.699474e+01,-3.772580e-01,4.473469e+01,8.864271e+00,-1.947744e+01,-1.449398e+01,1.094360e+01,8.032205e+00,-1.077762e+01,-3.837056e+01,-2.065470e+01,-2.471417e+01,-8.192237e+00,-1.305508e+01,-7.151932e-01,2.207994e-03,-1.287025e-02,-1.053349e-02,-8.497954e-02,9.419125e-02,1.072287e-01,1.022861e-02,-1.250000e-03,4.522346e-03,1.686973e-01,4.699925e-01,1.848424e-01,5.884917e-01,5.026574e-01,1.857837e-01,8.218931e-01,1.000324e+00,2.503754e-01,3.065560e-01,2.038702e-01,-1.894757e-01,-2.474110e-01,-1.741300e-01,-1.731115e-01,-1.684713e-01,-1.421959e-01,-1.356428e-01,-1.087084e-01,-2.192794e-01,-1.278328e-01,-1.277886e-01,-6.469563e-02,-7.248579e-02,5.116960e-02,1.114981e-01,1.980382e-02,5.208333e+00,8.333333e+00,1.437500e+02,1.427083e+02,-4.249836e-02,1.230245e-01,9.089045e+03,-1.455579e+00,-2.770280e+01,-4.267596e-02,1.551237e+00,-6.253273e-01,-6.254981e+00,-2.613595e+00,3.121628e+00,1.665550e+00,-4.901783e+00,-5.185567e+00,-3.127941e-01,-2.917528e-01,-1.119783e+00,1.739042e+00
fru,4.240000,2.292964e+02,8.444899e-01,6.514294e-03,1.004417e-02,8.856498e-02,1.031073e+00,1.788470e+00,1.321710e-01,5.520834e-02,1.603394e-01,1.036232e+00,2.625561e+00,1.454503e+00,3.159182e+00,2.882696e+00,2.406950e+00,4.547548e+00,5.596704e+00,2.990157e+00,2.875063e+00,2.500048e+00,1.150027e+00,1.017926e+00,9.287105e-01,1.000013e+00,1.105200e+00,1.044641e+00,9.710562e-01,1.026769e+00,1.022572e+00,1.129308e+00,1.087694e+00,9.681425e-01,7.932928e-01,1.019893e+00,1.581785e+00,6.013169e-02,2.187500e+02,250,7.604167e+02,9.479167e+02,3.594497e-01,3.237716e+00,1.108716e+05,1.230554e+00,8.727997e+00,-3.862009e-01,4.366481e+01,6.024618e+00,-2.267369e+01,-1.505519e+01,1.565989e+01,8.671002e+00,-1.515108e+01,-4.208738e+01,-2.181818e+01,-2.496390e+01,-9.378606e+00,-1.089694e+01,-1.801003e+00,-1.678652e-03,-1.821642e-03,-5.615940e-03,-1.906280e-02,4.233296e-02,1.061191e-01,1.244096e-03,2.187499e-03,-7.269235e-03,5.916370e-02,1.816794e-01,9.206130e-02,3.538237e-01,3.396914e-01,-3.101780e-02,5.971771e-01,8.397287e-01,3.753273e-01,3.718936e-01,3.557407e-01,-6.004859e-02,-1.522546e-01,-9.582148e-02,-1.131359e-01,-8.796425e-02,-3.108107e-02,-5.170362e-02,-4.351715e-02,-9.333093e-02,-1.989424e-02,-4.739068e-02,1.066713e-02,-3.239556e-02,4.896908e-02,-2.463504e-02,2.250748e-02,2.083334e+00,5.208333e+00,6.458334e+01,6.458333e+01,-4.593459e-02,1.075414e-01,1.287984e+04,-6.835509e-01,-1.690557e+01,-2.228051e-04,-1.484451e-01,-1.484738e+00,-2.549162e+00,-3.355881e-01,4.500463e+00,-1.588519e+00,-5.055542e+00,-3.688080e+00,2.688183e+00,-4.900207e-02,-7.273225e-01,2.500967e+00
fru,4.250000,2.267098e+02,8.402086e-01,8.963849e-03,1.168948e-02,7.788793e-02,1.029202e+00,1.896451e+00,1.257553e-01,5.624999e-02,1.430805e-01,9.881236e-01,2.528228e+00,1.468993e+00,3.314008e+00,3.085955e+00,2.188509e+00,5.060537e+00,6.476332e+00,3.470818e+00,3.322563e+00,3.046791e+00,1.158669e+00,9.303696e-01,8.837261e-01,9.183825e-01,1.067510e+00,1.095183e+00,9.739345e-01,1.025004e+00,1.018486e+00,1.191288e+00,1.091764e+00,1.026808e+00,7.807891e-01,1.051886e+00,1.434575e+00,8.778948e-02,2.187500e+02,250,750,9.479167e+02,3.532211e-01,3.293595e+00,1.154286e+05,1.478308e+00,1.003363e+01,-3.458180e-01,4.367295e+01,4.212358e+00,-2.343771e+01,-1.517114e+01,2.392509e+01,1.703970e+00,-2.020363e+01,-4.781198e+01,-1.173835e+01,-2.519823e+01,-1.084070e+01,-8.895396e+00,-2.291324e+00,-3.299701e-03,2.466844e-04,-2.068477e-03,6.219894e-04,-2.906561e-04,4.555987e-02,-1.250006e-03,-7.291667e-04,-1.032279e-02,-3.146140e-02,-7.973807e-02,1.718354e-03,6.636586e-02,9.779370e-02,-2.109429e-01,8.997016e-02,2.037989e-01,3.443018e-01,3.140121e-01,3.828058e-01,8.870838e-02,-5.546167e-02,-3.971180e-02,-7.960084e-02,-2.525854e-02,5.057856e-02,-1.360291e-03,-8.594322e-03,8.248746e-03,5.079939e-02,6.154370e-03,4.433203e-02,-2.399214e-02,1.413524e-03,1.834058e-02,2.683077e-02,0,0,-6.562501e+01,-4.166668e+01,-1.418923e-02,-6.914997e-03,-1.058255e+03,2.286212e-01,-1.937605e-01,1.031271e-02,-2.514553e-01,-1.128044e+00,4.264956e-01,2.320884e+00,4.663239e+00,-4.835001e+00,-4.415811e+00,-1.797560e+00,4.378592e+00,3.303593e-01,4.057841e-01,3.411245e+00
fru,4.260000,2.242030e+02,8.370093e-01,1.032354e-02,9.767566e-03,9.107333e-02,9.929049e-01,1.887697e+00,1.223574e-01,5.416666e-02,1.308102e-01,8.879738e-01,2.255202e+00,1.406221e+00,3.125511e+00,2.993010e+00,1.851667e+00,4.713463e+00,6.184162e+00,3.756568e+00,3.585790e+00,3.507094e+00,1.312028e+00,9.223977e-01,8.742341e-01,8.540869e-01,1.084862e+00,1.207214e+00,1.007508e+00,1.046653e+00,1.090934e+00,1.289827e+00,1.132402e+00,1.090022e+00,7.568641e-01,1.013617e+00,1.487098e+00,1.021662e-01,2.187500e+02,250,5.416667e+02,8.020833e+02,3.255884e-01,3.200345e+00,9.821404e+04,2.351601e+00,1.837590e+01,-3.195902e-01,4.299592e+01,4.178635e+00,-2.134898e+01,-1.119153e+01,2.511168e+01,-3.192143e+00,-2.539822e+01,-4.525336e+01,-9.319390e+00,-2.293686e+01,-9.230007e+00,-6.143869e+00,-2.302696e+00,-3.111327e-03,3.036310e-04,-2.583910e-03,1.351523e-03,-1.487277e-02,-3.072315e-02,2.524193e-03,-4.791667e-03,-4.660034e-03,-6.339842e-02,-1.999665e-01,-5.048053e-02,-1.295345e-01,-1.092334e-01,-2.805646e-01,-4.374813e-01,-5.640997e-01,2.566272e-01,1.701977e-01,2.025290e-01,2.388315e-01,3.746851e-02,-1.136517e-02,-6.020197e-02,5.137873e-03,8.413968e-02,1.818375e-02,-3.374171e-03,5.652660e-02,5.904514e-02,2.369927e-02,3.518350e-02,-2.790534e-02,-4.410691e-02,1.899500e-01,4.203214e-02,0,-5.208333e+00,-1.427083e+02,-8.020834e+01,-8.248362e-03,-1.105709e-01,-9.721484e+03,4.919080e-01,3.386004e+00,-1.654947e-02,2.525215e-02,-6.193058e-01,2.295898e+00,4.745317e+00,2.509073e+00,-4.027029e+00,-4.009191e+00,8.154072e-01,2.599697e+00,1.400429e-01,2.311999e+00,4.582512e+00
fru,4.270000,2.221436e+02,8.341795e-01,9.377702e-03,4.381649e-03,8.035565e-02,9.657547e-01,1.795361e+00,1.290967e-01,4.583333e-02,1.309900e-01,8.216597e-01,2.020406e+00,1.329392e+00,2.912624e+00,2.765269e+00,1.544117e+00,3.862915e+00,4.928240e+00,3.886457e+00,3.662142e+00,3.616730e+00,1.639017e+00,9.893413e-01,8.712532e-01,7.868738e-01,1.102567e+00,1.294231e+00,1.015747e+00,1.033796e+00,1.183214e+00,1.361086e+00,1.169555e+00,1.128169e+00,7.116423e-01,9.119448e-01,1.810129e+00,1.466659e-01,2.187500e+02,2.395833e+02,3.229167e+02,6.458333e+02,3.564942e-01,3.013868e+00,8.268478e+04,2.918604e+00,2.120199e+01,-3.589998e-01,4.381186e+01,4.147045e+00,-1.800731e+01,-4.821393e+00,2.953390e+01,-1.021122e+01,-2.773310e+01,-4.577537e+01,-5.011142e+00,-2.407589e+01,-6.237616e+00,1.624612e+00,-2.175494e+00,-2.360922e-03,-7.284143e-04,-2.996304e-03,-3.322621e-03,3.790849e-03,-7.470012e-02,8.658233e-03,-6.979165e-03,5.389255e-03,-4.235337e-02,-1.797933e-01,-6.013546e-02,-2.090613e-01,-2.296657e-01,-2.538604e-01,-7.219754e-01,-1.028070e+00,2.066408e-01,7.173968e-03,-1.072169e-01,3.763264e-01,1.622069e-01,1.174661e-02,-3.382539e-02,1.889477e-02,9.576358e-02,2.925258e-02,-1.304611e-02,4.816171e-02,1.734940e-02,1.369308e-02,-1.999378e-04,-1.542049e-02,-4.017965e-02,3.803088e-01,6.617633e-02,0,-8.333333e+00,-1.281250e+02,-2.291666e+01,-1.172080e-02,-1.488985e-01,-7.389259e+03,3.384507e-01,1.606983e+00,-6.082238e-02,1.334381e-02,-6.596776e-01,2.787847e+00,6.966605e+00,-1.451498e-01,-9.120151e-01,-2.793384e+00,2.893528e+00,-6.943043e-01,-2.014837e+00,3.874915e+00,5.749503e+00
fru,4.280000,2.200661e+02,8.319478e-01,7.825523e-03,7.785381e-04,9.408874e-02,9.884326e-01,1.685400e+00,1.431212e-01,3.645833e-02,1.430845e-01,8.024713e-01,1.879640e+00,1.271901e+00,2.712201e+00,2.496872e+00,1.326323e+00,2.958952e+00,3.550252e+00,4.065474e+00,3.556262e+00,3.227723e+00,2.104012e+00,1.175783e+00,8.781211e-01,7.647575e-01,1.113361e+00,1.365816e+00,1.041069e+00,1.005502e+00,1.222842e+00,1.339634e+00,1.167295e+00,1.093380e+00,6.883395e-01,8.693287e-01,2.343758e+00,2.408541e-01,2.187500e+02,2.291667e+02,2.604167e+02,6.979167e+02,3.165714e-01,2.824725e+00,7.863605e+04,2.969946e+00,2.007384e+01,-4.623574e-01,4.372161e+01,2.960746e+00,-1.390939e+01,3.496523e+00,2.540086e+01,-5.506543e+00,-3.143230e+01,-3.902865e+01,-1.218330e+01,-2.482485e+01,-1.201525e-01,6.755618e+00,-2.083843e+00,-1.482689e-03,-3.184570e-04,-1.105596e-03,-1.332347e-02,2.288241e-02,-7.315862e-02,1.259022e-02,-6.770833e-03,1.463395e-02,-8.756238e-03,-1.146429e-01,-4.883844e-02,-2.282708e-01,-2.851217e-01,-1.750326e-01,-7.051821e-01,-1.013218e+00,2.095767e-01,-1.216417e-01,-3.752254e-01,4.366193e-01,3.306093e-01,4.617933e-02,1.415729e-04,3.840559e-02,1.292579e-01,4.640869e-02,-2.035996e-02,3.563654e-03,-4.279422e-02,-8.668685e-03,-3.733838e-02,2.611781e-02,1.451975e-03,4.891297e-01,7.014798e-02,0,-8.333333e+00,-6.562500e+01,3.437501e+01,-1.414531e-02,-1.436122e-01,-3.076707e+03,2.133707e-01,1.363556e+00,-9.114054e-02,-9.951897e-02,-8.081270e-01,2.766176e+00,6.989956e+00,-2.874825e+00,3.035145e+00,-9.577095e-01,3.358813e+00,-2.388516e+00,-4.488245e+00,4.370539e+00,5.195138e+00
fru,4.290000,2.179008e+02,8.309347e-01,6.570788e-03,1.202480e-03,5.976712e-02,1.050392e+00,1.624099e+00,1.586645e-01,3.020833e-02,1.638896e-01,8.191080e-01,1.817043e+00,1.235476e+00,2.475357e+00,2.185696e+00,1.181879e+00,2.327915e+00,2.652939e+00,4.349569e+00,3.373197e+00,2.650392e+00,2.644310e+00,1.614711e+00,9.405157e-01,7.939203e-01,1.147734e+00,1.494700e+00,1.103417e+00,9.803489e-01,1.193341e+00,1.253132e+00,1.142784e+00,1.024130e+00,7.379489e-01,9.231319e-01,2.907789e+00,3.493271e-01,2.187500e+02,2.187500e+02,250,8.854167e+02,2.991256e-01,2.736912e+00,8.827129e+04,2.861389e+00,1.721958e+01,-5.785463e-01,4.337682e+01,1.522915e+00,-1.321827e+01,1.231786e+01,2.305475e+01,-1.698906e+00,-3.115351e+01,-3.645669e+01,-1.377792e+01,-3.432842e+01,3.978950e+00,1.340237e+01,-2.016530e+00,-4.834711e-04,3.157783e-04,1.180981e-03,-1.700649e-02,2.846747e-02,-4.357819e-02,1.250603e-02,-4.375001e-03,1.985430e-02,1.177293e-02,-6.684919e-02,-3.513123e-02,-2.382060e-01,-3.010533e-01,-8.128961e-02,-5.201868e-01,-6.866086e-01,1.676624e-01,-2.235892e-01,-4.905538e-01,3.630231e-01,4.997376e-01,1.084825e-01,3.402330e-02,8.741142e-02,2.098001e-01,7.962229e-02,-1.058031e-02,-4.490906e-02,-8.783213e-02,-2.782806e-02,-5.263073e-02,9.335401e-02,5.947114e-02,4.816993e-01,3.724534e-02,-2.083334e+00,-5.208333e+00,-1.562500e+01,1.145834e+01,-1.969523e-02,-1.137545e-01,-3.379055e+03,3.932577e-01,6.303736e+00,-9.090216e-02,-5.774727e-01,-4.676314e-01,2.842263e+00,5.218008e+00,-5.657477e+00,5.506480e+00,8.352526e-01,3.440647e+00,-3.029091e+00,-5.753263e+00,4.266973e+00,3.865231e+00
fru,4.300000,2.159052e+02,8.312182e-01,1.013471e-02,5.829170e-03,3.475023e-02,1.064998e+00,1.607534e+00,1.705246e-01,2.812500e-02,1.875301e-01,8.454685e-01,1.783669e+00,1.208987e+00,2.202790e+00,1.857187e+00,1.157623e+00,1.955053e+00,2.255725e+00,4.572895e+00,3.122054e+00,2.114136e+00,2.992478e+00,2.262759e+00,1.070500e+00,8.512716e-01,1.254307e+00,1.753269e+00,1.195716e+00,9.715765e-01,1.103689e+00,1.129833e+00,1.102444e+00,9.553499e-01,8.742998e-01,1.015284e+00,3.383917e+00,3.515755e-01,2.187500e+02,2.187500e+02,250,8.541667e+02,2.835462e-01,2.620762e+00,8.003725e+04,3.447062e+00,2.718488e+01,-6.655197e-01,4.271585e+01,1.450065e+00,-9.912627e+00,1.518862e+01,1.397712e+01,7.727421e+00,-2.847656e+01,-3.311863e+01,-1.687858e+01,-4.025183e+01,7.514404e+00,1.394294e+01,-1.908876e+00,-7.002354e-05,6.350565e-04,2.146963e-03,-1.477005e-02,2.121050e-02,-1.372743e-02,9.562770e-03,-1.666667e-03,2.035342e-02,1.341203e-02,-5.506063e-02,-2.658123e-02,-2.179839e-01,-2.747862e-01,1.494896e-03,-3.190533e-01,-3.371331e-01,1.099172e-02,-3.095934e-01,-4.494402e-01,1.584015e-01,5.835698e-01,2.026467e-01,4.922998e-02,1.515137e-01,3.045049e-01,1.177765e-01,7.578504e-03,-6.670977e-02,-9.804641e-02,-3.197322e-02,-3.315780e-02,1.550412e-01,8.609141e-02,3.743585e-01,-4.347882e-03,-5.208333e+00,-2.083334e+00,-2.083331e+00,-8.020834e+01,-1.116826e-02,-6.713965e-02,-6.088654e+03,5.895537e-01,1.033054e+01,-6.666772e-02,-7.042030e-01,2.128989e-01,3.053166e+00,2.253308e+00,-6.681439e+00,4.675523e+00,2.651038e+00,2.383802e+00,-2.093801e+00,-5.315814e+00,5.125774e+00,2.233411e+00
fru,4.310000,2.141414e+02,8.321269e-01,9.801998e-03,7.761240e-03,2.499245e-02,1.069809e+00,1.616403e+00,1.779252e-01,2.812500e-02,2.080387e-01,8.590258e-01,1.734146e+00,1.185193e+00,1.976299e+00,1.579845e+00,1.222019e+00,1.763930e+00,2.142461e+00,4.471058e+00,2.761300e+00,1.720755e+00,3.009899e+00,2.944541e+00,1.317476e+00,9.137332e-01,1.469151e+00,2.149505e+00,1.336535e+00,9.978577e-01,1.018245e+00,1.026826e+00,1.062840e+00,9.340299e-01,1.085432e+00,1.136323e+00,3.698546e+00,2.775320e-01,2.083333e+02,2.187500e+02,250,625,2.745306e-01,2.547077e+00,6.508891e+04,4.646334e+00,4.916515e+01,-7.119295e-01,4.142738e+01,2.564228e+00,-5.794382e+00,1.542260e+01,6.958379e+00,1.070420e+01,-2.503471e+01,-3.152715e+01,-1.780896e+01,-4.512872e+01,1.127997e+01,1.735711e+01,-1.903183e+00,-6.933332e-04,-1.715775e-04,9.664373e-04,-3.431739e-03,1.328707e-02,-6.109237e-04,5.148922e-03,1.145833e-03,1.705263e-02,1.754344e-04,-7.240134e-02,-2.192444e-02,-1.522498e-01,-2.004001e-01,5.585580e-02,-1.861085e-01,-1.179571e-01,-2.088205e-01,-3.845136e-01,-3.531545e-01,-1.037285e-01,5.100127e-01,3.089005e-01,5.022591e-02,1.961780e-01,3.502614e-01,1.625355e-01,2.961996e-02,-5.246443e-02,-8.135982e-02,-2.495382e-02,6.194538e-03,1.793867e-01,7.775390e-02,1.995417e-01,-2.265809e-02,-8.333333e+00,0,0,-1.302083e+02,-1.250130e-02,-1.157577e-02,-6.412881e+03,5.713299e-01,1.081067e+01,-3.228603e-02,-7.741196e-01,9.802618e-01,3.082213e+00,-5.037061e-01,-6.879482e+00,3.343240e+00,3.239771e+00,1.900517e+00,-2.510328e+00,-3.131882e+00,6.633157e+00,1.028853e+00
fru,4.320000,2.124014e+02,8.310016e-01,9.385200e-03,8.233972e-03,3.762582e-02,1.084777e+00,1.620611e+00,1.813048e-01,2.916667e-02,2.227771e-01,8.495726e-01,1.645785e+00,1.164136e+00,1.871811e+00,1.425866e+00,1.313727e+00,1.645678e+00,2.119825e+00,4.059688e+00,2.314244e+00,1.445341e+00,2.713224e+00,3.428717e+00,1.702874e+00,9.510009e-01,1.710221e+00,2.560937e+00,1.513392e+00,1.034640e+00,9.768412e-01,9.625552e-01,1.047400e+00,9.726405e-01,1.289804e+00,1.193190e+00,3.820172e+00,2.550123e-01,1.979167e+02,2.187500e+02,250,4.270833e+02,2.730276e-01,2.583945e+00,5.978397e+04,5.025241e+00,5.575373e+01,-7.290044e-01,4.117532e+01,3.504583e+00,-2.355507e+00,1.321069e+01,4.184294e-02,1.166952e+01,-2.123651e+01,-2.957442e+01,-2.063678e+01,-4.600377e+01,2.185821e+01,1.594531e+01,-2.113748e+00,-2.209580e-03,-8.886688e-04,-8.326541e-04,3.543028e-03,1.034862e-02,-3.711414e-03,1.968443e-04,4.062501e-03,1.177047e-02,-1.916627e-02,-1.011892e-01,-1.771928e-02,-6.539301e-02,-1.041420e-01,6.519164e-02,-1.176476e-01,-1.701744e-02,-3.616292e-01,-4.107091e-01,-2.618403e-01,-3.007007e-01,2.922705e-01,3.766447e-01,4.474918e-02,1.744718e-01,3.007299e-01,2.023958e-01,4.608844e-02,-1.545317e-02,-5.435715e-02,-1.244880e-02,4.546631e-02,1.555427e-01,4.759604e-02,-1.500988e-03,-4.291526e-03,-8.333333e+00,0,0,-9.479167e+01,-1.521391e-02,5.591290e-02,-1.060736e+03,1.615555e-01,3.890049e+00,1.739395e-03,-4.615723e-01,1.395631e+00,1.888438e+00,-2.018821e+00,-4.957758e+00,2.130081e+00,2.639691e+00,9.554037e-01,-2.673717e+00,-1.389416e+00,7.560923e+00,2.124533e-01
fru,4.330000,2.101368e+02,8.275763e-01,6.087658e-03,4.832266e-03,4.117063e-02,1.106938e+00,1.614506e+00,1.790190e-01,3.541667e-02,2.315293e-01,8.179331e-01,1.523978e+00,1.148279e+00,1.879598e+00,1.399356e+00,1.383105e+00,1.552060e+00,2.131103e+00,3.562070e+00,1.854534e+00,1.219017e+00,2.265294e+00,3.581796e+00,2.168831e+00,9.951852e-01,1.900667e+00,2.842172e+00,1.757257e+00,1.096917e+00,9.944429e-01,9.299715e-01,1.045537e+00,1.046457e+00,1.427130e+00,1.222948e+00,3.687370e+00,2.843182e-01,1.875000e+02,2.187500e+02,250,4.479167e+02,2.418784e-01,2.697442e+00,6.633352e+04,4.928948e+00,5.698848e+01,-7.082341e-01,4.027649e+01,5.396965e+00,-1.585768e+00,1.078829e+01,-4.375020e+00,1.304624e+01,-1.857469e+01,-2.872621e+01,-2.445046e+01,-4.711186e+01,2.997283e+01,1.754545e+01,-2.408730e+00,-3.212774e-03,7.784925e-06,-1.503680e-03,9.075108e-03,-4.416227e-03,-1.951498e-02,-5.308533e-03,6.979168e-03,6.316957e-03,-3.714216e-02,-1.259487e-01,-1.545922e-02,-8.669531e-03,-3.338962e-02,4.297143e-02,-9.059475e-02,2.247303e-02,-3.825118e-01,-3.695640e-01,-1.960295e-01,-3.844229e-01,1.929855e-03,3.593272e-01,4.213048e-02,8.267964e-02,1.768902e-01,2.096580e-01,5.120114e-02,1.500628e-02,-3.756994e-02,-6.556558e-03,6.327166e-02,9.580994e-02,1.080451e-02,-2.003454e-01,7.563359e-03,-5.208333e+00,0,0,-2.708333e+01,-1.217280e-02,8.247411e-02,2.960930e+03,-1.484788e-01,-1.375737e+00,3.577074e-02,-1.724281e-01,1.476350e+00,8.470638e-01,-2.380193e+00,-3.199566e+00,2.788373e+00,1.704861e+00,4.428826e-02,-2.743930e+00,7.549286e-04,6.584525e+00,-8.002246e-01
fru,4.340000,2.073387e+02,8.224456e-01,7.548541e-03,3.130387e-03,4.437629e-02,1.098177e+00,1.589925e+00,1.709619e-01,4.479167e-02,2.346371e-01,7.701835e-01,1.382807e+00,1.138847e+00,1.924176e+00,1.426722e+00,1.403038e+00,1.472750e+00,2.176317e+00,3.219243e+00,1.521892e+00,1.055804e+00,1.861277e+00,3.405484e+00,2.528046e+00,1.034292e+00,1.910908e+00,2.910585e+00,1.997334e+00,1.152489e+00,1.038324e+00,9.064748e-01,1.048852e+00,1.126468e+00,1.481164e+00,1.209951e+00,3.382000e+00,3.267247e-01,1.875000e+02,2.187500e+02,250,4.687500e+02,2.238027e-01,2.825144e+00,7.411127e+04,4.113532e+00,4.272346e+01,-6.586704e-01,4.098343e+01,7.011851e+00,-2.574746e+00,7.411674e+00,-5.144970e+00,1.720680e+01,-1.850812e+01,-2.974208e+01,-2.692642e+01,-4.620734e+01,3.597259e+01,1.491103e+01,-2.581931e+00,-3.332937e-03,6.883288e-04,-1.230901e-03,1.191064e-02,-3.017431e-02,-4.258871e-02,-1.053430e-02,7.604167e-03,1.748446e-03,-4.997069e-02,-1.400334e-01,-2.168425e-02,-2.343763e-02,-2.544613e-02,5.202782e-03,-8.091464e-02,3.092048e-02,-3.283871e-01,-2.810048e-01,-1.466318e-01,-3.638931e-01,-2.535140e-01,2.621624e-01,4.562779e-02,-3.075885e-02,5.203142e-02,1.595916e-01,4.428229e-02,2.253715e-02,-3.213867e-02,-1.617460e-02,4.941047e-02,2.841067e-02,-1.524174e-02,-3.758119e-01,-6.655121e-03,-2.083334e+00,0,-2.083334e+00,2.291667e+01,7.346037e-03,5.253794e-02,4.259904e+03,-1.699148e-01,-2.448610e+00,6.880292e-02,-2.037697e-01,9.445156e-01,6.860802e-01,-1.277688e+00,-1.505232e+00,3.703620e+00,1.673946e+00,-4.524559e-01,-2.685854e+00,6.586620e-01,3.449825e+00,-1.094612e+00
fru,4.350000,2.046291e+02,8.203411e-01,1.075925e-02,2.794631e-03,6.699276e-02,1.041028e+00,1.534171e+00,1.565539e-01,5.520834e-02,2.336934e-01,7.130095e-01,1.235891e+00,1.120541e+00,1.906769e+00,1.412469e+00,1.392221e+00,1.397421e+00,2.226580e+00,2.978722e+00,1.309656e+00,9.353759e-01,1.513758e+00,2.965807e+00,2.701527e+00,1.082740e+00,1.782206e+00,2.859132e+00,2.142854e+00,1.194939e+00,1.062535e+00,8.670163e-01,1.029331e+00,1.173474e+00,1.468802e+00,1.181965e+00,2.915905e+00,2.794926e-01,1.875000e+02,2.187500e+02,250,4.687500e+02,2.382790e-01,2.838848e+00,7.272991e+04,4.359795e+00,4.880160e+01,-5.682428e-01,4.066118e+01,8.192345e+00,-1.449443e+00,6.421141e+00,-6.446045e+00,2.187742e+01,-1.787460e+01,-3.122187e+01,-2.838379e+01,-4.502316e+01,3.714540e+01,1.387312e+01,-2.471963e+00,-3.081268e-03,1.635273e-03,1.671213e-04,9.736980e-03,-5.486538e-02,-6.781056e-02,-1.362633e-02,3.958333e-03,-1.435474e-03,-5.673338e-02,-1.436370e-01,-3.750139e-02,-9.611101e-02,-7.296588e-02,-3.320080e-02,-7.719283e-02,3.243637e-03,-2.924125e-01,-1.891549e-01,-1.028650e-01,-2.926247e-01,-3.945990e-01,1.392752e-01,5.097961e-02,-1.043495e-01,-2.473302e-02,5.089328e-02,2.276775e-02,7.187784e-03,-3.005394e-02,-3.301166e-02,1.174368e-02,-2.986162e-02,-3.672289e-02,-4.726144e-01,-3.665965e-02,0,0,-3.125001e+00,2.083333e+01,2.676084e-02,3.602123e-03,1.678981e+03,7.292223e-02,1.364112e+00,8.999751e-02,-3.541672e-01,2.858665e-01,1.266888e+00,1.281237e-01,-9.119743e-01,3.496426e+00,2.681066e+00,-7.604481e-01,-2.031499e+00,9.993908e-01,-4.911537e-02,-8.812144e-01
fru,4.360000,2.022456e+02,8.179545e-01,1.049105e-02,3.098286e-03,8.426797e-02,9.668601e-01,1.447836e+00,1.398658e-01,5.729167e-02,2.304372e-01,6.521810e-01,1.089662e+00,1.069584e+00,1.741037e+00,1.292079e+00,1.335184e+00,1.318425e+00,2.226689e+00,2.709427e+00,1.181659e+00,8.540025e-01,1.269527e+00,2.469142e+00,2.747338e+00,1.135362e+00,1.615657e+00,2.812615e+00,2.118552e+00,1.207041e+00,1.055481e+00,8.333395e-01,9.746297e-01,1.156184e+00,1.411022e+00,1.137473e+00,2.326845e+00,2.241495e-01,1.875000e+02,2.187500e+02,2.395833e+02,5.312500e+02,3.115574e-01,2.775931e+00,7.788530e+04,4.460244e+00,4.760413e+01,-4.549855e-01,3.996412e+01,6.829472e+00,1.006731e+00,9.005829e+00,-6.448805e+00,2.577203e+01,-1.321682e+01,-3.058887e+01,-3.209939e+01,-4.375481e+01,3.552105e+01,1.230842e+01,-2.336850e+00,-3.344023e-03,1.040558e-03,1.101879e-03,2.550078e-03,-6.893926e-02,-8.816250e-02,-1.356859e-02,-2.291668e-03,-3.255947e-03,-5.797487e-02,-1.382169e-01,-5.386333e-02,-1.744960e-01,-1.356100e-01,-6.426855e-02,-7.295605e-02,-6.263907e-02,-3.206309e-01,-1.349050e-01,-6.710722e-02,-2.215797e-01,-4.060453e-01,3.798110e-02,5.917040e-02,-9.506597e-02,-6.332340e-02,-7.085229e-02,-5.866206e-03,-1.536335e-02,-2.143149e-02,-4.576103e-02,-3.484994e-02,-7.267381e-02,-5.064175e-02,-4.579397e-01,-6.027969e-02,0,0,-3.125001e+00,1.145833e+01,2.651255e-02,-2.792127e-02,-3.139427e+03,5.198529e-01,1.346216e+01,9.055097e-02,-4.672253e-01,1.888198e-01,2.085929e+00,8.886177e-01,-1.310088e+00,2.289710e+00,3.418530e+00,-1.033824e+00,-1.273243e+00,1.350267e+00,-3.304441e+00,-1.079750e-01
fru,4.370000,2.003236e+02,8.144155e-01,1.279277e-02,5.683923e-03,6.990968e-02,8.982697e-01,1.346498e+00,1.264354e-01,4.895833e-02,2.264519e-01,5.932675e-01,9.523659e-01,9.954039e-01,1.490612e+00,1.101848e+00,1.251028e+00,1.243259e+00,2.122135e+00,2.354916e+00,1.078876e+00,8.055928e-01,1.098045e+00,2.076972e+00,2.755561e+00,1.199548e+00,1.526545e+00,2.767493e+00,1.951114e+00,1.183480e+00,1.021803e+00,8.162694e-01,9.175894e-01,1.090317e+00,1.312894e+00,1.075573e+00,1.851875e+00,1.523076e-01,1.875000e+02,2.187500e+02,2.395833e+02,5.208333e+02,3.318052e-01,2.740059e+00,7.284141e+04,5.120203e+00,6.136871e+01,-3.600891e-01,3.901530e+01,6.917487e+00,2.957936e+00,1.063183e+01,-8.282973e+00,2.624576e+01,-7.815003e+00,-3.210506e+01,-3.202147e+01,-4.334117e+01,2.995302e+01,1.444069e+01,-2.411327e+00,-4.034966e-03,-8.753212e-05,1.490807e-03,-4.670467e-03,-6.457910e-02,-9.835148e-02,-1.143265e-02,-6.666668e-03,-4.511463e-03,-5.548315e-02,-1.258916e-01,-5.209284e-02,-1.957517e-01,-1.668672e-01,-8.019562e-02,-5.727152e-02,-1.415310e-01,-3.661435e-01,-1.137317e-01,-3.992623e-02,-1.662075e-01,-3.411660e-01,-4.904833e-02,6.422514e-02,-3.794646e-02,-1.186338e-01,-1.531142e-01,-3.497612e-02,-3.443100e-02,-8.606737e-03,-4.191026e-02,-7.170441e-02,-1.013192e-01,-6.290295e-02,-3.540609e-01,-6.027068e-02,0,0,1.041667e+01,-1.145833e+01,6.822980e-03,1.177249e-02,-7.999228e+03,6.668398e-01,2.021647e+01,7.213344e-02,3.087502e-02,8.346750e-01,1.838629e+00,-2.252734e-01,-2.253532e+00,4.131277e-01,2.996590e+00,-1.719038e+00,-1.845573e-01,1.745704e+00,-3.860806e+00,3.292952e-02
fru,4.380000,1.978073e+02,8.086882e-01,1.173457e-02,7.195134e-03,5.566822e-02,8.248596e-01,1.242949e+00,1.181782e-01,3.645833e-02,2.219782e-01,5.401801e-01,8.334853e-01,9.320995e-01,1.259775e+00,9.039825e-01,1.152291e+00,1.185051e+00,1.915344e+00,1.927992e+00,9.627565e-01,7.851591e-01,9.612347e-01,1.819675e+00,2.690934e+00,1.271740e+00,1.563408e+00,2.639788e+00,1.738943e+00,1.128888e+00,9.818730e-01,8.246908e-01,8.759179e-01,9.937968e-01,1.195749e+00,1.009939e+00,1.624317e+00,8.891881e-02,1.875000e+02,2.187500e+02,2.395833e+02,500,3.096024e-01,2.734932e+00,5.835838e+04,6.332592e+00,1.037507e+02,-3.099924e-01,3.947025e+01,8.593379e+00,5.651212e+00,9.749417e+00,-1.077694e+01,2.647119e+01,-6.445270e+00,-3.446961e+01,-3.147379e+01,-4.029700e+01,2.304658e+01,1.408737e+01,-2.650377e+00,-4.599869e-03,-7.537918e-04,1.109030e-03,6.883179e-03,-5.576680e-02,-9.730759e-02,-1.051048e-02,-5.208333e-03,-6.318145e-03,-5.311792e-02,-1.134083e-01,-2.447636e-02,-1.418719e-01,-1.485174e-01,-7.263525e-02,-3.160635e-02,-1.999867e-01,-3.805614e-01,-1.103853e-01,-2.614294e-02,-1.369122e-01,-2.732917e-01,-1.232508e-01,6.267347e-02,9.580756e-03,-2.006982e-01,-1.675972e-01,-5.513036e-02,-4.753565e-02,3.395855e-04,-1.877179e-02,-8.795314e-02,-1.135112e-01,-6.891132e-02,-2.727356e-01,-5.071958e-02,0,1.041667e+01,2.916667e+01,-2.812500e+01,2.729809e-03,8.100323e-02,-8.348078e+03,6.492737e-01,2.115855e+01,5.660051e-02,2.173687e-01,1.493566e+00,1.051440e+00,-1.913866e+00,-3.783555e+00,-1.385895e+00,2.402958e+00,-1.633788e+00,7.162554e-01,2.320957e+00,-2.112715e+00,4.068581e-01
fru,4.390000,1.947916e+02,8.047994e-01,9.699828e-03,8.200239e-03,5.794030e-02,7.891327e-01,1.144856e+00,1.102345e-01,3.229167e-02,2.153656e-01,4.915942e-01,7.345218e-01,9.288192e-01,1.168642e+00,7.721815e-01,1.082689e+00,1.177750e+00,1.674598e+00,1.538722e+00,8.504484e-01,7.701664e-01,8.368669e-01,1.584710e+00,2.484487e+00,1.335677e+00,1.618598e+00,2.352376e+00,1.567087e+00,1.059135e+00,9.271839e-01,8.283070e-01,8.691359e-01,8.961460e-01,1.069842e+00,9.312175e-01,1.496865e+00,4.575454e-02,1.875000e+02,2.187500e+02,3.020833e+02,4.270833e+02,2.733715e-01,2.918210e+00,4.249723e+04,6.757820e+00,1.218106e+02,-2.800721e-01,4.106250e+01,1.148377e+01,5.421459e+00,4.922980e+00,-1.554964e+01,2.359348e+01,-6.277426e+00,-3.787669e+01,-2.961938e+01,-3.802355e+01,2.407861e+01,1.314829e+01,-2.918683e+00,-6.160223e-03,-7.967796e-04,-4.507648e-05,2.250062e-02,-4.670054e-02,-8.777110e-02,-1.120046e-02,-3.124993e-04,-8.875934e-03,-5.281096e-02,-1.051951e-01,1.140740e-02,-6.370848e-02,-9.742691e-02,-4.708030e-02,-1.306479e-02,-2.102961e-01,-3.413597e-01,-1.029629e-01,-2.591211e-02,-1.190966e-01,-2.297242e-01,-1.630470e-01,5.418330e-02,4.440963e-03,-2.646908e-01,-1.336036e-01,-5.993077e-02,-5.427401e-02,5.604428e-03,1.181489e-02,-9.085573e-02,-1.135762e-01,-7.200710e-02,-2.658570e-01,-3.284923e-02,0,1.562500e+01,4.270834e+01,-2.083333e+01,1.576624e-02,1.335543e-01,-2.491433e+03,1.354739e-01,4.901802e+00,5.297381e-02,2.522404e-01,9.235098e-01,5.037214e-01,-2.875196e+00,-3.487658e+00,-2.439662e+00,2.630563e+00,-8.982326e-01,6.810354e-01,2.830156e+00,1.811213e-01,8.521291e-01
fru,4.400000,1.917596e+02,7.997633e-01,8.268558e-03,7.385276e-03,1.246686e-01,7.425947e-01,1.062119e+00,9.541384e-02,3.958333e-02,2.043896e-01,4.374280e-01,6.315425e-01,9.804943e-01,1.192663e+00,7.143254e-01,1.056177e+00,1.193147e+00,1.450524e+00,1.214717e+00,7.439458e-01,7.410010e-01,7.155547e-01,1.348814e+00,2.266621e+00,1.380665e+00,1.617534e+00,2.016682e+00,1.472579e+00,9.935613e-01,8.651124e-01,8.290186e-01,9.049975e-01,8.135040e-01,9.649912e-01,8.650942e-01,1.140672e+00,2.382817e-02,1.875000e+02,2.708333e+02,3.541667e+02,4.375000e+02,3.544234e-01,3.091872e+00,51317,6.887805e+00,1.231759e+02,-2.119914e-01,4.002737e+01,1.201416e+01,5.032169e+00,2.290924e+00,-2.173325e+01,2.016869e+01,-1.970820e+00,-3.587199e+01,-2.971916e+01,-3.480883e+01,2.789468e+01,1.498890e+01,-3.445354e+00,-9.540504e-03,-1.352867e-05,-6.630513e-04,2.666651e-02,-3.514053e-02,-7.104317e-02,-1.114832e-02,4.270833e-03,-1.087472e-02,-5.249089e-02,-9.960384e-02,2.975245e-02,-1.848432e-02,-4.024965e-02,-1.361833e-02,-1.113234e-02,-1.720300e-01,-2.625140e-01,-8.222089e-02,-3.118503e-02,-9.169948e-02,-1.910120e-01,-1.502819e-01,4.699708e-02,-3.852842e-02,-2.591232e-01,-9.386160e-02,-5.135601e-02,-4.931425e-02,1.619885e-02,4.157127e-02,-8.540739e-02,-1.047966e-01,-7.185651e-02,-2.648819e-01,-1.760724e-02,0,1.562500e+01,3.854166e+01,-1.041667e+01,2.221386e-02,1.280518e-01,3.732264e+03,-3.307590e-01,-1.189358e+01,5.007937e-02,8.552551e-04,-5.243664e-02,1.777234e-01,-2.489120e+00,-1.977415e+00,-2.741520e+00,3.588834e+00,1.720512e-01,9.892737e-01,2.880926e+00,-3.651331e-01,1.942193e+00
fru,4.410000,1.887540e+02,7.880769e-01,1.054188e-02,5.363469e-03,1.479126e-01,7.058995e-01,9.980581e-01,8.181524e-02,4.583333e-02,1.908665e-01,3.805888e-01,5.273620e-01,1.028244e+00,1.205626e+00,7.095419e-01,1.063684e+00,1.173887e+00,1.303065e+00,1.004754e+00,6.734672e-01,6.981113e-01,6.254025e-01,1.163782e+00,2.152483e+00,1.416002e+00,1.521687e+00,1.755591e+00,1.416278e+00,9.514892e-01,8.088135e-01,8.421276e-01,9.621240e-01,7.261850e-01,8.603916e-01,7.879595e-01,7.644123e-01,2.060673e-02,1.875000e+02,2.708333e+02,3.958333e+02,4.479167e+02,3.882259e-01,3.229361e+00,6.390494e+04,5.519967e+00,7.616513e+01,-1.442205e-01,3.999794e+01,9.824643e+00,5.786065e+00,-1.489850e-02,-2.024311e+01,1.719869e+01,3.100586e+00,-3.589503e+01,-2.949361e+01,-3.193447e+01,2.843458e+01,1.825057e+01,-4.254436e+00,-1.322811e-02,3.810789e-04,-6.868457e-04,1.936478e-02,-2.824878e-02,-5.143670e-02,-8.909660e-03,5.312500e-03,-9.976285e-03,-4.670610e-02,-8.738668e-02,1.407329e-02,-3.831866e-02,-2.238661e-03,1.094316e-02,-2.807354e-02,-1.140951e-01,-1.738128e-01,-4.956918e-02,-2.665951e-02,-4.789424e-02,-1.363460e-01,-1.084937e-01,4.911454e-02,-7.285420e-02,-1.857822e-01,-8.059801e-02,-3.708554e-02,-2.575778e-02,4.156107e-02,5.627192e-02,-7.504289e-02,-9.181702e-02,-7.081024e-02,-2.126831e-01,-7.225297e-03,-2.083334e+00,-2.083334e+00,1.562500e+01,-2.083337e+00,7.348537e-03,6.733678e-02,5.106294e+03,-4.550799e-01,-1.656073e+01,3.874015e-02,-2.125435e-02,-7.964790e-01,3.216436e-01,-9.058254e-01,1.296235e+00,-2.171900e+00,4.139912e+00,2.552528e-01,1.618715e+00,3.080480e+00,-2.782420e+00,1.057494e+00
fru,4.420000,1.835993e+02,7.693470e-01,1.124591e-02,5.298263e-03,1.440146e-01,6.907735e-01,9.611322e-01,7.664622e-02,5.104166e-02,1.798542e-01,3.332284e-01,4.390460e-01,1.031150e+00,1.148861e+00,7.340540e-01,1.093702e+00,1.131321e+00,1.240961e+00,8.824051e-01,6.401426e-01,6.652615e-01,6.084695e-01,1.075079e+00,2.105526e+00,1.466563e+00,1.419222e+00,1.642564e+00,1.345039e+00,9.259306e-01,7.944869e-01,8.987747e-01,1.037280e+00,6.517404e-01,7.764917e-01,7.222850e-01,6.661336e-01,1.345651e-02,1.875000e+02,2.708333e+02,3.854167e+02,4.375000e+02,3.632444e-01,3.219616e+00,6.631584e+04,5.297723e+00,6.710558e+01,-1.275214e-01,4.000680e+01,9.160757e+00,6.357526e+00,-2.272419e-01,-1.831728e+01,1.596098e+01,6.809891e+00,-3.460018e+01,-2.659031e+01,-2.893691e+01,1.904292e+01,2.124720e+01,-5.175014e+00,-1.448334e-02,-1.424062e-04,2.146353e-04,9.169219e-03,-2.573779e-02,-3.509979e-02,-5.909430e-03,2.812499e-03,-5.174092e-03,-3.291681e-02,-6.335744e-02,-2.292565e-02,-8.890837e-02,1.379085e-02,1.322795e-02,-4.774477e-02,-7.296278e-02,-9.335528e-02,-1.028789e-02,-9.540146e-03,1.068413e-04,-8.366666e-02,-9.936128e-02,5.796094e-02,-8.363894e-02,-1.104056e-01,-9.118013e-02,-2.314367e-02,1.393390e-02,7.566678e-02,5.326843e-02,-5.313544e-02,-7.735668e-02,-7.148851e-02,-1.142935e-01,-2.778150e-03,-5.208333e+00,-2.083334e+01,-5.208331e+00,-1.145833e+01,-2.727169e-02,1.703238e-03,2.155320e+02,-5.334682e-02,-4.695293e+00,2.056255e-02,-2.856750e-02,-1.032769e-01,3.996785e-01,2.250438e-01,4.117548e+00,-2.129402e+00,3.628518e+00,-4.847374e-01,2.422210e+00,3.595874e+00,-3.093596e+00,-1.237218e+00
fru,4.430000,1.775996e+02,7.538670e-01,1.011655e-02,5.809517e-03,1.450912e-01,6.737993e-01,9.381661e-01,7.507000e-02,5.312500e-02,1.777519e-01,3.101635e-01,3.938366e-01,9.738581e-01,9.989492e-01,7.511239e-01,1.118642e+00,1.068296e+00,1.208904e+00,8.358141e-01,6.545041e-01,6.747386e-01,6.509382e-01,1.039848e+00,2.022566e+00,1.538301e+00,1.353483e+00,1.610524e+00,1.227867e+00,9.075225e-01,8.337077e-01,1.001234e+00,1.084354e+00,6.018134e-01,7.050066e-01,6.485708e-01,6.707185e-01,1.481389e-02,1.770833e+02,2.083333e+02,3.645833e+02,4.166667e+02,3.057036e-01,3.191022e+00,6.052928e+04,5.277461e+00,6.704217e+01,-1.286064e-01,4.096651e+01,8.928074e+00,6.366999e+00,1.652935e+00,-1.077644e+01,1.483784e+01,1.003178e+01,-3.723633e+01,-2.309023e+01,-2.555711e+01,1.459239e+01,1.530661e+01,-5.649737e+00,-1.266073e-02,1.429806e-03,2.339378e-03,7.906770e-03,-3.615971e-02,-2.695745e-02,-4.375750e-03,-1.562500e-03,1.923420e-03,-1.626444e-02,-3.673216e-02,-6.169835e-02,-1.254627e-01,1.207648e-02,-1.034492e-02,-6.567693e-02,-7.657120e-02,-4.168006e-02,2.540454e-02,1.202303e-02,3.018277e-02,-5.761015e-02,-1.291853e-01,5.854239e-02,-8.521863e-02,-8.121035e-02,-9.214424e-02,-1.059462e-02,5.711539e-02,1.002904e-01,3.621451e-02,-1.644539e-02,-5.989153e-02,-6.793574e-02,-6.137323e-02,-1.901384e-03,-8.333333e+00,-2.395834e+01,-2.708333e+01,-2.708333e+01,-3.754982e-02,-7.791700e-02,-4.727792e+03,8.560326e-01,2.249191e+01,1.179373e-02,-4.304913e-01,7.798090e-01,9.076047e-01,1.177093e+00,5.640126e+00,-2.085029e+00,1.780744e+00,7.890549e-02,3.391518e+00,4.414799e+00,-5.897743e-01,-4.037060e+00
fru,4.440000,1.714617e+02,7.444515e-01,7.769192e-03,8.235428e-03,1.719254e-01,6.299558e-01,9.165657e-01,6.923931e-02,5.000000e-02,1.850764e-01,3.080566e-01,3.815180e-01,8.930588e-01,8.514593e-01,7.624887e-01,1.094838e+00,1.007219e+00,1.132790e+00,8.324108e-01,7.019879e-01,7.049866e-01,7.033210e-01,9.924478e-01,1.834773e+00,1.609320e+00,1.283441e+00,1.537187e+00,1.110884e+00,8.998263e-01,9.223347e-01,1.127799e+00,1.110225e+00,6.100127e-01,6.559002e-01,5.773460e-01,6.160516e-01,1.283385e-02,1.666667e+02,1.979167e+02,3.437500e+02,3.958333e+02,2.593261e-01,3.119557e+00,5.408249e+04,6.742323e+00,1.042609e+02,-1.169857e-01,3.940025e+01,1.194606e+01,6.740095e+00,2.582226e+00,-5.878842e+00,1.070211e+01,1.270617e+01,-3.762503e+01,-2.080980e+01,-2.001814e+01,1.934780e+01,1.027479e+01,-4.980809e+00,-1.118877e-02,3.547826e-03,3.745955e-03,4.056534e-03,-5.132980e-02,-2.940730e-02,-4.108406e-03,-6.666665e-03,8.173013e-03,-3.749284e-03,-1.825074e-02,-8.876143e-02,-1.304641e-01,-2.153271e-03,-5.689613e-02,-9.169493e-02,-1.171850e-01,-2.592754e-02,4.902624e-02,2.618445e-02,2.787283e-02,-6.079668e-02,-1.673337e-01,3.875183e-02,-1.021856e-01,-1.014373e-01,-5.585865e-02,6.293195e-03,8.761606e-02,9.632073e-02,1.468188e-02,1.814728e-02,-5.107072e-02,-6.389206e-02,-5.446042e-02,-1.844871e-03,-8.333333e+00,-1.875000e+01,-3.958333e+01,-3.750000e+01,-4.475004e-02,-1.463225e-01,-8.337714e+03,1.833982e+00,5.503038e+01,1.127153e-02,-8.261200e-01,1.272325e+00,2.650610e+00,1.372734e+00,6.516000e+00,-2.696255e+00,-7.277728e-01,9.102901e-01,3.865779e+00,4.587348e+00,2.226714e+00,-5.323223e+00
fru,4.450000,1.665741e+02,7.372209e-01,1.942926e-02,1.559178e-02,1.734911e-01,5.555098e-01,8.855541e-01,6.363995e-02,3.854167e-02,1.978724e-01,3.118525e-01,3.724652e-01,7.887972e-01,7.270131e-01,7.557070e-01,1.011391e+00,9.075530e-01,9.742937e-01,8.213513e-01,7.695673e-01,7.383639e-01,7.288906e-01,9.170463e-01,1.641933e+00,1.637335e+00,1.163484e+00,1.402228e+00,1.072634e+00,9.115682e-01,1.030467e+00,1.229067e+00,1.106724e+00,6.648219e-01,6.212297e-01,5.207503e-01,4.825872e-01,1.141114e-02,1.562500e+02,1.875000e+02,2.812500e+02,3.333333e+02,2.524360e-01,2.889805e+00,4.638266e+04,9.077829e+00,1.700470e+02,-9.051966e-02,3.814876e+01,1.233103e+01,1.013280e+01,4.465834e+00,1.738303e+00,9.402984e+00,9.056167e+00,-3.398808e+01,-1.542627e+01,-1.431986e+01,2.533327e+01,3.551472e+00,-3.624529e+01,-1.327267e-02,-3.673615e-04,-7.175533e-05,-3.120104e-02,-5.869671e-02,-3.686975e-02,-4.285891e-03,-8.749999e-03,1.051757e-02,-1.602292e-04,-1.382603e-02,-9.797494e-02,-1.083587e-01,-2.197641e-02,-1.049104e-01,-1.195716e-01,-1.598656e-01,-4.841132e-02,5.014493e-02,3.132431e-02,7.845062e-03,-7.457741e-02,-1.860866e-01,2.432537e-03,-1.238712e-01,-1.292909e-01,1.058875e-02,2.955607e-02,9.838967e-02,6.158352e-02,1.974308e-03,3.369654e-02,-5.186542e-02,-5.591942e-02,-6.033355e-02,-3.147610e-03,-5.208333e+00,-5.208333e+00,-3.854167e+01,-3.541667e+01,-2.800919e-02,-1.540125e-01,-9.051420e+03,2.407285e+00,7.585255e+01,1.246350e-02,-1.131703e+00,1.317007e+00,4.135000e+00,1.188831e+00,5.701627e+00,-3.500543e+00,-3.043434e+00,2.199069e+00,4.597523e+00,3.684282e+00,1.607991e+00,-4.554341e+00
fru,4.460000,1.642081e+02,7.217261e-01,2.432868e-02,1.913691e-02,1.500973e-01,4.932693e-01,8.404017e-01,6.181921e-02,2.500000e-02,2.106590e-01,3.136375e-01,3.584780e-01,6.798729e-01,6.325083e-01,7.209961e-01,8.628467e-01,7.532176e-01,7.723410e-01,7.599988e-01,8.277423e-01,7.643711e-01,7.088575e-01,8.324963e-01,1.459175e+00,1.610805e+00,1.003293e+00,1.239526e+00,1.143363e+00,9.553737e-01,1.134188e+00,1.266462e+00,1.099504e+00,7.109725e-01,5.630265e-01,4.667350e-01,4.878972e-01,5.933525e-03,1.562500e+02,1.875000e+02,2.291667e+02,2.916667e+02,1.661280e-01,2.638612e+00,3.170058e+04,1.256745e+01,2.907550e+02,-9.020705e-02,3.728507e+01,1.382090e+01,1.772767e+01,5.229978e+00,8.005346e+00,5.197129e+00,3.658832e+00,-3.167286e+01,-1.109339e+01,-1.161879e+01,2.480606e+01,5.086548e-01,-5.094976e+01,-1.417439e-02,-3.496765e-03,-3.206264e-03,-5.173419e-02,-4.580717e-02,-3.800132e-02,-5.226172e-03,-4.999999e-03,7.766651e-03,-4.564011e-03,-1.766443e-02,-9.115059e-02,-8.276520e-02,-4.486079e-02,-1.322628e-01,-1.351663e-01,-1.721491e-01,-8.704056e-02,3.520700e-02,4.885960e-02,3.332186e-03,-7.159320e-02,-1.756555e-01,-2.849900e-02,-1.147007e-01,-1.306455e-01,7.702945e-02,6.428560e-02,9.753525e-02,3.133120e-02,8.219158e-03,3.144858e-02,-5.576845e-02,-4.856289e-02,-6.905617e-02,-2.876202e-03,-2.083334e+00,-4.166669e+00,-1.979166e+01,-1.250001e+01,-1.482011e-02,-4.628146e-02,1.031467e+04,1.666846e+00,5.344132e+01,1.361121e-02,-1.779673e+00,2.618940e-01,4.329770e+00,1.310098e+00,5.238254e+00,-5.406841e+00,-3.338841e+00,2.186217e+00,5.445343e+00,1.356336e+00,-9.889460e-01,-3.101368e+00
fru,4.470000,0,6.988663e-01,0,0,0,4.486590e-01,7.918994e-01,5.735059e-02,2.187500e-02,2.175485e-01,3.065719e-01,3.362265e-01,5.905763e-01,5.666311e-01,6.619881e-01,7.100857e-01,5.974383e-01,5.898004e-01,6.299635e-01,8.423516e-01,8.016679e-01,6.873953e-01,7.469367e-01,1.279932e+00,1.549721e+00,8.742011e-01,1.112901e+00,1.264572e+00,1.027529e+00,1.219730e+00,1.239821e+00,1.099586e+00,7.198161e-01,4.921164e-01,4.242792e-01,4.331280e-01,2.525995e-03,1.562500e+02,1.875000e+02,2.291667e+02,2.916667e+02,2.122567e-01,2.661433e+00,2.646313e+04,1.440132e+01,3.530579e+02,-7.967819e-02,3.636559e+01,1.457569e+01,2.154821e+01,6.273213e+00,1.078960e+01,8.761533e-02,-6.617225e-01,-2.921707e+01,-4.960814e+00,-1.133537e+01,1.990321e+01,-2.582023e+00,-1.524155e+01,-7.259029e-03,-6.318721e-03,-5.032046e-03,-4.970795e-02,-1.729197e-02,-1.964210e-02,-7.274559e-03,2.708333e-03,4.725784e-04,-1.415218e-02,-2.357600e-02,-7.015029e-02,-6.285231e-02,-6.313250e-02,-1.277450e-01,-1.205991e-01,-1.452010e-01,-1.087580e-01,2.054554e-02,9.241173e-02,4.061935e-02,-3.724844e-02,-1.438794e-01,-2.383660e-02,-4.181004e-02,-1.089314e-01,1.196682e-01,1.281532e-01,1.119963e-01,6.360944e-02,4.377619e-02,4.338018e-02,-4.249101e-02,-4.096413e-02,-8.722211e-02,-1.387203e-03,-2.083334e+00,-5.208333e+00,1.041667e+01,7.708333e+01,-2.529602e-03,1.584530e-01,6.754464e+04,-1.959778e-01,-7.328006e+00,1.635458e-02,-3.238338e+00,-1.238246e+00,2.748456e+00,1.451423e+00,4.772565e+00,-6.680303e+00,-1.451218e+00,1.071757e+00,4.975417e+00,-2.288081e-01,-2.638193e+00,-2.490849e+00
fru,4.480000,0,6.927569e-01,0,0,0,4.543453e-01,7.733864e-01,4.625313e-02,3.333334e-02,2.140716e-01,2.878768e-01,3.113152e-01,5.364164e-01,5.178244e-01,5.850441e-01,5.841765e-01,4.864447e-01,4.642915e-01,4.929020e-01,8.416308e-01,9.176326e-01,7.407296e-01,7.195366e-01,1.137496e+00,1.510632e+00,8.545790e-01,1.028624e+00,1.400063e+00,1.163274e+00,1.315380e+00,1.279079e+00,1.154890e+00,7.397584e-01,4.416146e-01,3.827671e-01,2.955004e-01,2.895409e-03,1.562500e+02,1.770833e+02,2.708333e+02,3.541667e+02,2.053152e-01,3.002336e+00,1.156156e+05,1.241481e+01,2.799621e+02,-5.435041e-02,3.139347e+01,1.213321e+01,2.268124e+01,8.229028e+00,1.578678e+01,-1.167441e+01,8.709130e-01,-2.907945e+01,1.184186e+00,-1.472871e+01,1.711810e+01,-2.165300e+00,1.888115e+01,9.079933e-03,-4.865735e-03,-3.827382e-03,2.797954e-02,1.114026e-02,2.381431e-02,-7.676543e-03,9.895832e-03,-8.482685e-03,-2.450046e-02,-2.865228e-02,-4.884332e-02,-5.304134e-02,-6.874672e-02,-9.280829e-02,-8.067138e-02,-9.384128e-02,-9.024163e-02,2.685589e-02,1.598292e-01,1.202702e-01,2.967650e-02,-8.302641e-02,1.905521e-02,9.668496e-02,-7.444746e-02,1.437580e-01,2.301365e-01,1.658143e-01,1.882122e-01,1.074090e-01,1.007625e-01,4.056698e-03,-2.604569e-02,-1.048908e-01,6.573204e-04,-3.125001e+00,-8.333333e+00,1.666667e+01,1.187500e+02,1.978844e-03,2.620192e-01,1.167701e+05,-2.005992e+00,-7.116644e+01,1.919767e-02,-4.589251e+00,-2.507463e+00,3.052967e-01,1.581190e+00,4.662285e+00,-5.600197e+00,7.177263e-01,4.904858e-01,3.961469e+00,-5.179421e-01,-2.703270e+00,-2.247884e+00
fru,4.490000,1.724703e+02,7.154104e-01,0,0,0,4.885119e-01,8.208513e-01,3.505019e-02,4.791667e-02,1.985290e-01,2.539719e-01,2.781666e-01,5.097740e-01,4.700936e-01,5.080205e-01,5.120013e-01,4.379437e-01,4.023137e-01,4.111098e-01,8.653507e-01,1.123792e+00,9.160513e-01,7.872840e-01,1.083375e+00,1.568239e+00,1.028791e+00,9.630217e-01,1.542625e+00,1.448384e+00,1.499852e+00,1.540806e+00,1.297913e+00,8.673298e-01,4.694806e-01,3.579136e-01,1.426751e-01,5.994183e-03,1.458333e+02,1.666667e+02,3.125000e+02,6.875000e+02,2.201944e-01,3.500208e+00,3.421483e+05,8.174262e+00,1.388035e+02,-2.667508e-02,2.490287e+01,6.983650e+00,2.139830e+01,1.022343e+01,2.171041e+01,-1.556276e+01,3.194035e+00,-2.992600e+01,3.312028e+00,-1.390894e+01,1.598628e+01,-7.565794e+00,5.163989e+01,2.585753e-02,0,0,1.072498e-01,4.831465e-02,8.421139e-02,-2.751100e-03,1.177083e-02,-1.493973e-02,-2.895596e-02,-2.758324e-02,-3.008263e-02,-4.592707e-02,-5.303641e-02,-4.157451e-02,-3.554761e-02,-3.881853e-02,-3.466556e-02,6.460761e-02,2.443462e-01,2.195975e-01,1.137457e-01,-1.953673e-03,9.767727e-02,2.762470e-01,-3.063361e-02,1.815489e-01,3.670155e-01,2.505969e-01,3.364202e-01,1.738987e-01,1.846048e-01,6.531914e-02,-2.410737e-03,-4.400486e-02,3.553548e-03,-1.041667e+00,4.166667e+00,1.250000e+01,1.125000e+02,1.595248e-02,2.312840e-01,1.109903e+05,-2.472915e+00,-8.634769e+01,7.898604e-03,-3.952538e+00,-3.032145e+00,-4.834276e-01,6.881884e-01,2.822926e+00,-3.321241e+00,-4.667321e-01,1.902166e-01,2.708562e+00,4.334113e-01,-2.118037e+00,-2.846936e+00
fru,4.500000,1.723787e+02,7.588537e-01,0,0,2.899950e-01,5.290442e-01,9.449973e-01,3.458670e-02,6.145833e-02,1.777553e-01,2.174352e-01,2.442465e-01,4.760574e-01,4.155704e-01,4.542464e-01,4.978474e-01,4.296080e-01,3.968780e-01,4.182174e-01,9.505222e-01,1.402455e+00,1.195881e+00,9.607052e-01,1.142321e+00,1.696822e+00,1.409423e+00,9.422279e-01,1.723126e+00,1.895629e+00,1.823198e+00,2.057030e+00,1.537386e+00,1.141028e+00,5.946279e-01,3.696893e-01,1.086693e-01,7.486032e-03,1.458333e+02,1.562500e+02,2.708333e+02,6.875000e+02,1.720534e-01,3.529320e+00,4.577083e+05,5.651021e+00,4.205008e+01,-2.072024e-02,2.007017e+01,5.079606e+00,1.932911e+01,1.116082e+01,2.585636e+01,-1.497867e+01,5.319584e+00,-2.886597e+01,4.577532e+00,-1.292172e+01,1.324817e+01,-8.238880e+00,3.414487e+01,3.101807e-02,2.522960e-02,0,9.923063e-02,1.003672e-01,1.415754e-01,7.093364e-03,8.124999e-03,-1.607340e-02,-2.301725e-02,-1.589135e-02,-1.966962e-03,-2.159537e-02,7.696807e-04,2.368328e-02,6.154594e-03,9.018198e-03,3.229007e-02,1.201968e-01,3.436735e-01,3.210659e-01,1.769247e-01,7.271781e-02,2.062697e-01,4.400338e-01,3.374173e-02,2.395554e-01,4.944418e-01,3.166801e-01,3.585339e-01,1.959722e-01,2.319030e-01,1.055041e-01,3.037637e-02,9.734781e-02,1.382193e-02,1.562500e+01,2.812500e+01,8.333328e+00,7.083333e+01,5.251633e-02,9.319935e-02,3.316622e+04,-1.693204e+00,-5.778724e+01,-1.851181e-02,-1.152727e+00,-2.889021e+00,-7.350805e-01,-1.037594e+00,-1.812385e+00,-1.420797e+00,-4.722638e+00,1.247651e+00,2.558472e+00,1.562082e+00,-1.954097e+00,-2.942899e+00
fru,4.510000,1.720101e+02,7.951055e-01,0,0,3.912516e-01,6.528829e-01,1.127151e+00,4.942831e-02,6.666666e-02,1.610080e-01,1.970130e-01,2.318447e-01,4.703426e-01,3.881227e-01,4.622049e-01,5.453777e-01,4.481186e-01,4.294145e-01,4.939779e-01,1.110944e+00,1.780987e+00,1.557808e+00,1.195081e+00,1.267751e+00,1.945012e+00,1.978014e+00,1.002931e+00,2.010785e+00,2.496429e+00,2.218805e+00,2.532946e+00,1.777831e+00,1.442205e+00,7.422054e-01,4.187644e-01,3.065192e-01,1.799843e-02,1.562500e+02,2.187500e+02,2.916667e+02,6.875000e+02,3.086500e-01,3.554360e+00,4.103682e+05,5.418642e+00,4.027542e+01,-5.700026e-02,2.226454e+01,2.941768e+00,2.080714e+01,8.248259e+00,1.986944e+01,-1.486646e+01,-5.219719e+00,-2.837273e+01,6.885324e+00,-1.007181e+01,1.124799e+01,-1.377991e+01,-7.008255e-01,2.215648e-02,3.013356e-02,2.034648e-02,5.005395e-02,1.676614e-01,1.884826e-01,1.652338e-02,3.645833e-03,-1.188133e-02,-7.211867e-03,7.977800e-03,5.353742e-02,4.138574e-02,1.201385e-01,1.065603e-01,4.906194e-02,4.675446e-02,8.620939e-02,1.821919e-01,5.032365e-01,4.650299e-01,2.085969e-01,1.287508e-01,3.677389e-01,5.562854e-01,1.219851e-01,3.131244e-01,5.747986e-01,3.100379e-01,1.832299e-01,1.426997e-01,1.943479e-01,9.499025e-02,6.097179e-02,2.530355e-01,3.422261e-02,3.541667e+01,5.312500e+01,3.020833e+01,8.333333e+01,9.415568e-02,4.483376e-02,-4.634149e+04,-8.911964e-01,-2.277025e+01,-4.838119e-02,2.067501e+00,-3.638468e+00,-3.805161e-02,-2.350727e+00,-6.778708e+00,-2.108054e+00,-9.121488e+00,2.949563e+00,4.019073e+00,2.469014e+00,-2.086582e+00,-3.401437e+00
fru,4.520000,1.709544e+02,8.079997e-01,1.261480e-01,0,3.005274e-01,8.739958e-01,1.328114e+00,7.453089e-02,6.458333e-02,1.524651e-01,2.012701e-01,2.550194e-01,5.462973e-01,4.508329e-01,6.118003e-01,6.859047e-01,5.121303e-01,4.958321e-01,6.129183e-01,1.319818e+00,2.307402e+00,2.025181e+00,1.400262e+00,1.408897e+00,2.353594e+00,2.580136e+00,1.177378e+00,2.363760e+00,3.111460e+00,2.539304e+00,2.575678e+00,1.894791e+00,1.611836e+00,8.327726e-01,5.042235e-01,7.003174e-01,6.600292e-02,2.291667e+02,2.916667e+02,3.229167e+02,7.083333e+02,4.236691e-01,3.441257e+00,2.473368e+05,5.326595e+00,4.028988e+01,-1.317468e-01,2.694900e+01,-2.909603e-01,1.930142e+01,4.028639e+00,7.645345e+00,-1.912654e+01,-1.853540e+01,-2.361783e+01,1.218990e+01,-8.836861e+00,9.716759e+00,-1.377273e+01,-1.075378e+00,5.195188e-03,1.154353e-02,2.376449e-02,-5.528234e-02,2.027627e-01,2.290304e-01,1.932998e-02,4.166670e-04,-5.508663e-03,9.939496e-03,3.464150e-02,1.314143e-01,1.355746e-01,3.101680e-01,1.999429e-01,9.493466e-02,7.360747e-02,1.175746e-01,2.419393e-01,7.359554e-01,6.796408e-01,2.177792e-01,1.720458e-01,6.127141e-01,6.481048e-01,2.042163e-01,3.690627e-01,6.000030e-01,2.350945e-01,-1.086994e-01,2.905799e-02,9.497873e-02,4.322747e-02,7.738076e-02,3.118210e-01,5.070908e-02,4.791666e+01,5.833334e+01,5.833334e+01,1.947917e+02,8.089062e-02,1.037606e-01,-5.735302e+04,-6.916884e-01,-6.885680e+00,-6.034302e-02,3.335689e+00,-4.428651e+00,2.527231e-01,-2.375956e+00,-9.021408e+00,-2.809539e+00,-9.625800e+00,3.670342e+00,4.739038e+00,3.783487e+00,-1.419674e+00,-4.141849e+00
fru,4.530000,1.696783e+02,8.016198e-01,8.759379e-02,1.017324e-01,2.450036e-01,1.154343e+00,1.571706e+00,9.769502e-02,6.458333e-02,1.517675e-01,2.259951e-01,3.126692e-01,7.423412e-01,6.593910e-01,1.029936e+00,9.507740e-01,6.419923e-01,5.866090e-01,7.448063e-01,1.591663e+00,3.187501e+00,2.826551e+00,1.610490e+00,1.593841e+00,3.078547e+00,3.224862e+00,1.455372e+00,2.787930e+00,3.714462e+00,2.691989e+00,2.197632e+00,1.832708e+00,1.603666e+00,8.253595e-01,5.955055e-01,1.112028e+00,1.478488e-01,2.812500e+02,3.645833e+02,4.375000e+02,1.093750e+03,5.651650e-01,3.768409e+00,2.156266e+05,3.880493e+00,2.583228e+01,-2.130678e-01,3.180096e+01,-8.523407e+00,2.122189e+01,2.035884e+00,-3.077623e+00,-2.402909e+01,-3.048591e+01,-1.780225e+01,1.960121e+01,-3.606301e+00,7.319077e+00,-2.180606e+01,-1.198193e+00,-1.353365e-02,-9.703627e-03,7.866936e-03,-7.540236e-02,1.622066e-01,2.477676e-01,1.414052e-02,2.083331e-04,3.180593e-04,2.057859e-02,5.171400e-02,1.837138e-01,2.098898e-01,4.888833e-01,2.596855e-01,1.230186e-01,8.581463e-02,1.229565e-01,2.678876e-01,9.111261e-01,8.533096e-01,2.109056e-01,2.012124e-01,8.262655e-01,7.014333e-01,2.358989e-01,3.482237e-01,5.408015e-01,1.475795e-01,-3.263620e-01,-8.636285e-02,-2.201438e-04,-1.013863e-02,7.382391e-02,2.467246e-01,4.600716e-02,3.854167e+01,3.750000e+01,5.416667e+01,175,2.618847e-02,1.374969e-01,-2.715398e+04,-7.127609e-01,-7.579987e+00,-4.827688e-02,2.595130e+00,-3.789468e+00,8.378986e-01,-8.904358e-01,-6.863429e+00,-2.293602e+00,-6.355299e+00,3.288589e+00,3.825945e+00,4.330573e+00,-1.098032e+00,-3.840214e+00
fru,4.540000,1.681677e+02,7.815725e-01,1.392075e-02,6.795625e-02,8.670732e-02,1.292128e+00,1.867872e+00,1.071032e-01,6.458333e-02,1.548323e-01,2.526416e-01,3.770417e-01,9.971297e-01,9.578093e-01,1.721221e+00,1.294864e+00,8.073445e-01,6.863181e-01,8.806763e-01,1.919859e+00,4.378975e+00,3.959713e+00,1.841896e+00,1.839505e+00,4.193625e+00,4.026523e+00,1.737089e+00,3.179867e+00,4.286627e+00,2.762078e+00,1.681190e+00,1.655237e+00,1.535192e+00,7.691882e-01,6.682226e-01,1.265020e+00,1.961062e-01,3.229167e+02,375,4.895833e+02,1.458333e+03,4.482490e-01,3.941099e+00,2.683140e+05,2.961653e+00,1.484325e+01,-2.444016e-01,3.198041e+01,-1.133106e+01,2.038535e+01,2.387231e+00,-7.777148e+00,-2.444505e+01,-3.017632e+01,-1.579950e+01,2.191478e+01,2.762960e+00,8.114255e+00,-2.493505e+01,-3.441746e+01,-2.653664e-02,-3.322943e-02,-9.637584e-03,-7.249085e-02,4.267047e-02,2.054687e-01,3.502402e-03,3.124997e-04,4.354852e-03,2.092309e-02,5.193480e-02,1.656580e-01,2.034257e-01,5.074205e-01,2.283800e-01,1.049861e-01,7.399905e-02,9.634580e-02,2.193695e-01,8.120176e-01,7.796715e-01,1.645150e-01,1.817363e-01,8.135845e-01,6.454005e-01,1.812773e-01,2.141370e-01,3.578197e-01,7.146418e-02,-3.618052e-01,-1.556319e-01,-5.054593e-02,-4.026080e-02,5.200548e-02,5.867599e-02,1.155980e-02,6.250000e+00,8.333338e+00,2.291667e+01,3.437500e+01,-9.212816e-03,1.153336e-01,6.797266e+02,-3.737898e-01,-4.322938e+00,-1.147861e-02,1.063649e+00,-1.368704e+00,1.502335e+00,1.044916e+00,-2.583237e+00,-1.505959e-01,-1.969973e+00,9.748181e-01,1.096765e+00,3.718957e+00,-1.128013e+00,-2.209847e+00
fru,4.550000,1.674125e+02,7.406508e-01,7.595486e-03,5.356553e-03,1.211498e-01,1.254850e+00,2.096110e+00,1.038447e-01,6.770833e-02,1.614147e-01,2.742201e-01,4.294035e-01,1.163495e+00,1.184083e+00,2.351911e+00,1.539326e+00,9.156045e-01,7.632446e-01,9.748814e-01,2.150361e+00,5.300831e+00,4.857090e+00,2.028791e+00,2.058509e+00,5.156324e+00,4.761987e+00,1.902570e+00,3.343850e+00,4.612854e+00,2.845315e+00,1.348380e+00,1.465794e+00,1.479427e+00,7.233045e-01,7.058845e-01,1.257791e+00,1.829825e-01,3.020833e+02,3.645833e+02,4.791667e+02,1.187500e+03,4.273024e-01,3.991924e+00,2.641097e+05,3.037308e+00,1.509880e+01,-2.420573e-01,3.272449e+01,-1.048552e+01,2.445467e+01,4.616784e+00,-6.736460e+00,-2.367522e+01,-3.117576e+01,-1.583895e+01,2.115261e+01,5.781147e+00,6.559080e+00,-2.739982e+01,-5.075243e+01,-3.375262e-02,-1.891083e-02,-2.714210e-02,-5.767145e-02,-1.038515e-01,6.625623e-02,-8.021149e-03,-2.291667e-03,6.046019e-03,1.298055e-02,3.536790e-02,7.010264e-02,9.824967e-02,2.880798e-01,9.237672e-02,3.405119e-02,3.189505e-02,3.468101e-02,6.346444e-02,3.217764e-01,3.371952e-01,4.406361e-02,6.592719e-02,4.199980e-01,3.466328e-01,4.466961e-02,-4.289339e-02,5.432224e-03,-2.258771e-02,-2.696460e-01,-1.768876e-01,-8.425508e-02,-5.052325e-02,1.646401e-02,-1.360752e-01,-2.906301e-02,-2.395833e+01,-2.500000e+01,-2.812500e+01,-1.854167e+02,-2.355780e-02,-2.258413e-02,-1.721711e+04,2.824794e-01,2.979376e+00,2.696404e-02,4.377722e-01,1.736333e+00,1.955597e+00,2.324345e+00,1.133201e+00,1.309065e+00,1.313911e+00,-2.004159e-01,-7.997772e-01,2.285334e+00,-2.200504e+00,9.128610e-01
fru,4.560000,0,7.058010e-01,0,0,0,1.037095e+00,2.093255e+00,8.896804e-02,6.458333e-02,1.694157e-01,2.817730e-01,4.563262e-01,1.164010e+00,1.205615e+00,2.487915e+00,1.533529e+00,9.002544e-01,7.775095e-01,9.796098e-01,2.137316e+00,5.310825e+00,4.908269e+00,2.013686e+00,2.085244e+00,5.382628e+00,5.038576e+00,1.860165e+00,3.156485e+00,4.451363e+00,2.819962e+00,1.191278e+00,1.300089e+00,1.421225e+00,6.824961e-01,7.090614e-01,9.208160e-01,1.062351e-01,250,3.333333e+02,4.166667e+02,8.333333e+02,4.465363e-01,3.906167e+00,2.264939e+05,3.879238e+00,2.404193e+01,-1.746451e-01,3.180548e+01,-6.153423e+00,2.519671e+01,7.962770e+00,-3.441422e+00,-2.005646e+01,-2.804034e+01,-1.972539e+01,1.689802e+01,5.064199e+00,4.456691e+00,-2.202509e+01,-5.037479e+01,-2.764132e-02,-3.543698e-03,-1.412690e-02,-2.945644e-02,-2.002239e-01,-1.324971e-01,-1.553114e-02,-5.208333e-03,5.290903e-03,1.647127e-03,9.328869e-03,-5.640465e-02,-4.908136e-02,-6.798141e-02,-8.539794e-02,-5.468539e-02,-3.095346e-02,-4.929031e-02,-1.547052e-01,-3.628271e-01,-2.930009e-01,-1.207331e-01,-1.202220e-01,-2.313357e-01,-1.669120e-01,-1.160801e-01,-3.320896e-01,-4.294717e-01,-1.768043e-01,-1.624839e-01,-1.792880e-01,-1.352762e-01,-6.131576e-02,-2.485057e-02,-2.703491e-01,-5.074267e-02,-4.583333e+01,-4.583334e+01,-50,-2.687500e+02,-1.615187e-02,-1.052973e-01,-4.229735e+04,6.592914e-01,8.366992e+00,5.285672e-02,6.705368e-01,3.399621e+00,1.861818e+00,2.859283e+00,2.142202e+00,1.294250e+00,3.259181e+00,8.711599e-01,-3.188742e-01,7.998073e-01,-3.174577e+00,3.421754e+00
fru,4.570000,0,6.707425e-01,0,0,0,7.626023e-01,1.790295e+00,6.665687e-02,5.312500e-02,1.747058e-01,2.763322e-01,4.498664e-01,1.009414e+00,1.026736e+00,2.086988e+00,1.293325e+00,7.657933e-01,7.004886e-01,8.687447e-01,1.800256e+00,4.330458e+00,4.038249e+00,1.744913e+00,1.800607e+00,4.584036e+00,4.451999e+00,1.617182e+00,2.585154e+00,3.659255e+00,2.550109e+00,1.094357e+00,1.125844e+00,1.239373e+00,6.160893e-01,6.574061e-01,6.037539e-01,4.746930e-02,1.979167e+02,2.604167e+02,3.333333e+02,4.791667e+02,4.482323e-01,3.672954e+00,1.504511e+05,4.834097e+00,3.612982e+01,-1.131258e-01,3.407729e+01,-2.430564e+00,2.859419e+01,1.086984e+01,4.205212e-01,-1.967806e+01,-2.498434e+01,-1.684138e+01,1.811070e+01,6.669748e+00,-1.854663e+00,-1.869673e+01,-3.348251e+01,-1.481086e-02,-1.519097e-03,-1.071311e-03,-2.422996e-02,-2.139020e-01,-2.967110e-01,-1.797269e-02,-5.624999e-03,9.605259e-04,-1.047657e-02,-1.964687e-02,-1.527913e-01,-1.574567e-01,-3.391593e-01,-2.097824e-01,-1.159391e-01,-9.101348e-02,-1.237872e-01,-3.341573e-01,-8.691853e-01,-7.666140e-01,-2.560025e-01,-2.871918e-01,-7.923644e-01,-6.752725e-01,-2.329883e-01,-5.310766e-01,-7.622740e-01,-3.495007e-01,-1.151698e-01,-1.818777e-01,-1.956660e-01,-8.000346e-02,-6.604757e-02,-2.895565e-01,-4.525078e-02,-3.958334e+01,-4.479167e+01,-3.333333e+01,-1.760417e+02,-5.616581e-02,-1.180676e-01,-4.528657e+04,5.394281e-01,7.930926e+00,5.588979e-02,1.032450e+00,3.273767e+00,1.437525e+00,1.822236e+00,1.006840e+00,-1.162555e+00,4.122859e+00,3.081839e+00,2.551278e+00,-1.829362e-01,-2.562163e+00,3.583815e+00
fru,4.580000,0,6.783201e-01,0,0,0,5.371321e-01,1.358294e+00,4.804148e-02,4.583333e-02,1.746413e-01,2.598212e-01,4.134547e-01,7.921472e-01,7.910760e-01,1.513776e+00,9.908742e-01,6.088232e-01,5.629289e-01,6.872931e-01,1.321386e+00,3.050027e+00,2.904129e+00,1.380170e+00,1.367345e+00,3.323091e+00,3.346957e+00,1.299382e+00,1.898767e+00,2.616068e+00,2.025660e+00,9.957820e-01,9.287720e-01,9.788372e-01,5.162170e-01,5.682089e-01,2.402926e-01,1.014948e-02,1.458333e+02,1.979167e+02,3.125000e+02,4.687500e+02,3.570247e-01,3.574098e+00,1.136565e+05,5.359715e+00,4.616271e+01,-4.458369e-02,3.465669e+01,1.639568e+00,2.762468e+01,1.355712e+01,-6.446308e-01,-1.997238e+01,-1.697613e+01,-1.094248e+01,2.184136e+01,6.317696e+00,-3.551757e+00,-1.217783e+01,0,-2.938545e-03,0,0,0,-1.627599e-01,-3.508782e-01,-1.575070e-02,-8.333329e-04,-6.960705e-03,-2.220379e-02,-4.479527e-02,-1.903318e-01,-1.833500e-01,-3.928110e-01,-2.326875e-01,-1.260194e-01,-1.209653e-01,-1.590355e-01,-3.995484e-01,-9.730858e-01,-8.763167e-01,-2.978928e-01,-3.440673e-01,-1.004082e+00,-9.331174e-01,-2.643571e-01,-5.672151e-01,-8.432389e-01,-4.432859e-01,-1.104230e-01,-1.765563e-01,-2.238949e-01,-9.204054e-02,-9.454882e-02,-2.129350e-01,-2.473498e-02,-4.166667e+00,-7.291670e+00,9.375000e+00,5.208344e+00,-8.072487e-02,-2.667623e-02,-2.028016e+04,3.502546e-02,2.315496e+00,4.042250e-02,5.932792e-01,1.379069e+00,9.593563e-02,-5.604435e-01,-1.183768e+00,-3.628092e+00,3.791471e+00,5.066175e+00,4.606799e+00,-4.710381e-01,-7.539547e-01,2.421426e+00
fru,4.590000,0,6.803370e-01,0,0,0,4.353211e-01,9.800360e-01,3.444456e-02,4.895833e-02,1.636046e-01,2.328132e-01,3.526050e-01,5.854704e-01,6.040695e-01,1.143185e+00,7.617407e-01,4.816246e-01,4.154676e-01,5.021039e-01,8.875400e-01,2.085304e+00,2.026090e+00,1.065537e+00,9.814996e-01,2.224271e+00,2.231435e+00,1.018020e+00,1.317326e+00,1.719131e+00,1.494963e+00,8.702794e-01,7.420639e-01,7.222910e-01,4.064267e-01,4.460728e-01,1.502702e-01,4.771443e-03,1.562500e+02,2.083333e+02,3.645833e+02,4.895833e+02,1.912291e-01,3.567621e+00,9.409552e+04,4.994211e+00,4.369304e+01,-2.763908e-02,3.646114e+01,1.986817e+00,3.042831e+01,1.093079e+01,-3.100656e+00,-2.953004e+01,-1.609357e+01,-4.821213e+00,3.143733e+01,4.239717e+00,-2.247510e+00,-1.440438e+01,0,-9.072125e-04,0,0,0,-9.923612e-02,-2.945518e-01,-1.197409e-02,5.208333e-03,-1.653752e-02,-3.226940e-02,-5.929386e-02,-1.732518e-01,-1.453845e-01,-2.887388e-01,-1.775493e-01,-9.549920e-02,-1.093429e-01,-1.456723e-01,-3.429573e-01,-7.484752e-01,-6.862575e-01,-2.526275e-01,-2.809511e-01,-8.544858e-01,-8.558136e-01,-2.210338e-01,-4.561231e-01,-6.719726e-01,-4.089560e-01,-1.090496e-01,-1.478561e-01,-1.918269e-01,-8.576278e-02,-1.006593e-01,-1.279198e-01,-9.481926e-03,2.500000e+01,3.125000e+01,3.854166e+01,1.156250e+02,-7.585590e-02,9.101786e-02,1.054300e+04,-3.948110e-01,-3.924480e+00,2.396313e-02,-3.269222e-01,-7.346465e-01,-1.447257e+00,-2.835374e+00,-1.486582e+00,-4.044241e+00,2.876086e+00,3.328743e+00,3.127066e+00,-1.533761e+00,5.092075e-01,6.792410e-01
fru,4.600000,0,6.863110e-01,0,0,0,3.869359e-01,7.439939e-01,2.632071e-02,6.250000e-02,1.401628e-01,1.925136e-01,2.809806e-01,4.243234e-01,5.001990e-01,9.957614e-01,6.358836e-01,4.122418e-01,3.151933e-01,3.677528e-01,5.959325e-01,1.567973e+00,1.532765e+00,8.639103e-01,7.744616e-01,1.542098e+00,1.483272e+00,8.379607e-01,9.543230e-01,1.205230e+00,1.131105e+00,7.512018e-01,6.091980e-01,5.602922e-01,3.271247e-01,3.419839e-01,8.288269e-02,3.909122e-03,250,3.229167e+02,4.479167e+02,8.541667e+02,1.714136e-01,3.825453e+00,1.532709e+05,3.974309e+00,3.183780e+01,-1.527597e-02,3.357995e+01,-1.466768e+00,2.475933e+01,5.130077e+00,-7.599674e+00,-3.327093e+01,-1.352837e+01,-4.046030e-01,3.326870e+01,3.924024e+00,8.833415e-01,-1.206413e+01,0,-4.849809e-03,0,0,0,-5.708506e-02,-1.933978e-01,-8.719470e-03,7.395833e-03,-2.396858e-02,-3.779545e-02,-6.142052e-02,-1.292904e-01,-9.630118e-02,-1.775053e-01,-1.012162e-01,-5.211926e-02,-6.980002e-02,-9.935445e-02,-2.263585e-01,-4.435016e-01,-4.184361e-01,-1.750057e-01,-1.733553e-01,-5.596842e-01,-5.920518e-01,-1.465351e-01,-2.950104e-01,-4.030069e-01,-2.811394e-01,-9.039216e-02,-9.947618e-02,-1.280324e-01,-6.158538e-02,-8.600156e-02,-5.523786e-02,-1.722710e-03,3.437500e+01,3.541667e+01,2.812500e+01,1.812500e+02,-4.793328e-02,1.228375e-01,3.370502e+04,-5.397598e-01,-7.125999e+00,1.018520e-02,-1.245348e+00,-2.046159e+00,-2.703287e+00,-3.180409e+00,8.256523e-01,-1.151801e+00,2.021580e+00,7.598228e-01,2.772953e-01,-2.541026e+00,-8.530099e-01,-2.425496e-01
fru,4.610000,0,6.622110e-01,0,0,0,3.415197e-01,6.246862e-01,1.764680e-02,7.083333e-02,1.092575e-01,1.486390e-01,2.196341e-01,3.270671e-01,4.452523e-01,9.023010e-01,5.830739e-01,3.865880e-01,2.776421e-01,3.001532e-01,4.481963e-01,1.329109e+00,1.292643e+00,7.399058e-01,6.922939e-01,1.202103e+00,1.104774e+00,7.427235e-01,7.767604e-01,1.004811e+00,9.526063e-01,6.713998e-01,5.463507e-01,4.895113e-01,2.818216e-01,2.672223e-01,4.286000e-02,3.179854e-03,2.708333e+02,3.541667e+02,4.583333e+02,8.645833e+02,1.617584e-01,4.002366e+00,1.833589e+05,3.552746e+00,2.366988e+01,-7.963989e-03,3.298105e+01,-4.550628e+00,2.279058e+01,9.064908e-01,-3.534866e+00,-3.324999e+01,-1.232779e+01,-5.466608e+00,2.803236e+01,1.977789e-01,-1.526175e+00,-1.535738e+01,0,1.051486e-04,0,0,0,-3.182787e-02,-1.013621e-01,-5.669126e-03,7.395835e-03,-2.500427e-02,-3.445298e-02,-5.077665e-02,-8.094740e-02,-6.772895e-02,-1.469586e-01,-4.729086e-02,-1.140877e-02,-2.149539e-02,-4.071411e-02,-1.058266e-01,-2.334585e-01,-2.239638e-01,-9.991536e-02,-8.262004e-02,-3.040825e-01,-3.171845e-01,-7.285610e-02,-1.507877e-01,-1.713775e-01,-1.393597e-01,-3.956694e-02,-3.793154e-02,-5.515207e-02,-2.184182e-02,-5.271207e-02,-3.288648e-02,-6.725937e-04,3.125000e+00,3.051758e-06,-8.333334e+00,1.812500e+02,-2.495780e-02,1.060452e-01,1.181624e+05,-3.456721e-01,-5.861191e+00,5.988359e-03,-2.643649e+00,-8.825768e-01,-3.311272e+00,-6.076239e-01,4.307126e+00,3.521000e+00,2.633027e+00,-3.209177e+00,-4.307694e+00,-4.687251e+00,-1.148959e+00,-1.285079e-01
fru,4.620000,0,6.631340e-01,0,0,0,2.986074e-01,5.689793e-01,1.284301e-02,7.187500e-02,8.197194e-02,1.129311e-01,1.728375e-01,2.748970e-01,3.889787e-01,7.466912e-01,5.741267e-01,3.957452e-01,2.828415e-01,2.914962e-01,4.092652e-01,1.210617e+00,1.178672e+00,6.679569e-01,6.451719e-01,1.035754e+00,9.500281e-01,7.043547e-01,6.939979e-01,9.581936e-01,8.911408e-01,6.432610e-01,5.292477e-01,4.550652e-01,2.705927e-01,2.276264e-01,1.780840e-02,2.331725e-03,2.604167e+02,3.020833e+02,4.062500e+02,1.187500e+03,1.320936e-01,3.970913e+00,2.375500e+05,3.381649e+00,2.054429e+01,-3.495248e-03,3.017000e+01,-5.322505e+00,1.792711e+01,2.667226e+00,3.700736e+00,-2.387141e+01,-8.751116e+00,-6.820670e+00,2.493032e+01,-4.366466e+00,-8.177474e+00,-1.291408e+01,3.824427e+01,1.425793e-02,0,0,0,-1.159698e-03,-3.160682e-02,-2.103193e-03,8.125002e-03,-1.886246e-02,-2.109774e-02,-3.136789e-02,-4.136552e-02,-5.989904e-02,-1.638346e-01,-2.641895e-02,1.963346e-02,2.051108e-02,1.579306e-02,-5.360973e-03,-1.360937e-01,-1.233191e-01,-3.087073e-02,-2.340030e-02,-1.409882e-01,-1.249528e-01,-6.099069e-03,-3.716447e-02,-2.828786e-02,-1.839093e-02,5.186599e-02,4.214396e-02,3.214142e-02,4.222094e-02,-8.313274e-03,-1.414732e-02,-1.287212e-04,-2.708333e+01,-3.854166e+01,-3.020833e+01,2.447917e+02,-2.417311e-02,5.523996e-02,3.000838e+05,-1.783177e-01,-3.880817e+00,2.537709e-03,-4.069396e+00,1.351112e+00,-2.887811e+00,2.809242e+00,6.399262e+00,6.118806e+00,3.503383e+00,-5.868404e+00,-5.722545e+00,-6.355833e+00,5.077206e-01,-3.577201e-01
fru,4.630000,0,6.924512e-01,0,0,0,3.203460e-01,5.607328e-01,1.283778e-02,8.125000e-02,6.767866e-02,1.003395e-01,1.527933e-01,2.554466e-01,3.210349e-01,5.329269e-01,5.561648e-01,4.328291e-01,3.241665e-01,3.366616e-01,4.517407e-01,1.096690e+00,1.083318e+00,6.639366e-01,6.330442e-01,9.570307e-01,9.121340e-01,7.205424e-01,6.935504e-01,9.857617e-01,9.181463e-01,7.264151e-01,5.923814e-01,4.991442e-01,3.254836e-01,2.396913e-01,1.837490e-02,2.197172e-03,1.666667e+02,2.187500e+02,3.437500e+02,1.229167e+03,8.610005e-02,4.025116e+00,6.427678e+05,3.562180e+00,2.003384e+01,-3.587647e-03,2.494787e+01,-4.981985e-01,1.728806e+01,9.124095e+00,1.278477e+01,-1.662480e+01,-5.317063e+00,-1.765906e+01,1.406806e+01,-1.505129e+01,-3.461896e+00,-1.462195e+01,5.791518e+01,3.111356e-02,0,0,0,4.131950e-02,3.385420e-02,3.338990e-03,7.395832e-03,-8.373166e-03,-1.719161e-03,-7.072422e-03,-1.234651e-02,-5.096363e-02,-1.622273e-01,-2.483054e-02,4.320746e-02,5.383892e-02,6.782200e-02,7.382374e-02,-9.583201e-02,-6.900887e-02,5.041936e-02,3.977492e-02,-3.227707e-02,3.926277e-03,6.531642e-02,7.296368e-02,6.919380e-02,1.005730e-01,1.902880e-01,1.529724e-01,1.644825e-01,1.469218e-01,4.933583e-02,1.652251e-02,6.308610e-04,-2.812500e+01,-3.958333e+01,-3.229167e+01,2.020833e+02,1.802523e-03,-2.493074e-02,3.599901e+05,2.251782e-01,2.376405e+00,-3.074036e-03,-4.842328e+00,3.035140e+00,-1.814344e+00,4.246367e+00,5.076670e+00,5.245671e+00,3.272027e+00,-6.640806e+00,-6.522046e+00,-5.941290e+00,3.515424e+00,-3.125265e-01
fru,4.640000,1.912214e+02,7.424806e-01,0,0,0,3.917243e-01,6.179366e-01,1.820925e-02,9.791667e-02,6.663991e-02,1.111746e-01,1.575616e-01,2.533060e-01,2.628126e-01,3.612755e-01,5.172433e-01,4.872886e-01,3.944864e-01,4.284638e-01,5.673555e-01,1.003714e+00,1.020832e+00,7.475412e-01,6.870849e-01,9.596933e-01,9.548275e-01,8.185559e-01,8.101056e-01,1.073315e+00,1.056380e+00,9.830241e-01,7.969025e-01,7.161829e-01,5.163984e-01,3.141831e-01,2.438864e-02,3.756857e-03,1.666667e+02,1.979167e+02,3.541667e+02,1.895833e+03,8.837720e-02,4.090277e+00,1.423985e+06,3.078003e+00,1.425173e+01,-4.775592e-03,1.724957e+01,3.262575e+00,1.307154e+01,1.506749e+01,1.623682e+01,-1.098949e+01,4.831780e-01,-2.365040e+01,1.163813e+01,-2.023060e+01,4.389805e+00,-1.422045e+01,5.897696e+01,3.450998e-02,0,0,6.157865e-02,9.297405e-02,1.077292e-01,1.032962e-02,2.395831e-03,2.406453e-03,2.042323e-02,2.438888e-02,1.668395e-02,-1.834374e-02,-1.150594e-01,-2.132564e-02,6.225612e-02,8.294623e-02,1.182682e-01,1.360487e-01,-5.768494e-02,-5.149448e-03,1.503241e-01,1.371840e-01,8.513257e-02,1.252064e-01,1.456912e-01,1.943285e-01,1.811243e-01,2.424198e-01,3.400168e-01,2.702861e-01,3.144785e-01,2.581763e-01,1.107327e-01,8.176795e-02,3.484355e-03,-1.354167e+01,-2.187500e+01,-1.666667e+01,1.250000e+01,4.689965e-02,-1.174707e-01,2.204708e+05,5.273334e-01,6.796563e+00,-1.505386e-02,-3.109274e+00,2.477389e+00,8.816109e-01,3.249596e+00,1.749897e+00,1.533057e+00,8.601551e-01,-5.717053e+00,-6.799663e+00,-3.101731e+00,3.944344e+00,-5.801012e-01
fru,4.650000,1.939653e+02,7.781056e-01,0,0,0,5.015588e-01,7.694786e-01,3.165862e-02,9.479166e-02,7.505764e-02,1.409214e-01,1.919100e-01,2.761301e-01,2.535172e-01,2.838725e-01,4.873629e-01,5.568536e-01,4.910142e-01,5.707793e-01,7.382698e-01,9.534001e-01,1.026519e+00,9.522104e-01,8.702121e-01,1.078748e+00,1.122006e+00,1.012205e+00,1.083525e+00,1.293219e+00,1.372851e+00,1.452958e+00,1.177385e+00,1.181365e+00,8.935276e-01,4.706231e-01,1.221824e-01,5.621593e-03,1.770833e+02,2.083333e+02,3.229167e+02,1.520833e+03,1.926292e-01,3.818030e+00,1.390092e+06,4.830460e+00,3.869818e+01,-2.269400e-02,1.522963e+01,6.332530e+00,1.614665e+01,1.593820e+01,1.558044e+01,-1.346259e+01,-5.848053e-01,-3.025577e+01,2.068227e+00,-2.157660e+01,9.767304e+00,-1.626682e+01,4.079138e+01,2.566027e-02,1.235040e-02,0,8.805759e-02,1.484834e-01,1.819773e-01,1.820480e-02,-6.666669e-03,1.104903e-02,4.257064e-02,6.239992e-02,6.025321e-02,5.412129e-02,-3.743640e-02,7.890517e-03,8.467986e-02,1.073370e-01,1.588151e-01,1.795142e-01,1.159464e-02,1.158946e-01,2.631234e-01,2.559412e-01,2.451825e-01,2.796050e-01,2.248062e-01,3.124561e-01,3.345881e-01,3.944677e-01,4.118110e-01,3.235357e-01,3.770021e-01,2.980936e-01,1.521149e-01,2.249971e-01,1.161580e-02,8.333333e+00,8.333331e+00,-2.083331e+00,-2.437500e+02,1.009519e-01,-2.299502e-01,-1.344000e+05,7.306126e-01,9.438825e+00,-4.117728e-02,1.346582e-01,3.588073e-02,3.800758e+00,4.398558e-01,-2.295890e+00,-2.423860e+00,-3.276395e+00,-1.803082e+00,-6.198569e+00,6.020660e-01,1.322930e+00,4.817611e-01
fru,4.660000,1.979022e+02,7.928568e-01,0,0,3.078932e-01,6.728713e-01,1.003253e+00,5.508072e-02,7.708333e-02,9.031472e-02,1.947563e-01,2.752235e-01,3.479750e-01,3.310188e-01,2.959213e-01,5.018995e-01,6.450135e-01,6.141488e-01,7.657782e-01,9.462442e-01,9.938371e-01,1.181324e+00,1.275441e+00,1.212508e+00,1.400558e+00,1.471124e+00,1.286980e+00,1.470653e+00,1.710086e+00,1.875887e+00,1.980074e+00,1.588176e+00,1.686347e+00,1.277452e+00,6.658238e-01,3.747444e-01,1.804129e-02,1.875000e+02,1.979167e+02,3.333333e+02,1.104167e+03,3.133273e-01,3.487103e+00,9.662417e+05,5.384177e+00,4.519493e+01,-6.921138e-02,1.948275e+01,3.649075e+00,2.290587e+01,1.550816e+01,1.105239e+01,-1.778722e+01,-6.816469e+00,-2.910758e+01,-3.068080e+00,-1.661246e+01,4.929644e+00,-1.499215e+01,2.461133e+00,1.058616e-02,1.852560e-02,0,7.728164e-02,1.983975e-01,2.440432e-01,2.449708e-02,-1.177083e-02,1.599907e-02,6.153373e-02,1.019763e-01,1.310093e-01,1.777783e-01,4.464444e-02,6.247223e-02,1.149884e-01,1.322826e-01,1.832713e-01,2.042989e-01,1.069791e-01,2.900499e-01,3.893816e-01,3.787866e-01,4.548556e-01,4.806603e-01,2.822864e-01,4.185720e-01,5.198995e-01,5.180813e-01,3.497775e-01,2.674047e-01,2.821372e-01,2.199679e-01,1.560289e-01,3.940341e-01,2.325917e-02,2.083333e+01,3.229167e+01,1.250000e+01,-4.052083e+02,1.166978e-01,-2.405819e-01,-3.605619e+05,4.390097e-01,4.255855e+00,-7.166377e-02,2.587391e+00,-2.582430e+00,5.271986e+00,-2.062714e+00,-5.478364e+00,-4.928739e+00,-6.497251e+00,6.206722e-01,-6.462523e+00,2.822623e+00,-1.385929e-01,1.446891e+00
fru,4.670000,2.006165e+02,7.955644e-01,6.175201e-02,0,2.863413e-01,9.221897e-01,1.277961e+00,8.542604e-02,5.833333e-02,1.110864e-01,2.714019e-01,4.059619e-01,5.093782e-01,5.575382e-01,3.784220e-01,6.032893e-01,7.773659e-01,7.510202e-01,9.620797e-01,1.159867e+00,1.159602e+00,1.582544e+00,1.715604e+00,1.650039e+00,1.962511e+00,2.052011e+00,1.610362e+00,1.925557e+00,2.340317e+00,2.480731e+00,2.286945e+00,1.814423e+00,1.899073e+00,1.435425e+00,8.244454e-01,9.681826e-01,5.313394e-02,1.979167e+02,2.604167e+02,3.437500e+02,4.062500e+02,4.783846e-01,3.176953e+00,1.996398e+05,6.062156e+00,5.175636e+01,-1.772562e-01,2.450457e+01,-5.120449e-01,3.137468e+01,1.110304e+01,3.897532e+00,-2.534523e+01,-1.804922e+01,-2.394588e+01,-9.571685e+00,-1.385003e+01,2.882837e+00,-1.182729e+01,9.772446e-01,-3.270626e-03,1.676768e-02,0,3.109148e-02,2.124989e-01,2.818745e-01,2.577361e-02,-9.270830e-03,1.622378e-02,6.956933e-02,1.258079e-01,2.082619e-01,3.310032e-01,1.208643e-01,1.183800e-01,1.536760e-01,1.661269e-01,1.884006e-01,2.142148e-01,2.066310e-01,4.615254e-01,5.132688e-01,4.773368e-01,6.692240e-01,6.789572e-01,3.049983e-01,4.952369e-01,6.564557e-01,5.694512e-01,1.825694e-01,1.312656e-01,7.667200e-02,6.782832e-02,1.247867e-01,5.201141e-01,3.089797e-02,3.645833e+01,5.104167e+01,2.604167e+01,-2.843750e+02,7.622615e-02,-1.671179e-01,-3.121508e+05,-9.811249e-02,-3.478751e+00,-9.391177e-02,2.799698e+00,-3.885529e+00,3.727651e+00,-3.211325e+00,-6.606702e+00,-4.865207e+00,-6.384914e+00,1.741735e+00,-4.993563e+00,3.088567e+00,1.334073e-01,2.365752e+00
fru,4.680000,2.002014e+02,7.866820e-01,6.175201e-02,0,2.432375e-01,1.173396e+00,1.583911e+00,1.138110e-01,5.729167e-02,1.286209e-01,3.536030e-01,5.604169e-01,7.917287e-01,9.996937e-01,5.372229e-01,7.716413e-01,9.519747e-01,9.258966e-01,1.149170e+00,1.378051e+00,1.435509e+00,2.193069e+00,2.312753e+00,2.191104e+00,2.792090e+00,2.893127e+00,1.930910e+00,2.481950e+00,3.149264e+00,3.092847e+00,2.314918e+00,1.815407e+00,1.768015e+00,1.345289e+00,9.174166e-01,1.571559e+00,9.629654e-02,2.604167e+02,3.333333e+02,4.062500e+02,4.270833e+02,5.289884e-01,3.207906e+00,2.164018e+05,4.657203e+00,2.900191e+01,-2.858134e-01,2.554905e+01,-6.227289e+00,3.181745e+01,7.171496e+00,-5.313543e+00,-2.969186e+01,-2.327087e+01,-2.370198e+01,-1.485453e+01,-9.980771e+00,7.139075e+00,-9.205757e+00,-6.565124e-01,-1.718898e-02,8.834560e-03,5.777220e-03,-3.942244e-02,1.519790e-01,2.743799e-01,1.923668e-02,-2.916665e-03,1.175843e-02,6.007581e-02,1.179274e-01,2.525745e-01,4.414050e-01,1.765911e-01,1.509449e-01,1.811164e-01,2.006720e-01,1.680693e-01,2.003205e-01,2.541660e-01,5.142083e-01,5.663865e-01,4.955367e-01,7.455524e-01,7.487055e-01,2.725653e-01,4.811377e-01,6.132171e-01,4.862032e-01,2.918434e-02,1.849816e-02,-9.006874e-02,-4.299549e-02,8.012707e-02,4.492901e-01,2.238424e-02,3.958333e+01,5.312500e+01,2.395833e+01,-1.322917e+02,2.910675e-02,-8.813953e-02,-1.596675e+05,-3.979034e-02,-8.110855e-01,-8.035547e-02,1.646088e+00,-2.431613e+00,4.155003e-01,-2.622699e+00,-5.768912e+00,-3.695746e+00,-2.588675e+00,-2.759506e-01,-2.505124e+00,1.589607e+00,1.043883e+00,2.609349e+00
fru,4.690000,1.977019e+02,7.648398e-01,5.296240e-02,0,1.877852e-01,1.313790e+00,1.888522e+00,1.311616e-01,5.833333e-02,1.370235e-01,4.093447e-01,6.783527e-01,1.095563e+00,1.574196e+00,7.675430e-01,9.443918e-01,1.171753e+00,1.165775e+00,1.321087e+00,1.593440e+00,1.765719e+00,2.828274e+00,2.999898e+00,2.767598e+00,3.729102e+00,3.805791e+00,2.215231e+00,3.054061e+00,3.855909e+00,3.611628e+00,2.198383e+00,1.720098e+00,1.523891e+00,1.198751e+00,9.687600e-01,2.124345e+00,1.209838e-01,3.229167e+02,3.958333e+02,4.166667e+02,4.375000e+02,4.659294e-01,3.122039e+00,2.042578e+05,4.703384e+00,2.940094e+01,-3.839519e-01,2.619497e+01,-8.156933e+00,3.032911e+01,4.049903e+00,-9.270103e+00,-3.183630e+01,-2.428218e+01,-2.424990e+01,-1.700636e+01,-9.449615e+00,9.329625e+00,-7.331257e+00,-4.053575e+01,-3.064946e-02,-1.366884e-02,2.888610e-03,-6.558611e-02,3.087344e-02,1.987679e-01,5.579336e-03,6.145832e-03,5.877712e-03,3.613525e-02,7.701022e-02,2.163273e-01,4.081295e-01,1.859546e-01,1.397565e-01,1.717907e-01,2.024399e-01,1.146661e-01,1.454738e-01,1.963626e-01,3.576724e-01,4.455720e-01,3.716241e-01,5.520047e-01,5.424091e-01,1.775872e-01,3.053705e-01,3.394017e-01,2.891670e-01,-3.964806e-03,1.323171e-02,-1.167512e-01,-5.152761e-02,4.624409e-02,1.534982e-01,-1.799107e-04,1.666667e+01,2.083334e+01,1.145833e+01,4.166669e+00,3.662816e-03,-1.418447e-03,1.430628e+04,1.610825e-01,3.035580e+00,-2.665421e-02,1.001358e-01,1.424618e+00,-2.564678e+00,-1.265360e+00,-1.778799e+00,-2.001741e+00,3.125217e+00,-1.465556e+00,5.833238e-01,3.680906e-01,2.263956e-01,2.522163e+00
fru,4.700000,1.960769e+02,7.222741e-01,4.856760e-02,2.888610e-02,1.600591e-01,1.236966e+00,2.069872e+00,1.283963e-01,6.250000e-02,1.361383e-01,4.261639e-01,7.286652e-01,1.317755e+00,2.029715e+00,9.843163e-01,1.086073e+00,1.353402e+00,1.410131e+00,1.426621e+00,1.731061e+00,1.961609e+00,3.129501e+00,3.465226e+00,3.131412e+00,4.245024e+00,4.337761e+00,2.347371e+00,3.312090e+00,4.018376e+00,3.741455e+00,2.170276e+00,1.727830e+00,1.423594e+00,1.180812e+00,9.943019e-01,2.043113e+00,9.603756e-02,3.229167e+02,3.958333e+02,4.166667e+02,4.270833e+02,4.650886e-01,3.073862e+00,1.655953e+05,5.864611e+00,5.231722e+01,-3.676409e-01,2.686799e+01,-4.686546e+00,2.550616e+01,5.921231e+00,-1.120836e+01,-3.302042e+01,-1.664337e+01,-3.033533e+01,-1.187636e+01,-1.086464e+01,6.925663e+00,-4.193419e+00,-5.981047e+01,-3.337786e-02,-1.764664e-02,0,-6.742603e-02,-9.323122e-02,5.870264e-02,-1.001134e-02,1.885417e-02,3.497794e-03,8.951565e-03,1.832231e-02,9.803865e-02,2.055672e-01,1.291277e-01,8.944111e-02,1.099822e-01,1.318408e-01,1.542532e-02,3.138223e-02,2.851913e-02,2.726831e-02,1.244879e-01,8.284471e-02,7.864873e-02,6.656666e-02,2.755332e-02,-1.650248e-02,-7.012358e-02,3.926871e-02,1.109324e-01,1.418599e-01,-1.356881e-02,2.342128e-02,3.351640e-02,-2.200496e-01,-2.301838e-02,-2.395833e+01,-1.875000e+01,-4.166663e+00,8.229166e+01,9.993374e-03,8.146539e-02,1.633803e+05,3.222702e-01,6.150989e+00,4.053255e-02,-1.569223e+00,6.585817e+00,-3.841527e+00,-2.743847e-01,2.541629e+00,-1.543351e+00,7.709903e+00,-8.305618e-01,3.691115e+00,-1.108794e+00,-7.786972e-01,2.700941e+00
fru,4.710000,0,6.745210e-01,0,0,0,1.044772e+00,2.028820e+00,1.060300e-01,8.645833e-02,1.367163e-01,4.157977e-01,7.068889e-01,1.328002e+00,2.083175e+00,1.084648e+00,1.144856e+00,1.435605e+00,1.521102e+00,1.396685e+00,1.710732e+00,1.878365e+00,2.902690e+00,3.367227e+00,3.038006e+00,3.996067e+00,4.041739e+00,2.290067e+00,3.037339e+00,3.602769e+00,3.602262e+00,2.339442e+00,1.924370e+00,1.487527e+00,1.260026e+00,1.017223e+00,1.499896e+00,5.236388e-02,250,3.333333e+02,3.958333e+02,4.270833e+02,5.286486e-01,3.236882e+00,2.965744e+05,6.263865e+00,5.527661e+01,-2.696135e-01,2.434578e+01,5.840671e+00,2.170694e+01,5.401372e+00,-2.049054e+00,-3.368966e+01,-5.736883e+00,-2.795699e+01,-8.144148e+00,-1.156765e+01,4.121520e+00,-1.722648e+00,-1.835283e+01,-2.033690e-02,-1.544924e-02,-2.888610e-03,1.789840e-02,-1.607150e-01,-8.741216e-02,-2.127843e-02,3.458333e-02,3.042765e-03,-1.688764e-02,-4.040606e-02,-5.542739e-02,-7.575343e-02,2.761051e-02,1.308166e-02,-1.347303e-03,-9.077573e-03,-1.020143e-01,-1.150177e-01,-1.809593e-01,-3.252010e-01,-2.681032e-01,-2.556848e-01,-4.560805e-01,-4.650549e-01,-1.259762e-01,-3.292959e-01,-3.880773e-01,-1.469692e-01,3.319890e-01,3.757492e-01,1.528362e-01,1.287285e-01,5.157956e-02,-4.948616e-01,-3.132072e-02,-3.125000e+01,-3.333334e+01,2.333333e+02,4.687500e+02,9.272525e-03,2.229211e-01,5.563101e+05,-3.435056e-01,-3.345228e+00,8.964894e-02,-4.157621e+00,9.066696e+00,-4.206531e+00,-5.228890e-01,4.108573e+00,-2.077888e+00,8.290980e+00,5.037413e-01,5.006191e+00,-5.250042e-01,8.668994e-01,2.961742e+00
fru,4.720000,0,6.649520e-01,0,0,0,8.417494e-01,1.807275e+00,7.632001e-02,1.375000e-01,1.462635e-01,3.951344e-01,6.377603e-01,1.165703e+00,1.773040e+00,1.024309e+00,1.118615e+00,1.369959e+00,1.407437e+00,1.188497e+00,1.476317e+00,1.521782e+00,2.292202e+00,2.751528e+00,2.470124e+00,3.051852e+00,3.107986e+00,2.031258e+00,2.407798e+00,2.925216e+00,3.293873e+00,2.799051e+00,2.422570e+00,1.718353e+00,1.431758e+00,1.060767e+00,7.835355e-01,1.551460e-02,1.770833e+02,2.708333e+02,3.958333e+02,8.437500e+02,5.475957e-01,3.557811e+00,9.871448e+05,5.488314e+00,4.681902e+01,-1.403198e-01,1.862753e+01,1.970299e+01,1.692090e+01,5.123838e+00,3.784077e+00,-3.648194e+01,6.006003e+00,-2.600124e+01,-8.300581e-01,-1.446573e+01,5.849641e+00,1.494644e+00,2.177849e+01,4.619598e-03,9.749774e-03,-5.777220e-03,5.281340e-02,-1.517908e-01,-1.690065e-01,-2.358324e-02,4.218750e-02,1.926959e-04,-4.015779e-02,-8.585431e-02,-1.764613e-01,-2.824375e-01,-6.500410e-02,-7.248564e-02,-1.185059e-01,-1.560469e-01,-1.869051e-01,-2.346651e-01,-3.218723e-01,-5.249987e-01,-5.280019e-01,-4.733443e-01,-7.680934e-01,-7.692291e-01,-2.141132e-01,-4.567980e-01,-4.650458e-01,-2.082824e-01,5.337529e-01,6.023089e-01,3.030818e-01,2.157135e-01,9.908255e-02,-4.983331e-01,-2.326492e-02,-3.124999e+00,-1.250001e+01,3.593750e+02,8.895834e+02,-3.945036e-02,2.441822e-01,8.317553e+05,-1.052348e+00,-1.317322e+01,9.008227e-02,-5.876761e+00,7.884854e+00,-3.497585e+00,-1.218101e+00,1.994847e+00,-2.656875e+00,4.542022e+00,7.690071e-01,4.407567e+00,2.688298e-01,3.986260e+00,3.832595e+00
fru,4.730000,2.039762e+02,6.918164e-01,0,0,3.573068e-01,7.078238e-01,1.582759e+00,5.080761e-02,1.937500e-01,1.471747e-01,3.404213e-01,5.217748e-01,8.944523e-01,1.323766e+00,8.855993e-01,9.935291e-01,1.156738e+00,1.121734e+00,9.300769e-01,1.145723e+00,1.080836e+00,1.620918e+00,2.016231e+00,1.819818e+00,2.045286e+00,2.095404e+00,1.743407e+00,1.859727e+00,2.462102e+00,3.100573e+00,3.543941e+00,3.251474e+00,2.140693e+00,1.716920e+00,1.193425e+00,2.798261e-01,4.641666e-03,2.395833e+02,2.916667e+02,1.593750e+03,2.572917e+03,4.710385e-01,3.994670e+00,2.575034e+06,3.174005e+00,1.542390e+01,-4.936772e-02,9.527090e+00,2.498178e+01,1.358909e+01,1.834154e+00,3.776544e+00,-4.049498e+01,5.848043e+00,-2.389823e+01,2.501440e+00,-1.027409e+01,1.420213e+01,4.633421e+00,6.057995e+01,2.260873e-02,2.319697e-02,8.667019e-03,6.272298e-02,-1.080345e-01,-1.690805e-01,-1.832448e-02,3.510417e-02,-8.403406e-03,-5.965407e-02,-1.095505e-01,-2.169352e-01,-3.281563e-01,-1.101177e-01,-1.382851e-01,-2.006374e-01,-2.357336e-01,-1.997535e-01,-2.742108e-01,-3.337395e-01,-5.123691e-01,-5.551909e-01,-4.867015e-01,-7.503695e-01,-7.375090e-01,-2.109081e-01,-3.734636e-01,-3.636097e-01,-2.231526e-01,5.739340e-01,6.772004e-01,3.773243e-01,2.587970e-01,1.451010e-01,-3.417479e-01,-1.100119e-02,4.062500e+01,2.499999e+01,3.677083e+02,1.218750e+03,-8.135460e-02,1.652280e-01,8.868022e+05,-1.214840e+00,-1.410301e+01,6.188688e-02,-5.565579e+00,4.032208e+00,-3.012353e+00,-7.956057e-01,-1.070347e+00,-2.648822e+00,-1.123279e+00,-1.518824e+00,3.407200e+00,3.601094e-01,5.388196e+00,4.262257e+00
fru,4.740000,2.029813e+02,7.367244e-01,9.731647e-02,0,2.454727e-01,6.464860e-01,1.447870e+00,3.809137e-02,2.197917e-01,1.318726e-01,2.630632e-01,3.919506e-01,6.522236e-01,9.972321e-01,7.588202e-01,7.993080e-01,9.003067e-01,8.295810e-01,7.254000e-01,8.402395e-01,7.510114e-01,1.145394e+00,1.500714e+00,1.373784e+00,1.379948e+00,1.464784e+00,1.550136e+00,1.616906e+00,2.263480e+00,2.950888e+00,4.236791e+00,4.075822e+00,2.612420e+00,2.030932e+00,1.401614e+00,1.614830e-01,3.574071e-03,3.125000e+02,3.541667e+02,1.614583e+03,3.802083e+03,2.966419e-01,3.915879e+00,3.185142e+06,2.147802e+00,6.377454e+00,-2.735238e-02,4.893526e+00,2.516717e+01,1.207716e+01,1.614337e+00,-4.146924e+00,-4.290213e+01,2.742831e-01,-2.851967e+01,4.838680e+00,-1.016726e+01,2.181666e+01,1.179152e+01,3.987032e+01,2.173704e-02,1.544890e-02,1.174029e-02,1.284158e-03,-5.378840e-02,-1.242558e-01,-1.011827e-02,1.770834e-02,-1.838515e-02,-6.681503e-02,-1.069477e-01,-1.810822e-01,-2.483015e-01,-1.083344e-01,-1.633033e-01,-2.132104e-01,-2.211864e-01,-1.468365e-01,-2.251585e-01,-2.404921e-01,-3.581375e-01,-4.161847e-01,-3.505956e-01,-5.126573e-01,-5.045303e-01,-1.381244e-01,-1.935898e-01,-2.189224e-01,-2.244807e-01,3.838812e-01,5.195034e-01,3.479276e-01,2.222982e-01,1.530145e-01,-1.481683e-01,-2.615762e-03,5.416667e+01,3.958333e+01,3.322917e+02,1.094792e+03,-9.538975e-02,3.076143e-02,6.811181e+05,-8.656213e-01,-9.435152e+00,2.718141e-02,-3.576912e+00,1.050782e+00,-2.280629e+00,-4.379579e-01,-1.605797e+00,-2.180962e+00,-4.657766e+00,-2.911399e+00,1.416406e+00,-1.099441e+00,3.986997e+00,2.864446e+00
fru,4.750000,2.014091e+02,7.516785e-01,6.732661e-02,4.333510e-02,1.908786e-01,6.022316e-01,1.363120e+00,3.352192e-02,2.208333e-01,1.018947e-01,1.835629e-01,2.820413e-01,5.000650e-01,8.302977e-01,6.668039e-01,6.130839e-01,6.672449e-01,6.313624e-01,6.294660e-01,6.577168e-01,5.950527e-01,9.142488e-01,1.216679e+00,1.152668e+00,1.080172e+00,1.175795e+00,1.476088e+00,1.565468e+00,2.115588e+00,2.657992e+00,4.490242e+00,4.483746e+00,2.927115e+00,2.254423e+00,1.572305e+00,1.021828e-01,3.328191e-03,3.854167e+02,4.166667e+02,1625,5.041667e+03,2.473525e-01,3.883988e+00,3631587,1.859921e+00,4.982368e+00,-1.666281e-02,3.384885e+00,2.326962e+01,9.067044e+00,3.178095e+00,-3.435288e+00,-4.372367e+01,-8.487418e+00,-3.429190e+01,6.057482e+00,-1.191633e+01,2.307899e+01,1.444020e+01,-9.384643e-01,-2.924502e-04,-1.484188e-03,1.466434e-02,-6.233512e-02,-1.490439e-02,-8.340375e-02,-3.705845e-03,6.145841e-03,-2.184677e-02,-5.438945e-02,-7.882186e-02,-1.035406e-01,-1.331314e-01,-8.810402e-02,-1.380287e-01,-1.622027e-01,-1.456448e-01,-7.413621e-02,-1.306160e-01,-1.156373e-01,-1.752358e-01,-2.483853e-01,-1.935306e-01,-2.584761e-01,-2.590663e-01,-5.813016e-02,-5.670618e-02,-1.360994e-01,-2.361466e-01,5.434914e-02,1.947877e-01,2.288428e-01,1.180739e-01,1.033254e-01,-3.567296e-02,-1.361761e-04,3.333334e+01,2.812500e+01,1.322917e+02,7.052084e+02,-6.893100e-02,-8.300090e-03,3.866547e+05,-3.490688e-01,-2.457913e+00,6.881058e-03,-1.365434e+00,-1.379099e-01,-1.401280e+00,4.706233e-01,-4.009182e-01,-8.976437e-01,-4.332417e+00,-3.411107e+00,1.983730e-01,-2.141731e+00,5.566654e-01,1.175171e-01
fru,4.760000,2.006351e+02,7.437062e-01,4.358117e-02,3.703388e-02,8.963490e-02,6.256035e-01,1.295816e+00,3.437153e-02,2.125000e-01,7.697771e-02,1.394884e-01,2.228887e-01,4.574852e-01,7.782666e-01,5.920346e-01,4.923208e-01,5.486537e-01,5.466906e-01,6.046206e-01,5.945273e-01,5.622130e-01,8.548496e-01,1.070381e+00,1.050721e+00,9.711218e-01,1.045139e+00,1.474296e+00,1.586979e+00,2.003861e+00,2.392760e+00,4.245306e+00,4.403951e+00,3.064780e+00,2.274498e+00,1.636400e+00,1.315158e-01,3.092522e-03,375,4.062500e+02,2.041667e+03,5.083333e+03,1.824899e-01,3.766959e+00,3.864459e+06,1.817249e+00,4.864030e+00,-2.076525e-02,3.814074e+00,2.581298e+01,7.778770e+00,2.262079e+00,-6.389943e-01,-4.577240e+01,-1.011510e+01,-3.536141e+01,4.473952e+00,-1.914181e+01,2.134620e+01,1.091349e+01,-4.069148e+01,-2.306141e-02,-2.425128e-02,1.146965e-03,-5.582739e-02,5.056852e-03,-5.674982e-02,-1.581305e-03,1.135417e-02,-1.816837e-02,-3.243881e-02,-4.294179e-02,-3.666406e-02,-5.965941e-02,-6.998987e-02,-7.771569e-02,-8.566017e-02,-6.532453e-02,-1.906148e-02,-3.676188e-02,-2.268232e-02,-4.666962e-02,-1.309567e-01,-7.606576e-02,-7.957697e-02,-9.328548e-02,1.125218e-02,5.097008e-03,-8.744232e-02,-1.992441e-01,-2.136430e-01,-1.078503e-01,9.007911e-02,-3.976917e-03,2.385597e-02,-1.353428e-02,5.427060e-04,1.354167e+01,1.552083e+02,4.583333e+02,3.937501e+02,-2.595414e-02,1.529306e-01,3.776705e+05,-2.599593e-01,-8.431667e-01,2.678818e-03,-1.125903e+00,-1.360791e+00,-3.241138e-01,-7.226425e-01,-4.785135e-01,7.227619e-01,-1.367579e+00,-2.445501e+00,-3.782046e-01,-1.461160e+00,-1.881418e+00,-2.456900e+00
fru,4.770000,2.004569e+02,6.868632e-01,1.944671e-02,5.480474e-02,1.235501e-01,6.437430e-01,1.241768e+00,3.413831e-02,2.281250e-01,6.538833e-02,1.302615e-01,2.121964e-01,4.741184e-01,7.675921e-01,5.284720e-01,4.568790e-01,5.215510e-01,5.349555e-01,6.197855e-01,6.154993e-01,5.970487e-01,8.900114e-01,9.894715e-01,1.013697e+00,9.573183e-01,1.009895e+00,1.490676e+00,1.591160e+00,1.911415e+00,2.198904e+00,3.811429e+00,4.061348e+00,3.058727e+00,2.185507e+00,1.592659e+00,1.164449e-01,4.201560e-03,375,4.062500e+02,2.041667e+03,5.458333e+03,1.834595e-01,4.027629e+00,4.168649e+06,1.593937e+00,3.891046e+00,-1.825599e-02,3.239645e+00,2.396932e+01,8.731879e+00,3.863400e+00,1.798789e-02,-4.354807e+01,-1.061935e+01,-3.753290e+01,3.675669e+00,-1.649547e+01,1.722069e+01,5.660024e+00,-6.034534e+01,-2.784367e-02,-1.782344e-02,-1.237041e-02,-4.713920e-02,5.916345e-03,-3.474138e-02,-2.484110e-03,3.208333e-02,-1.088443e-02,-1.352922e-02,-1.708878e-02,-7.834166e-03,-4.111002e-02,-5.556941e-02,-1.535097e-02,-1.818119e-02,-7.432157e-03,7.124692e-03,2.092136e-02,2.074384e-02,6.511074e-03,-6.139397e-02,7.908476e-03,3.762060e-02,2.460734e-02,8.673644e-02,4.743604e-02,-3.574587e-02,-1.124661e-01,-3.114732e-01,-2.781529e-01,-3.857453e-02,-9.458049e-02,-4.351827e-02,-1.691787e-02,1.070181e-03,3.125003e+00,4.125000e+02,5.989584e+02,1.562500e+02,-1.304373e-02,3.727538e-01,3.197123e+05,-3.315670e-01,-7.155698e-01,2.835561e-03,-1.601973e+00,-2.835092e+00,1.171549e+00,-1.895993e+00,-1.526644e+00,4.027747e+00,1.840897e+00,-9.869720e-01,-1.048231e-03,2.201402e-01,-2.079311e+00,-2.086631e+00
fru,4.780000,0,6.538250e-01,0,0,0,6.510145e-01,1.224797e+00,2.987665e-02,2.729167e-01,5.928389e-02,1.275199e-01,2.121642e-01,4.818766e-01,7.302878e-01,4.780368e-01,4.888320e-01,5.448528e-01,5.511618e-01,6.349328e-01,6.775389e-01,6.366017e-01,9.241643e-01,9.595343e-01,1.062941e+00,1.043489e+00,1.081306e+00,1.599102e+00,1.629545e+00,1.928356e+00,2.184212e+00,3.507982e+00,3.747770e+00,2.997009e+00,2.045506e+00,1.510716e+00,8.668051e-02,5.850916e-03,3.854167e+02,1.135417e+03,3.697917e+03,5.562500e+03,1.988177e-01,4.608712e+00,4804964,9.809975e-01,2.707282e+00,-1.316170e-02,-6.633708e-01,1.801336e+01,1.062417e+01,-2.341529e+00,-8.266129e+00,-3.937613e+01,-5.497646e+00,-3.912667e+01,4.138563e+00,-1.518349e+01,1.533872e+01,3.897110e+00,-2.566076e+01,-8.404451e-03,-1.066090e-02,-1.288725e-02,7.668295e-02,-1.408622e-02,-1.996776e-02,-4.020204e-03,4.916667e-02,-5.361936e-03,-6.656264e-03,-9.442610e-03,-2.247012e-02,-6.680006e-02,-4.535491e-02,2.523993e-02,1.575054e-02,2.594117e-02,1.507661e-02,4.012877e-02,2.865345e-02,8.041424e-03,-1.757023e-02,5.855211e-02,1.169524e-01,1.164781e-01,1.599704e-01,9.351411e-02,-8.083344e-03,-4.956029e-02,-2.812251e-01,-3.332098e-01,-1.516982e-01,-1.407407e-01,-8.528684e-02,-3.125215e-02,9.569003e-04,-4.166666e+00,8.166667e+02,8.812500e+02,1.562500e+02,-7.237715e-03,5.715052e-01,4.400298e+05,-4.808185e-01,-8.579035e-01,5.023484e-03,-2.131963e+00,-4.034101e+00,1.266160e+00,-1.465813e+00,-1.064983e-01,7.284915e+00,4.729764e+00,1.106678e+00,1.452932e+00,2.856817e-02,-2.714342e+00,-1.506283e+00
fru,4.790000,0,6.574007e-01,0,0,0,6.191078e-01,1.224923e+00,2.334881e-02,3.510417e-01,5.631941e-02,1.219011e-01,2.019597e-01,4.486985e-01,6.487370e-01,4.459558e-01,5.380735e-01,5.782394e-01,5.919661e-01,6.499333e-01,7.208178e-01,6.615775e-01,9.121468e-01,9.651324e-01,1.186101e+00,1.232091e+00,1.280748e+00,1.847366e+00,1.781365e+00,1.974612e+00,2.199936e+00,3.301538e+00,3.421072e+00,2.768127e+00,1.896017e+00,1.417555e+00,4.001108e-02,7.299898e-03,3.958333e+02,2.114583e+03,3.791667e+03,5.583333e+03,1.739699e-01,5.326881e+00,4759896,6.202123e-01,2.482893e+00,-6.286781e-03,-2.386255e+00,1.299397e+01,1.350209e+01,-4.000069e+00,-7.254940e+00,-2.678308e+01,-1.591660e+00,-3.734412e+01,6.219935e+00,-1.279479e+01,1.568617e+01,7.515230e+00,1.155795e+01,2.107630e-02,-3.889342e-03,-1.096095e-02,1.169268e-01,-3.224369e-02,-2.182584e-02,-3.090283e-03,3.489583e-02,-8.816794e-04,-4.341176e-03,-9.677058e-03,-5.270483e-02,-1.043204e-01,-3.931741e-02,3.818935e-02,2.310908e-02,4.034193e-02,1.537605e-02,3.193197e-02,1.889605e-02,-9.465104e-03,1.155841e-02,6.382833e-02,1.330310e-01,1.459521e-01,1.795019e-01,1.168506e-01,-2.109033e-02,-4.046781e-02,-2.440029e-01,-3.509363e-01,-2.370012e-01,-1.633485e-01,-1.084835e-01,-1.938851e-02,8.631837e-05,-2.708333e+01,7.354166e+02,5.479166e+02,-2.718750e+02,-3.720459e-03,3.362283e-01,1.363443e+05,-1.631218e-01,6.071173e-01,2.869360e-03,-8.449495e-01,-2.186965e+00,1.321845e+00,1.364962e+00,3.784345e+00,8.128549e+00,5.996955e+00,3.885072e+00,1.593268e+00,-2.008607e+00,-2.809069e+00,-2.262311e+00
fru,4.800000,1.725598e+02,7.164152e-01,0,0,5.348247e-01,5.674900e-01,1.204400e+00,1.966525e-02,3.968750e-01,5.470249e-02,1.103872e-01,1.807940e-01,3.578446e-01,5.036939e-01,4.065181e-01,5.779232e-01,5.990622e-01,6.478912e-01,6.649297e-01,7.425119e-01,6.732159e-01,8.839890e-01,9.946993e-01,1.257279e+00,1.418497e+00,1.492103e+00,2.095803e+00,1.959447e+00,1.931846e+00,2.144443e+00,3.094126e+00,3.058040e+00,2.451589e+00,1.715539e+00,1.297518e+00,1.347199e-02,6.327854e-03,3.437500e+02,3.635417e+03,5.572917e+03,5.802083e+03,1.510461e-01,5.974859e+00,5768984,-9.998072e-02,1.278589e+00,-1.632438e-03,-4.032790e+00,1.113015e+01,1.172447e+01,-1.135250e+00,2.464978e+00,-1.773032e+01,9.019872e+00,-2.992240e+01,1.046648e+01,-2.084931e+01,8.541749e+00,2.454472e+00,5.137720e+01,3.565796e-02,1.848779e-02,0,1.001659e-01,-4.153930e-02,-4.435768e-02,4.322704e-04,-9.999996e-03,6.876330e-03,6.516951e-03,1.198465e-03,-6.872030e-02,-1.241570e-01,-3.594179e-02,2.867249e-02,1.782078e-02,3.537440e-02,1.595357e-02,1.972483e-02,1.253875e-02,-1.542671e-02,2.248827e-02,1.293521e-02,6.398109e-02,8.396079e-02,8.474194e-02,5.904070e-02,-8.261653e-02,-8.790903e-02,-2.581262e-01,-3.776711e-01,-2.802588e-01,-1.681598e-01,-1.261362e-01,9.249251e-03,-1.001173e-03,-5.520834e+01,2.010417e+02,-3.218750e+02,-8.395833e+02,9.433061e-04,-1.773046e-01,-4.190713e+05,4.681865e-01,3.089432e+00,-2.175520e-03,1.604594e+00,1.305952e+00,1.125636e+00,5.595945e+00,8.138693e+00,5.810461e+00,4.717022e+00,4.579993e+00,1.068880e+00,-3.155547e+00,-3.915574e+00,-4.171445e+00
fru,4.810000,1.719668e+02,7.609496e-01,0,0,4.407719e-01,5.242868e-01,1.142837e+00,2.379259e-02,3.406250e-01,6.327064e-02,1.171219e-01,1.794962e-01,2.726102e-01,3.592869e-01,3.676443e-01,6.032801e-01,6.099917e-01,6.883004e-01,6.816673e-01,7.426726e-01,6.732219e-01,8.627735e-01,1.029681e+00,1.235669e+00,1.434969e+00,1.534257e+00,2.139835e+00,2.010462e+00,1.804218e+00,2.016449e+00,2.798343e+00,2.651532e+00,2.146431e+00,1.533748e+00,1.156841e+00,5.610667e-02,4.394683e-03,2.604167e+02,2.833333e+03,3.843750e+03,3.979167e+03,1.887430e-01,5.025697e+00,4.368360e+06,1.318817e+00,7.640978e+00,-9.673823e-03,6.996069e-01,1.647611e+01,1.479095e+01,1.008507e+01,1.357416e+01,-1.372823e+01,1.210667e+01,-2.270968e+01,8.478049e+00,-2.370560e+01,6.573825e+00,-4.930213e+00,3.403050e+01,3.125516e-02,2.192613e-02,9.151222e-03,-4.382512e-03,-3.476290e-02,-7.286374e-02,4.526809e-03,-6.187500e-02,1.871357e-02,3.012201e-02,3.057514e-02,-5.204624e-02,-1.089065e-01,-2.738190e-02,1.287398e-02,1.021108e-02,1.056092e-02,1.210732e-02,1.699635e-02,1.598244e-02,-9.860003e-03,1.304888e-02,-6.348316e-02,-5.971638e-02,-4.456365e-02,-9.484838e-02,-7.861189e-02,-1.465683e-01,-1.460146e-01,-2.877826e-01,-3.833717e-01,-2.645335e-01,-1.608111e-01,-1.371490e-01,4.453788e-02,-1.538386e-03,-6.458334e+01,-5.708333e+02,-1.069792e+03,-1.417708e+03,5.269639e-03,-7.207541e-01,-1.042200e+06,1.226010e+00,6.882237e+00,-8.322619e-03,3.908032e+00,4.549611e+00,1.206566e+00,6.785592e+00,7.957083e+00,7.631008e-01,1.402838e+00,2.642684e+00,4.010492e-01,-2.418311e+00,-3.605391e+00,-4.506387e+00
fru,4.820000,1.709026e+02,7.803404e-01,9.243897e-02,0,2.804438e-01,4.907285e-01,1.044051e+00,3.181611e-02,2.281250e-01,9.018993e-02,1.624942e-01,2.293883e-01,2.263193e-01,2.542280e-01,3.374836e-01,5.995911e-01,6.180806e-01,6.798666e-01,6.988336e-01,7.652356e-01,6.934733e-01,8.717174e-01,1.039701e+00,1.102833e+00,1.261955e+00,1.374356e+00,1.876578e+00,1.810200e+00,1.600470e+00,1.836410e+00,2.468949e+00,2.244185e+00,1.906563e+00,1.385842e+00,1.010392e+00,1.248790e-01,2.297657e-03,1.770833e+02,1.781250e+03,2.062500e+03,2.166667e+03,1.961477e-01,3.872781e+00,2.905375e+06,2.972628e+00,1.557540e+01,-2.234578e-02,5.816666e+00,2.280205e+01,1.560792e+01,1.859562e+01,2.201278e+01,-1.685125e+01,1.123830e+01,-2.354394e+01,8.353909e+00,-2.550582e+01,3.170211e-01,-1.073739e+01,3.273972e-01,1.324943e-02,1.243698e-02,1.089906e-02,-1.329193e-01,-2.150535e-02,-8.875899e-02,6.410843e-03,-8.437500e-02,3.183540e-02,6.053492e-02,6.786038e-02,-2.812591e-03,-5.929350e-02,-5.288780e-03,9.462535e-04,6.457263e-03,-1.683140e-02,5.896253e-03,2.188199e-02,3.268445e-02,-6.347239e-03,-1.540409e-02,-1.200386e-01,-1.597939e-01,-1.546369e-01,-2.540995e-01,-2.149804e-01,-1.738250e-01,-1.817645e-01,-2.962481e-01,-3.574452e-01,-2.370275e-01,-1.457755e-01,-1.342181e-01,5.964580e-02,-1.229502e-03,-4.791666e+01,-9.541667e+02,-1.439583e+03,-1.458333e+03,-1.159199e-02,-8.716014e-01,-1.365316e+06,1.807640e+00,1.330548e+01,-1.106014e-02,5.107510e+00,5.184934e+00,1.051646e+00,4.659121e+00,5.137224e+00,-2.345562e+00,-2.627495e+00,-2.360115e-02,5.189266e-02,6.544262e-01,-2.756424e+00,-2.184530e+00
fru,4.830000,1.709811e+02,7.817140e-01,6.341118e-02,4.575611e-02,1.052779e-01,4.836740e-01,9.407780e-01,3.990742e-02,1.260417e-01,1.321435e-01,2.464577e-01,3.305383e-01,2.542300e-01,2.289377e-01,3.435636e-01,5.916095e-01,6.197856e-01,6.287830e-01,6.935180e-01,7.944377e-01,7.313610e-01,8.689826e-01,1.007876e+00,9.459080e-01,1.011780e+00,1.116803e+00,1.482737e+00,1.462929e+00,1.407458e+00,1.623880e+00,2.175214e+00,1.911141e+00,1.717973e+00,1.256810e+00,8.753732e-01,2.069970e-01,1.623065e-03,1.562500e+02,1.875000e+02,1.979167e+02,3.125000e+02,1.777673e-01,2.774150e+00,9.806978e+05,5.213959e+00,2.974568e+01,-3.754321e-02,1.222918e+01,2.990607e+01,1.759320e+01,2.006245e+01,2.275657e+01,-2.340711e+01,4.313318e+00,-2.731994e+01,9.281466e+00,-2.255809e+01,1.771580e+00,-8.420773e+00,2.132282e+00,1.154464e-03,-4.854876e-03,8.464552e-03,-1.001910e-01,-8.790019e-03,-8.324111e-02,5.453547e-03,-7.000001e-02,3.831931e-02,7.869802e-02,8.960212e-02,5.253136e-02,-6.405354e-04,2.451348e-02,3.600562e-03,9.298587e-03,-2.425451e-02,-5.949259e-04,3.118170e-02,6.249424e-02,-5.094570e-03,-4.743667e-02,-1.364538e-01,-1.790528e-01,-1.813492e-01,-3.096023e-01,-2.733682e-01,-1.637824e-01,-1.843571e-01,-2.687932e-01,-3.027933e-01,-2.203715e-01,-1.383081e-01,-1.182551e-01,5.063738e-02,-5.182226e-04,-2.291666e+01,-6.885416e+02,-9.135417e+02,-9.093750e+02,-3.274572e-02,-5.635348e-01,-1.021489e+06,1.784617e+00,1.761739e+01,-9.396329e-03,4.546613e+00,3.023351e+00,-1.277218e-01,1.319138e+00,1.770465e+00,-3.423824e+00,-3.655265e+00,-1.085974e+00,6.638304e-01,2.644921e+00,-2.844148e+00,-2.489388e-01
fru,4.840000,1.746896e+02,7.722802e-01,3.047932e-02,3.161726e-02,3.797524e-02,4.802697e-01,8.616344e-01,4.366206e-02,8.229167e-02,1.794430e-01,3.483939e-01,4.445749e-01,3.529718e-01,2.724010e-01,3.921146e-01,5.884898e-01,6.264516e-01,5.934929e-01,6.884857e-01,8.260393e-01,8.075686e-01,8.491483e-01,9.285815e-01,8.019667e-01,8.311228e-01,9.276454e-01,1.153854e+00,1.158311e+00,1.261101e+00,1.431905e+00,1.924450e+00,1.641009e+00,1.480680e+00,1.125131e+00,7.671612e-01,2.362558e-01,1.566155e-03,1.562500e+02,1.875000e+02,1.979167e+02,3.437500e+02,9.857402e-02,2.742626e+00,6.362376e+05,6.990648e+00,5.675362e+01,-4.299843e-02,1.573998e+01,3.033984e+01,1.558158e+01,1.717166e+01,2.355989e+01,-2.461868e+01,-2.209268e-01,-2.773528e+01,1.032423e+01,-1.815093e+01,-2.839249e+00,-6.722900e+00,4.063963e+00,-4.504621e-04,-2.152354e-02,-4.056197e-04,-4.087047e-02,9.380857e-03,-5.766506e-02,3.831503e-03,-4.104167e-02,3.395035e-02,7.356846e-02,8.273795e-02,9.311189e-02,4.785714e-02,5.679579e-02,2.768363e-02,1.998030e-02,3.777623e-04,5.761206e-03,4.535464e-02,1.044832e-01,9.963036e-03,-5.748842e-02,-1.032941e-01,-1.226900e-01,-1.263821e-01,-2.542775e-01,-2.313718e-01,-1.257457e-01,-1.522712e-01,-2.305824e-01,-2.435172e-01,-2.178063e-01,-1.392092e-01,-9.628159e-02,3.585704e-02,6.941560e-04,-4.166666e+00,-3.187500e+02,-3.593750e+02,-3.593750e+02,-2.990743e-02,-1.903789e-01,-5.886109e+05,1.489960e+00,1.974063e+01,-6.728548e-03,3.762141e+00,-5.690775e-01,-8.828761e-01,-6.009306e-01,-5.120546e-01,-2.830588e+00,-3.256768e+00,-3.587143e-01,5.822352e-01,3.705520e+00,-2.010013e+00,5.518156e-01
fru,4.850000,1.807347e+02,7.707520e-01,6.705438e-03,2.651414e-02,6.105111e-02,4.855661e-01,8.178403e-01,4.513736e-02,6.354167e-02,2.102406e-01,4.176621e-01,5.199135e-01,4.719408e-01,3.469977e-01,4.628962e-01,6.268336e-01,6.522991e-01,6.102147e-01,6.838667e-01,8.681793e-01,9.286454e-01,8.485852e-01,8.480577e-01,7.038335e-01,7.551216e-01,8.508659e-01,9.531856e-01,9.695649e-01,1.154991e+00,1.296916e+00,1.726626e+00,1.439153e+00,1.257515e+00,9.725626e-01,6.871808e-01,2.536052e-01,2.169321e-03,1.562500e+02,1.875000e+02,2.083333e+02,3.437500e+02,7.380123e-02,2.773101e+00,3.954857e+05,8.232890e+00,7.513882e+01,-4.632914e-02,1.847102e+01,2.782397e+01,1.416551e+01,1.739274e+01,2.165293e+01,-2.696363e+01,-4.400473e-01,-2.604388e+01,1.081204e+01,-1.415843e+01,-6.068779e+00,-8.182154e+00,4.624587e+00,3.774053e-03,-1.058492e-02,-9.146240e-03,9.277001e-03,4.782696e-02,-1.634190e-02,4.311367e-03,-1.593750e-02,2.046447e-02,4.768529e-02,5.456793e-02,1.081215e-01,7.930921e-02,9.181108e-02,7.046781e-02,4.690058e-02,5.123282e-02,4.027050e-02,8.410691e-02,1.726758e-01,7.268130e-02,-2.137731e-02,-2.962905e-02,-2.741111e-02,-2.414693e-02,-1.402387e-01,-1.271073e-01,-7.372537e-02,-9.107301e-02,-2.047772e-01,-2.007635e-01,-2.081296e-01,-1.392296e-01,-7.757618e-02,4.684470e-02,4.353714e-03,2.083334e+00,1.250000e+01,3.124999e+01,2.395833e+01,6.893608e-03,1.052685e-01,-1.873040e+05,5.970007e-01,1.131154e+01,-8.866405e-03,3.120192e+00,-4.787533e+00,-8.190619e-01,-1.686357e+00,-1.989437e+00,-2.028791e+00,-3.433259e+00,1.255024e+00,8.521394e-01,2.777485e+00,-8.580962e-01,2.121944e-02
fru,4.860000,1.863456e+02,7.835690e-01,1.317415e-02,7.592889e-03,9.820482e-02,5.366867e-01,8.171949e-01,4.835866e-02,5.416666e-02,2.208932e-01,4.447343e-01,5.483904e-01,5.830233e-01,4.344837e-01,5.617962e-01,7.203972e-01,7.017253e-01,6.910396e-01,7.324653e-01,9.551380e-01,1.117247e+00,9.317313e-01,8.321683e-01,7.073998e-01,7.768345e-01,8.754137e-01,8.699659e-01,9.000230e-01,1.097975e+00,1.238536e+00,1.540331e+00,1.262593e+00,1.047761e+00,8.319200e-01,6.230803e-01,2.808601e-01,5.495309e-03,1.562500e+02,1.875000e+02,2.604167e+02,3.541667e+02,9.859357e-02,2.921411e+00,2.549268e+05,8.912961e+00,9.158195e+01,-5.159555e-02,2.150645e+01,2.099771e+01,1.290738e+01,1.692583e+01,2.000433e+01,-2.922593e+01,-2.668856e+00,-2.597554e+01,1.049980e+01,-1.117805e+01,-5.812866e+00,-8.097625e+00,3.058928e+00,6.789756e-03,1.529782e-03,-6.330495e-04,2.419603e-02,1.164768e-01,4.408602e-02,7.834673e-03,-2.395834e-03,4.479629e-03,1.746406e-02,2.714477e-02,1.099191e-01,1.104337e-01,1.578662e-01,1.452293e-01,9.771147e-02,1.192988e-01,1.154788e-01,1.553880e-01,2.823366e-01,2.017794e-01,7.943295e-02,8.763097e-02,7.868935e-02,1.033518e-01,7.712173e-03,8.998835e-03,5.690455e-03,-1.406314e-02,-1.960512e-01,-1.795653e-01,-1.811296e-01,-1.304524e-01,-6.853921e-02,1.008999e-01,1.411552e-02,1.562500e+01,3.333333e+01,5.937500e+01,9.166667e+01,6.161368e-02,2.236820e-01,-9.925313e+04,-4.070634e-01,-2.459728e+00,-1.935668e-02,3.322263e+00,-8.266174e+00,4.642315e-01,-3.877311e+00,-4.347833e+00,-1.245305e+00,-5.133660e+00,3.520410e+00,9.593257e-01,1.544463e+00,1.560446e+00,-4.784361e-01
fru,4.870000,1.882760e+02,7.949398e-01,1.913919e-02,1.203709e-02,1.215481e-01,6.946003e-01,8.812883e-01,5.911596e-02,6.041666e-02,2.137408e-01,4.367139e-01,5.514702e-01,6.798118e-01,5.444424e-01,7.177781e-01,8.779948e-01,8.166516e-01,8.361738e-01,8.728806e-01,1.150423e+00,1.439900e+00,1.191098e+00,9.491959e-01,8.450462e-01,9.018685e-01,1.022184e+00,9.234872e-01,9.565366e-01,1.120394e+00,1.265199e+00,1.343387e+00,1.096532e+00,8.937843e-01,7.072676e-01,5.595327e-01,4.189184e-01,2.142706e-02,1.666667e+02,250,3.229167e+02,4.270833e+02,2.122256e-01,3.211100e+00,2.348330e+05,7.237806e+00,6.888921e+01,-7.757667e-02,2.494690e+01,1.063947e+01,1.483499e+01,1.175359e+01,1.458716e+01,-3.124745e+01,-1.162901e+01,-2.192469e+01,1.345438e+01,-1.215711e+01,-1.032092e+00,-7.627313e+00,4.333145e-01,6.401414e-03,5.659451e-03,4.068927e-03,2.095941e-02,1.954525e-01,1.318891e-01,1.379961e-02,5.937501e-03,-7.234269e-03,-2.074105e-03,1.443824e-02,1.124065e-01,1.541005e-01,3.026835e-01,2.921831e-01,1.909627e-01,2.069051e-01,2.389616e-01,2.593655e-01,4.371427e-01,3.811845e-01,2.436444e-01,2.450223e-01,1.975028e-01,2.723944e-01,2.006471e-01,1.850320e-01,1.407073e-01,7.218391e-02,-2.009026e-01,-1.754377e-01,-1.543299e-01,-1.127408e-01,-6.563379e-02,2.027292e-01,3.001495e-02,3.854167e+01,6.562500e+01,8.020834e+01,1.739583e+02,1.101634e-01,2.938090e-01,-3.789844e+04,-1.247806e+00,-1.486828e+01,-3.903848e-02,3.527754e+00,-1.061393e+01,1.402382e+00,-7.265818e+00,-6.493653e+00,8.936396e-01,-6.546116e+00,6.870173e+00,1.137561e+00,8.597153e-01,2.760681e+00,-1.869534e+00
fru,4.880000,1.862136e+02,7.941351e-01,3.191136e-02,3.569053e-02,1.287069e-01,9.581367e-01,1.050341e+00,7.584612e-02,7.187500e-02,2.000911e-01,4.261883e-01,5.645204e-01,7.986320e-01,7.258474e-01,1.054005e+00,1.189056e+00,1.032833e+00,1.077007e+00,1.171373e+00,1.461857e+00,1.963624e+00,1.686789e+00,1.275177e+00,1.169515e+00,1.151196e+00,1.358745e+00,1.207264e+00,1.209820e+00,1.306852e+00,1.377448e+00,1.135814e+00,9.144928e-01,7.568979e-01,6.055165e-01,4.882892e-01,6.580985e-01,6.251490e-02,2.291667e+02,3.229167e+02,4.375000e+02,7.604167e+02,3.374302e-01,3.642037e+00,2.202982e+05,5.452873e+00,4.757978e+01,-1.241581e-01,2.911335e+01,-2.398780e+00,1.756800e+01,6.046820e-01,5.353611e+00,-2.870330e+01,-2.029475e+01,-1.219282e+01,1.379969e+01,-1.142928e+01,2.444638e+00,-9.392501e+00,-1.831799e+00,6.344932e-03,1.886022e-03,6.544580e-03,1.776141e-02,2.605132e-01,2.444541e-01,1.871943e-02,9.479168e-03,-1.319239e-02,-1.013747e-02,1.271383e-02,1.075209e-01,1.929531e-01,5.486032e-01,5.627109e-01,3.485583e-01,3.222303e-01,4.014563e-01,3.899916e-01,6.161338e-01,5.608280e-01,4.388657e-01,4.279216e-01,3.319258e-01,4.756126e-01,4.244080e-01,3.908447e-01,3.167242e-01,1.493901e-01,-1.948814e-01,-1.681364e-01,-1.261210e-01,-9.051544e-02,-6.060058e-02,3.041565e-01,7.105752e-02,7.083333e+01,8.645833e+01,9.687500e+01,250,1.297773e-01,3.138297e-01,-5.290422e+03,-1.549877e+00,-1.983909e+01,-6.427418e-02,3.172136e+00,-1.095260e+01,3.383760e-01,-8.853798e+00,-7.098418e+00,3.015447e+00,-4.320855e+00,8.676761e+00,1.805576e+00,8.137444e-01,2.485419e+00,-4.209013e+00
fru,4.890000,1.829673e+02,7.974761e-01,2.563409e-02,3.280995e-02,1.505971e-01,1.252104e+00,1.360713e+00,1.003917e-01,8.437500e-02,1.844703e-01,4.165646e-01,5.840397e-01,9.261690e-01,9.718182e-01,1.730210e+00,1.853420e+00,1.441559e+00,1.451756e+00,1.659221e+00,1.911647e+00,2.691170e+00,2.376979e+00,1.844775e+00,1.697887e+00,1.555455e+00,1.971172e+00,1.787772e+00,1.739827e+00,1.754089e+00,1.588380e+00,9.243715e-01,7.360146e-01,6.312967e-01,5.220602e-01,4.264074e-01,1.078632e+00,1.237343e-01,3.125000e+02,4.479167e+02,5.208333e+02,1.010417e+03,5.051998e-01,3.881833e+00,2.233077e+05,3.723904e+00,2.279851e+01,-2.052403e-01,3.230634e+01,-1.354741e+01,1.884712e+01,-1.077577e+01,-3.489973e+00,-2.275674e+01,-2.435768e+01,1.415632e+00,1.484990e+01,-9.734240e+00,3.605873e+00,-1.688239e+01,-2.614625e+00,1.026353e-02,-3.558416e-05,2.257786e-03,1.490105e-02,2.699266e-01,3.485870e-01,1.902862e-02,9.062502e-03,-1.436006e-02,-1.276490e-02,9.318399e-03,7.892396e-02,1.900999e-01,8.003807e-01,9.156408e-01,5.658055e-01,4.490358e-01,5.635479e-01,5.426724e-01,7.623758e-01,6.559483e-01,5.897003e-01,5.930885e-01,4.735873e-01,6.331384e-01,5.977198e-01,5.651100e-01,4.420197e-01,1.771373e-01,-1.625659e-01,-1.430201e-01,-9.886488e-02,-6.294927e-02,-4.746459e-02,2.668045e-01,1.198390e-01,8.749999e+01,9.479166e+01,1.416667e+02,2.489583e+02,1.456803e-01,2.894110e-01,4.273333e+03,-1.232601e+00,-1.456354e+01,-7.164472e-02,2.293002e+00,-9.586297e+00,-1.940075e+00,-7.367558e+00,-5.554883e+00,4.854632e+00,-1.056591e-01,7.245732e+00,2.209805e+00,1.156196e+00,8.241204e-01,-5.690156e+00
fru,4.900000,1.798410e+02,8.140256e-01,1.935681e-02,2.992936e-02,1.724874e-01,1.560501e+00,1.799753e+00,1.213180e-01,8.958334e-02,1.695665e-01,4.041216e-01,5.956748e-01,9.974492e-01,1.185561e+00,2.798596e+00,3.046239e+00,2.132063e+00,1.994400e+00,2.346576e+00,2.524484e+00,3.572281e+00,3.142930e+00,2.578707e+00,2.420587e+00,2.109670e+00,2.778983e+00,2.559863e+00,2.462601e+00,2.364748e+00,1.823896e+00,7.754313e-01,6.021695e-01,5.483997e-01,4.719465e-01,3.866400e-01,1.471786e+00,3.096293e-01,4.375000e+02,5.208333e+02,6.458333e+02,1.312500e+03,6.009929e-01,4.155193e+00,2.342373e+05,2.920525e+00,1.543182e+01,-3.091346e-01,3.368741e+01,-2.167187e+01,1.259319e+01,-1.607849e+01,-6.449192e+00,-1.839404e+01,-1.790879e+01,5.738108e+00,1.882992e+01,-8.320761e+00,4.295247e+00,-2.451515e+01,-2.207768e+00,1.359454e-02,-1.610650e-03,-9.613143e-04,8.067538e-03,2.423043e-01,3.983137e-01,1.562779e-02,9.375001e-03,-1.332638e-02,-1.734835e-02,-4.638141e-03,2.243433e-02,1.295728e-01,8.854524e-01,1.167686e+00,7.951441e-01,5.420181e-01,6.721362e-01,7.208763e-01,8.340106e-01,6.048287e-01,6.136667e-01,6.866654e-01,5.879368e-01,6.340662e-01,6.334058e-01,6.406135e-01,4.189999e-01,1.278020e-01,-1.057480e-01,-9.518740e-02,-6.345107e-02,-3.305360e-02,-2.840467e-02,1.331588e-01,1.944591e-01,8.333333e+01,8.854166e+01,1.927083e+02,1.864583e+02,1.204235e-01,2.567136e-01,1.296130e+04,-8.841804e-01,-8.938583e+00,-6.799238e-02,1.277804e+00,-7.574229e+00,-3.977299e+00,-4.160381e+00,-2.726470e+00,5.304165e+00,2.772631e+00,3.150029e+00,2.755314e+00,7.434953e-01,4.467974e-01,-5.408655e+00
fru,4.910000,1.783892e+02,8.363122e-01,2.523854e-02,2.620661e-02,1.741631e-01,1.743051e+00,2.249517e+00,1.315232e-01,9.687500e-02,1.572028e-01,3.839228e-01,5.824850e-01,9.750230e-01,1.265085e+00,3.847386e+00,4.527607e+00,3.096064e+00,2.622657e+00,3.103019e+00,3.332472e+00,4.447451e+00,3.742768e+00,3.245933e+00,3.184953e+00,2.790568e+00,3.477758e+00,3.235786e+00,3.155696e+00,2.801544e+00,1.927662e+00,7.107493e-01,5.375931e-01,5.037090e-01,4.593062e-01,3.730344e-01,1.346097e+00,4.970647e-01,500,625,9.270833e+02,1.395833e+03,8.088460e-01,4.401577e+00,2.492301e+05,2.340973e+00,1.214550e+01,-3.433120e-01,3.412488e+01,-2.765547e+01,7.622015e+00,-1.674262e+01,-7.285847e+00,-1.212891e+01,-1.335028e+01,5.338507e+00,2.198829e+01,-7.930389e+00,2.163206e+00,-2.851677e+01,-1.583601e+00,1.075143e-02,-3.381614e-05,1.722304e-04,-9.837897e-03,1.843374e-01,3.624993e-01,1.133721e-02,1.229166e-02,-1.127979e-02,-2.246693e-02,-2.304350e-02,-3.791755e-02,3.980887e-02,6.647067e-01,1.115180e+00,9.397581e-01,5.513824e-01,6.800203e-01,8.963375e-01,8.127842e-01,4.008403e-01,4.944109e-01,6.819103e-01,6.232059e-01,4.297229e-01,5.113068e-01,5.890537e-01,2.226708e-01,7.409358e-03,-4.587770e-02,-4.376144e-02,-3.038732e-02,-9.828741e-03,-1.096365e-02,-9.189814e-02,2.807453e-01,6.770833e+01,9.479167e+01,2.322917e+02,1.145833e+02,6.952305e-02,2.139089e-01,1.428627e+04,-6.175126e-01,-4.026251e+00,-5.034838e-02,9.170879e-01,-5.908714e+00,-4.117585e+00,-1.029051e+00,-5.813113e-01,5.277280e+00,2.628241e+00,-2.582724e-01,1.725036e+00,1.812421e-01,6.489930e-01,-3.763913e+00
fru,4.920000,1.774638e+02,8.426897e-01,2.405588e-02,3.418563e-02,1.572616e-01,1.924184e+00,2.597507e+00,1.384193e-01,1.125000e-01,1.470929e-01,3.557675e-01,5.421070e-01,8.863766e-01,1.227078e+00,4.422679e+00,5.690392e+00,4.181301e+00,3.201648e+00,3.810155e+00,4.355827e+00,5.255537e+00,4.028038e+00,3.642932e+00,3.859310e+00,3.473323e+00,3.775784e+00,3.650286e+00,3.704952e+00,2.878123e+00,1.846817e+00,7.138848e-01,5.377665e-01,5.034364e-01,4.716254e-01,3.729524e-01,1.190160e+00,8.481451e-01,5.520833e+02,6.770833e+02,1.197917e+03,1500,7.877244e-01,4.665733e+00,2.721435e+05,1.723436e+00,8.213375e+00,-3.950841e-01,3.459310e+01,-3.321590e+01,3.294052e+00,-1.721380e+01,-6.380805e+00,-7.496391e+00,-1.193529e+01,1.595883e+00,2.400706e+01,-8.613730e+00,5.399958e+00,-3.061858e+01,-1.292950e+00,1.073718e-03,-3.412525e-03,-3.033631e-03,-2.310416e-02,1.226175e-01,2.509210e-01,9.190452e-03,1.375000e-02,-8.618936e-03,-2.418909e-02,-3.504834e-02,-7.204583e-02,-2.894729e-02,2.107339e-01,7.315758e-01,8.897349e-01,4.436514e-01,5.595436e-01,9.764921e-01,6.926028e-01,1.149205e-01,3.059275e-01,5.946755e-01,5.216289e-01,9.756484e-02,3.029417e-01,4.486724e-01,-3.536928e-02,-1.190079e-01,-1.311735e-02,-1.269279e-02,-1.316173e-02,-4.341057e-03,-1.818180e-04,-2.028695e-01,3.146996e-01,5.104166e+01,8.854167e+01,200,4.062500e+01,-1.654916e-02,1.195011e-01,6.533661e+03,-4.915765e-01,-2.536889e+00,-3.839264e-02,1.177972e+00,-4.545294e+00,-2.617205e+00,6.403378e-01,4.348729e-01,4.267296e+00,4.822220e-01,-2.540820e-01,-3.930435e-02,-3.799653e-01,1.526341e+00,-2.304670e+00
fru,4.930000,1.762379e+02,8.369011e-01,2.311547e-02,3.154296e-02,1.090205e-01,1.991949e+00,2.774332e+00,1.485270e-01,1.343750e-01,1.393081e-01,3.284070e-01,4.956061e-01,7.921175e-01,1.150104e+00,4.241702e+00,6.107245e+00,5.115731e+00,3.605045e+00,4.327533e+00,5.477664e+00,5.913464e+00,3.938627e+00,3.784718e+00,4.388078e+00,3.989658e+00,3.621386e+00,3.799095e+00,4.063920e+00,2.610756e+00,1.613966e+00,7.257563e-01,5.494089e-01,5.018417e-01,4.730770e-01,3.784330e-01,7.599542e-01,1.258203e+00,5.937500e+02,8.437500e+02,1.406250e+03,1.489583e+03,7.594493e-01,4.696107e+00,2.757859e+05,1.234886e+00,6.276482e+00,-4.140074e-01,3.643893e+01,-3.731897e+01,2.908760e+00,-1.535337e+01,-6.430724e+00,-1.819172e+00,-1.420323e+01,2.195382e+00,2.088650e+01,-8.681544e+00,6.298482e+00,-3.265023e+01,-1.484645e+00,-1.097964e-02,-6.227517e-03,-7.018676e-03,-2.750178e-02,5.909640e-02,1.054676e-01,6.163361e-03,1.020833e-02,-5.197018e-03,-1.989214e-02,-3.359551e-02,-7.461638e-02,-5.276563e-02,-2.333065e-01,2.094779e-01,5.976802e-01,2.396910e-01,3.297102e-01,8.409311e-01,4.742552e-01,-1.153454e-01,1.631384e-01,4.647014e-01,2.699878e-01,-2.153377e-01,9.617259e-02,2.540413e-01,-2.164438e-01,-1.854155e-01,-1.268051e-02,-9.506529e-03,-1.270608e-02,-1.495170e-02,4.133302e-03,-1.920884e-01,2.488025e-01,3.645834e+01,6.354168e+01,125,2.395832e+01,-6.831393e-02,4.539986e-02,2.833111e+03,-3.853273e-01,-1.775179e+00,-2.242979e-02,1.465450e+00,-3.060740e+00,-9.936396e-01,1.987170e+00,7.517421e-01,1.923769e+00,-9.136946e-01,2.416272e+00,-1.283123e+00,-7.534601e-01,1.746131e+00,-5.945803e-01
fru,4.940000,1.744519e+02,8.190997e-01,3.355724e-03,1.209303e-02,8.953783e-02,2.049140e+00,2.791950e+00,1.587683e-01,1.395833e-01,1.354191e-01,3.109341e-01,4.638726e-01,7.286728e-01,1.098315e+00,3.655107e+00,5.914299e+00,5.570904e+00,3.721462e+00,4.532037e+00,6.334348e+00,6.302289e+00,3.619604e+00,3.838952e+00,4.792403e+00,4.118270e+00,3.194993e+00,3.792917e+00,4.251852e+00,2.283296e+00,1.385705e+00,7.023411e-01,5.327976e-01,4.835247e-01,4.433558e-01,3.830316e-01,7.505100e-01,1.502558e+00,6.458333e+02,8.541667e+02,1.406250e+03,1.468750e+03,5.429454e-01,4.605433e+00,2.536277e+05,1.015687e+00,5.681887e+00,-4.657501e-01,3.842025e+01,-3.956659e+01,1.863793e+00,-1.357142e+01,-4.702389e+00,-2.212434e+00,-1.507121e+01,6.039261e+00,1.918429e+01,-9.845010e+00,9.859315e+00,-3.397177e+01,-1.737216e+00,-1.993542e-02,-5.002557e-03,-8.730528e-03,-2.152476e-03,-2.768500e-02,-4.115520e-02,-1.052028e-03,2.916665e-03,-7.272929e-04,-1.059844e-02,-2.114120e-02,-6.136309e-02,-4.316507e-02,-4.690807e-01,-2.369426e-01,1.084092e-01,-1.973033e-02,1.098518e-02,3.981238e-01,1.296007e-01,-1.953973e-01,1.174444e-01,2.908565e-01,-7.143950e-02,-4.031852e-01,-6.927629e-02,1.964216e-02,-2.710409e-01,-1.728932e-01,-2.876256e-02,-2.241598e-02,-2.360611e-02,-2.956907e-02,5.237445e-03,-1.080855e-01,3.593478e-02,8.333344e+00,-1.041656e+00,5.625001e+01,3.541666e+01,-5.331533e-02,1.149716e-02,8.798213e+03,-2.115935e-01,-1.012713e+00,1.176150e-02,1.319331e+00,-9.122917e-01,9.458472e-01,2.957836e+00,4.443745e-01,-1.638442e+00,-1.281246e+00,5.689372e+00,-1.359582e+00,-1.035072e+00,1.455949e+00,2.245824e+00
fru,4.950000,1.724719e+02,7.932090e-01,4.451038e-03,2.159524e-03,7.051609e-02,1.976056e+00,2.679633e+00,1.521655e-01,1.343750e-01,1.370546e-01,3.068788e-01,4.536247e-01,6.807930e-01,1.065638e+00,3.064639e+00,5.463043e+00,5.389663e+00,3.561204e+00,4.390628e+00,6.547866e+00,6.295351e+00,3.370258e+00,3.963615e+00,5.041914e+00,3.818033e+00,2.691465e+00,3.645334e+00,4.152452e+00,2.016739e+00,1.231140e+00,6.531186e-01,4.925449e-01,4.501345e-01,3.986826e-01,3.886612e-01,6.054797e-01,1.413871e+00,6.354167e+02,8.541667e+02,1.447917e+03,1.531250e+03,5.896659e-01,4.658726e+00,2.726536e+05,7.682114e-01,4.535348e+00,-4.201280e-01,3.953856e+01,-3.978383e+01,3.368947e+00,-8.627962e+00,-4.366344e+00,-5.152049e+00,-1.635079e+01,1.519818e+01,1.798406e+01,-1.108205e+01,8.664184e+00,-2.981308e+01,-1.658900e+00,-2.694676e-02,-2.066198e-03,-5.848930e-03,2.643036e-02,-1.163924e-01,-1.662705e-01,-1.075189e-02,-4.999998e-03,4.102475e-03,-4.207641e-04,-6.650633e-03,-4.917658e-02,-2.119509e-02,-4.642155e-01,-5.510384e-01,-4.370355e-01,-2.686439e-01,-3.217575e-01,-2.443707e-01,-3.081098e-01,-1.273767e-01,1.275702e-01,6.519160e-02,-3.871293e-01,-4.542932e-01,-1.949730e-01,-2.262906e-01,-2.305745e-01,-1.025013e-01,-3.814497e-02,-2.985103e-02,-3.037371e-02,-3.132993e-02,5.554783e-03,-6.702208e-03,-1.933687e-01,-4.270833e+01,-7.083334e+01,1.770834e+01,75,-1.356779e-02,3.508186e-02,2.883572e+04,-6.458309e-02,-7.178958e-01,4.987032e-02,5.137070e-01,1.644543e+00,2.524608e+00,3.992260e+00,1.820312e-01,-5.186017e+00,-1.616598e+00,6.710154e+00,-1.459178e+00,-8.467337e-01,2.433890e+00,5.143108e+00
fru,4.960000,1.706607e+02,7.648587e-01,8.375314e-03,5.224709e-03,1.657514e-01,1.793706e+00,2.439081e+00,1.313400e-01,1.270833e-01,1.445832e-01,3.135394e-01,4.573917e-01,6.352234e-01,1.053486e+00,2.665807e+00,4.827779e+00,4.586380e+00,3.124916e+00,3.833534e+00,5.811345e+00,5.712596e+00,3.335236e+00,4.140705e+00,4.986674e+00,3.201938e+00,2.224818e+00,3.380785e+00,3.758897e+00,1.819927e+00,1.173764e+00,6.063908e-01,4.541186e-01,4.112595e-01,3.609773e-01,3.940255e-01,7.269695e-01,9.499850e-01,5.729167e+02,6.666667e+02,1.458333e+03,1.656250e+03,6.060395e-01,4.741910e+00,3.177008e+05,8.988051e-01,4.020376e+00,-3.332163e-01,3.963994e+01,-3.654493e+01,7.793195e+00,-5.787325e+00,-5.191122e+00,-1.402216e+01,-1.726773e+01,2.354134e+01,1.866038e+01,-1.258884e+01,1.149685e+01,-2.080804e+01,-3.515368e+01,-3.372229e-02,-8.877995e-05,-2.061310e-03,-4.652622e-03,-2.106647e-01,-2.654266e-01,-1.913736e-02,-8.749998e-03,7.806384e-03,6.622436e-03,3.574267e-03,-4.021218e-02,-8.422291e-03,-3.758384e-01,-7.744554e-01,-8.478755e-01,-4.517296e-01,-5.887144e-01,-8.410710e-01,-7.359858e-01,-6.510012e-02,8.985884e-02,-2.153755e-01,-5.750150e-01,-4.221066e-01,-3.076200e-01,-4.428705e-01,-1.802184e-01,-3.732034e-02,-3.133870e-02,-2.433196e-02,-2.910800e-02,-1.949164e-02,5.247566e-03,-1.315418e-02,-3.328951e-01,-9.062500e+01,-1.083334e+02,-5.416666e+01,7.187502e+01,1.240911e-02,2.991796e-02,3.537717e+04,9.849191e-02,-3.060582e-01,8.275085e-02,-3.084869e-02,4.150752e+00,3.573132e+00,4.653175e+00,9.588079e-02,-6.473720e+00,-1.285344e+00,4.380861e+00,-2.352562e+00,-6.952701e-01,2.461843e+00,6.273834e+00
fru,4.970000,1.698390e+02,7.292879e-01,1.027469e-02,5.732475e-03,2.030655e-01,1.537704e+00,2.119415e+00,1.084818e-01,1.156250e-01,1.552385e-01,3.250005e-01,4.655933e-01,5.929593e-01,1.066544e+00,2.415275e+00,3.895313e+00,3.422815e+00,2.560098e+00,3.067998e+00,4.517312e+00,4.667760e+00,3.443927e+00,4.271692e+00,4.616900e+00,2.512177e+00,1.835008e+00,3.030296e+00,3.178944e+00,1.689568e+00,1.207430e+00,5.830066e-01,4.394932e-01,3.861058e-01,3.576166e-01,4.007100e-01,7.382134e-01,5.676458e-01,4.166667e+02,5.833333e+02,1.468750e+03,1.770833e+03,6.600633e-01,4.803278e+00,3.879280e+05,9.704109e-01,3.517758e+00,-2.309227e-01,3.839762e+01,-3.060708e+01,1.256710e+01,7.158802e-01,-5.276202e+00,-2.184439e+01,-2.118796e+01,2.699511e+01,1.385257e+01,-1.154330e+01,1.764916e+01,-1.351655e+01,-5.156046e+01,-3.579446e-02,-1.727739e-03,-9.543757e-04,-3.067836e-02,-2.728240e-01,-3.316099e-01,-2.332228e-02,-8.020830e-03,8.406584e-03,6.292552e-03,4.933166e-03,-3.276206e-02,-2.384735e-02,-3.388177e-01,-9.155005e-01,-1.005720e+00,-5.387602e-01,-7.176067e-01,-1.138715e+00,-1.004214e+00,-1.443988e-01,-8.797264e-02,-5.038251e-01,-6.084736e-01,-3.662392e-01,-4.105593e-01,-5.738055e-01,-1.590649e-01,-2.007348e-02,-1.422806e-02,-1.314390e-02,-2.042710e-02,-4.699153e-03,1.361355e-03,-6.484647e-02,-3.267717e-01,-1.166667e+02,-1.114583e+02,-9.999998e+01,1.770834e+01,-2.376285e-02,-1.367302e-02,2.788954e+04,1.587649e-01,8.941922e-02,8.759214e-02,-5.264866e-01,5.498487e+00,2.826202e+00,4.833102e+00,1.638957e+00,-4.684998e+00,-2.526098e-01,-3.242069e-01,-2.347391e+00,-3.588699e-01,1.230531e+00,3.837439e+00
fru,4.980000,0,6.824489e-01,0,0,0,1.214992e+00,1.744927e+00,8.492333e-02,1.052083e-01,1.653591e-01,3.349854e-01,4.757596e-01,5.715287e-01,1.055751e+00,2.100598e+00,2.825887e+00,2.314951e+00,1.963367e+00,2.249780e+00,3.144271e+00,3.436155e+00,3.257269e+00,4.134208e+00,3.928032e+00,1.896123e+00,1.512689e+00,2.562336e+00,2.524253e+00,1.545789e+00,1.210958e+00,5.807036e-01,4.376637e-01,3.699990e-01,3.664306e-01,4.032451e-01,6.183723e-01,2.611954e-01,3.020833e+02,4.479167e+02,1125,1.708333e+03,5.697922e-01,4.682746e+00,3.728763e+05,1.407046e+00,4.660391e+00,-1.465985e-01,3.883647e+01,-2.340120e+01,1.513038e+01,5.022537e+00,-3.768057e+00,-2.623486e+01,-1.907935e+01,2.204510e+01,9.487227e+00,-1.309074e+01,1.767604e+01,-1.075086e+01,-5.111604e+01,-3.222226e-02,-2.702531e-03,-1.618189e-03,-5.345684e-02,-2.858813e-01,-3.547629e-01,-2.352021e-02,-3.541666e-03,4.853448e-03,-3.345656e-03,-5.673704e-03,-3.362060e-02,-7.450663e-02,-3.778707e-01,-9.035578e-01,-8.937966e-01,-5.239686e-01,-6.860964e-01,-1.065128e+00,-1.014368e+00,-3.564212e-01,-3.823408e-01,-7.194907e-01,-5.253323e-01,-3.140480e-01,-4.906894e-01,-6.022550e-01,-1.693339e-01,-6.322388e-02,1.489508e-03,-5.220267e-03,-1.071379e-02,-3.134579e-04,-8.864197e-03,-1.571580e-01,-2.257621e-01,-9.583334e+01,-5.729167e+01,-1.062500e+02,-5.729166e+01,-7.040666e-02,-4.666080e-02,4.816994e+03,1.072115e-01,3.585342e-01,7.553270e-02,-6.618889e-01,4.729738e+00,7.286741e-01,3.339011e+00,3.645952e+00,-1.015971e+00,2.397428e+00,-3.384050e+00,3.455124e-02,2.193063e-01,-1.922803e+00,-7.758648e-01
fru,4.990000,0,6.554416e-01,0,0,0,9.012926e-01,1.368661e+00,5.876239e-02,1.052083e-01,1.686995e-01,3.276186e-01,4.691066e-01,5.488300e-01,9.452688e-01,1.653155e+00,1.886487e+00,1.496780e+00,1.448178e+00,1.594471e+00,2.187827e+00,2.412504e+00,2.687248e+00,3.527000e+00,3.052109e+00,1.428573e+00,1.216334e+00,2.001761e+00,1.900747e+00,1.358483e+00,1.112176e+00,5.948219e-01,4.350529e-01,3.686292e-01,3.724601e-01,3.908582e-01,3.355460e-01,1.244069e-01,1.875000e+02,4.062500e+02,1.114583e+03,1.593750e+03,4.889753e-01,4.619942e+00,3.845135e+05,1.307915e+00,4.662437e+00,-7.547621e-02,3.730786e+01,-1.886325e+01,1.383136e+01,1.013262e+01,3.116908e+00,-2.247069e+01,-1.670804e+01,1.432526e+01,1.083368e+01,-1.262545e+01,1.172725e+01,-1.565448e+01,-3.396779e+01,-2.301773e-02,-2.054937e-03,-1.146495e-03,-4.061311e-02,-2.343048e-01,-3.304668e-01,-2.072039e-02,5.520833e-03,-2.346425e-03,-1.979546e-02,-2.702128e-02,-4.779075e-02,-1.372413e-01,-4.199896e-01,-7.272674e-01,-6.282850e-01,-4.371818e-01,-5.481004e-01,-7.771361e-01,-8.146542e-01,-5.484222e-01,-6.662596e-01,-7.968139e-01,-3.845320e-01,-2.549854e-01,-5.024451e-01,-5.344805e-01,-1.828507e-01,-1.243364e-01,1.625345e-02,1.606581e-03,-5.862594e-04,-5.867365e-03,-2.160911e-02,-1.849969e-01,-1.291092e-01,-3.854166e+01,-6.249991e+00,-2.500001e+01,-6.666667e+01,-1.069687e-01,-5.552387e-03,5.893550e+03,4.917184e-02,5.822896e-01,5.461099e-02,-1.681112e+00,2.921623e+00,-1.081931e+00,4.564650e-01,4.063573e+00,2.030715e+00,4.462386e+00,-5.116243e+00,3.381585e+00,1.757771e+00,-3.833324e+00,-3.373200e+00
fru,5.000000,0,6.406705e-01,0,0,0,6.825055e-01,1.040643e+00,3.859857e-02,1.145833e-01,1.621199e-01,2.955021e-01,4.272666e-01,4.891851e-01,7.415898e-01,1.157513e+00,1.314403e+00,1.080415e+00,1.061033e+00,1.139815e+00,1.650447e+00,1.768385e+00,1.931469e+00,2.601347e+00,2.171616e+00,1.117078e+00,9.639156e-01,1.441606e+00,1.386720e+00,1.138800e+00,9.052714e-01,6.079307e-01,4.302374e-01,3.664288e-01,3.519882e-01,3.546304e-01,1.425135e-01,4.279383e-02,2.083333e+02,4.687500e+02,1.104167e+03,1.458333e+03,3.395502e-01,4.600274e+00,3.434930e+05,1.266111e+00,5.240708e+00,-3.327608e-02,3.687538e+01,-1.876815e+01,1.080443e+01,6.199361e+00,8.842082e+00,-1.878887e+01,-7.520555e+00,1.295602e+01,2.034258e+01,-1.095123e+01,4.843796e+00,-2.361840e+01,0,-1.618032e-02,0,0,0,-1.228729e-01,-2.540532e-01,-1.471508e-02,2.104167e-02,-1.181402e-02,-3.651961e-02,-5.085715e-02,-6.910198e-02,-1.683396e-01,-3.810465e-01,-4.743890e-01,-3.552334e-01,-3.130864e-01,-3.682898e-01,-4.664547e-01,-5.381567e-01,-5.677546e-01,-7.706830e-01,-7.009851e-01,-2.215290e-01,-1.617437e-01,-3.944967e-01,-3.791768e-01,-1.444709e-01,-1.223384e-01,5.317104e-02,3.177052e-02,2.437786e-02,2.375984e-03,-2.061148e-02,-1.444055e-01,-5.453817e-02,3.750000e+01,1.593750e+02,1.947917e+02,1.552083e+02,-1.021188e-01,1.682491e-01,1.551427e+05,-5.190364e-02,3.515832e-01,3.305400e-02,-4.535905e+00,1.701617e+00,-1.714475e+00,-3.403424e+00,1.495508e+00,2.325450e+00,4.423291e+00,-4.649181e+00,4.647088e+00,2.228360e+00,-3.664222e+00,-2.713476e+00
fru,5.010000,0,6.350884e-01,0,0,0,6.324233e-01,8.192222e-01,2.804222e-02,1.385417e-01,1.451260e-01,2.457649e-01,3.547334e-01,3.951774e-01,5.374176e-01,7.868693e-01,1.014717e+00,8.986583e-01,8.253567e-01,8.824785e-01,1.378543e+00,1.428374e+00,1.364716e+00,1.706824e+00,1.511038e+00,9.790396e-01,8.344670e-01,1.078436e+00,1.075308e+00,9.788091e-01,7.385913e-01,6.506603e-01,4.512392e-01,3.849596e-01,3.355010e-01,3.169718e-01,5.115815e-02,3.130074e-02,2.708333e+02,5.416667e+02,1.354167e+03,1.562500e+03,2.403409e-01,4.816753e+00,4.320874e+05,1.286738e+00,6.139048e+00,-1.452903e-02,3.097260e+01,-1.831549e+01,9.320416e+00,2.409793e+00,8.736592e+00,-1.541381e+01,-4.655424e+00,5.958437e+00,2.533282e+01,-3.824195e+00,4.898666e+00,-2.394878e+01,0,-1.622830e-02,0,0,0,-7.760298e-03,-1.354361e-01,-7.597522e-03,4.104167e-02,-1.994335e-02,-4.476328e-02,-6.325219e-02,-7.927129e-02,-1.470362e-01,-2.664297e-01,-2.523862e-01,-1.585895e-01,-1.923201e-01,-2.138866e-01,-2.688413e-01,-3.198527e-01,-4.348620e-01,-6.434442e-01,-4.826729e-01,-5.525072e-02,-1.207346e-02,-1.458310e-01,-1.443908e-01,-1.818080e-02,-8.331275e-03,1.599169e-01,1.278953e-01,8.926763e-02,5.628001e-02,1.691231e-02,-7.160932e-02,-1.620368e-02,1.822917e+02,3.937500e+02,4.041667e+02,525,-7.268476e-02,3.500402e-01,3.649258e+05,-1.119481e-01,8.927250e-02,1.542316e-02,-7.981275e+00,2.475572e+00,-5.140917e-01,-6.122670e+00,-1.969625e+00,2.152624e+00,3.766961e+00,-4.203649e+00,3.824114e+00,7.319669e-01,-2.764726e+00,-8.159447e-03
fru,5.020000,0,6.117239e-01,0,0,0,7.350625e-01,7.493799e-01,2.670801e-02,1.937500e-01,1.180758e-01,1.933142e-01,2.786604e-01,3.028452e-01,4.179786e-01,6.285084e-01,8.898271e-01,8.378444e-01,7.093461e-01,7.643278e-01,1.216640e+00,1.237437e+00,1.079761e+00,1.190881e+00,1.193642e+00,1.013245e+00,8.949034e-01,1.051515e+00,1.041089e+00,1.013272e+00,7.860585e-01,8.186396e-01,5.884231e-01,4.837232e-01,3.967901e-01,3.371309e-01,3.853875e-02,3.505760e-02,4.479167e+02,1.177083e+03,1.979167e+03,2500,1.835155e-01,5.425587e+00,1.124803e+06,1.158117e+00,5.680002e+00,-1.180211e-02,1.932457e+01,-1.516700e+01,8.813476e+00,-8.133170e+00,8.996432e-01,-1.813605e+01,-2.989199e+00,2.982607e+00,2.547310e+01,-6.349562e+00,2.769220e+00,-2.017108e+01,0,-1.529970e-02,0,0,0,6.294414e-02,5.816990e-03,-2.497868e-03,5.885417e-02,-2.404018e-02,-4.215057e-02,-5.800299e-02,-6.969344e-02,-9.718020e-02,-1.444896e-01,-1.215325e-01,-6.222384e-02,-1.039164e-01,-1.108026e-01,-1.767844e-01,-2.015724e-01,-2.591073e-01,-3.840984e-01,-2.389905e-01,9.291801e-02,1.690842e-01,2.231014e-01,1.527579e-01,1.835508e-01,2.099765e-01,3.765933e-01,3.325185e-01,2.190729e-01,1.820482e-01,1.042057e-01,-2.836657e-02,4.417126e-03,3.312500e+02,6.312500e+02,6.281250e+02,9.052083e+02,-3.077144e-02,4.786859e-01,5.709819e+05,-2.828726e-01,-6.772112e-01,6.092749e-03,-1.051699e+01,3.774477e+00,9.586865e-01,-5.924052e+00,-2.746269e+00,2.273788e+00,2.353948e+00,-3.963862e+00,2.151431e+00,-2.581374e+00,-2.536542e+00,1.380118e+00
fru,5.030000,0,5.887734e-01,0,0,0,8.362126e-01,8.371119e-01,2.672006e-02,2.708333e-01,9.100485e-02,1.548962e-01,2.271487e-01,2.456436e-01,3.718935e-01,5.855093e-01,8.368440e-01,8.251176e-01,6.624210e-01,7.127819e-01,1.060525e+00,1.078714e+00,9.387917e-01,1.015012e+00,1.127732e+00,1.204236e+00,1.190473e+00,1.467651e+00,1.351609e+00,1.330343e+00,1.130126e+00,1.289052e+00,9.954367e-01,7.563202e-01,6.314592e-01,4.841695e-01,2.948675e-02,4.725662e-02,9.791667e+02,2.020833e+03,2.697917e+03,3.697917e+03,2.035688e-01,5.957487e+00,1.818487e+06,8.021715e-01,4.889153e+00,-9.097378e-03,6.176885e+00,-8.285972e+00,1.225638e+01,-1.331447e+01,-2.760000e+00,-1.203398e+01,-1.389125e-01,-1.706273e+00,2.738899e+01,-1.126645e+01,-1.059098e+00,-1.741893e+01,0,-1.117805e-02,0,0,0,6.689082e-02,1.296918e-01,-1.976196e-04,6.197916e-02,-2.212763e-02,-3.128938e-02,-4.021047e-02,-4.849020e-02,-5.812997e-02,-7.507180e-02,-6.579827e-02,-3.262251e-02,-6.017180e-02,-6.082502e-02,-1.380004e-01,-1.512582e-01,-1.410345e-01,-1.459381e-01,-6.479116e-02,1.951159e-01,3.220189e-01,5.875644e-01,4.332701e-01,3.828868e-01,4.322749e-01,6.396099e-01,5.941716e-01,3.743115e-01,3.389003e-01,2.076230e-01,-1.120048e-02,8.449025e-03,4.729167e+02,6.833334e+02,6.156250e+02,9.541666e+02,-8.439901e-03,4.262265e-01,5.152173e+05,-3.650904e-01,-9.864274e-01,2.615971e-03,-9.652666e+00,3.804402e+00,2.562361e+00,-3.067065e+00,-4.649405e-01,3.299230e+00,1.993346e+00,-3.760512e+00,1.530130e+00,-3.766190e+00,-2.997949e+00,3.346733e-01
fru,5.040000,0,5.873294e-01,0,0,0,8.953316e-01,1.060783e+00,2.677031e-02,3.427083e-01,6.897955e-02,1.301836e-01,2.010440e-01,2.154848e-01,3.384508e-01,5.357451e-01,7.956774e-01,8.060658e-01,6.229194e-01,6.706502e-01,9.255342e-01,9.353529e-01,8.488951e-01,1.026761e+00,1.168317e+00,1.469070e+00,1.631334e+00,2.362505e+00,2.012359e+00,1.880787e+00,1.759386e+00,2.171701e+00,1.820731e+00,1.276113e+00,1.114250e+00,7.920603e-01,1.151630e-02,5.690151e-02,1.510417e+03,2.885417e+03,3.572917e+03,4.916667e+03,2.040790e-01,6.423336e+00,2.505203e+06,9.403068e-02,2.479599e+00,-5.528163e-03,-3.311706e+00,-4.910526e+00,1.412988e+01,-1.555877e+01,8.590353e-01,-9.109843e+00,1.990928e+00,-3.030939e+00,3.007165e+01,-2.013697e+01,-4.860031e+00,-1.998274e+01,0,-4.320091e-03,0,0,0,2.805102e-02,1.893054e-01,-1.620363e-04,4.802083e-02,-1.530569e-02,-1.763210e-02,-2.060981e-02,-2.865122e-02,-4.661802e-02,-6.422542e-02,-6.380929e-02,-4.527350e-02,-4.920952e-02,-4.232124e-02,-1.062626e-01,-1.194446e-01,-8.497625e-02,-3.030248e-02,9.734631e-04,2.294184e-01,3.881984e-01,7.788168e-01,5.671887e-01,4.656738e-01,5.397663e-01,7.824685e-01,7.477332e-01,4.588836e-01,4.350452e-01,2.624164e-01,-8.237490e-03,6.177568e-03,5.104167e+02,4.916667e+02,4.208333e+02,6.677083e+02,-1.241754e-03,2.380269e-01,2.577315e+05,-3.178128e-01,-7.175469e-01,2.035644e-03,-6.524836e+00,2.641694e+00,3.279479e+00,7.091228e-01,2.635396e+00,4.037952e+00,5.173949e-01,-4.270105e+00,1.187327e+00,-1.860040e+00,-3.268446e+00,-8.210613e-01
fru,5.050000,0,5.913954e-01,0,0,0,8.867429e-01,1.311980e+00,2.702297e-02,3.739583e-01,5.903593e-02,1.208833e-01,1.924893e-01,1.964066e-01,2.865317e-01,4.578920e-01,7.328010e-01,7.514351e-01,5.677111e-01,6.251922e-01,8.340936e-01,8.231252e-01,7.749767e-01,1.059193e+00,1.199745e+00,1.726707e+00,2.076346e+00,3.360763e+00,2.756023e+00,2.459486e+00,2.413302e+00,3.172179e+00,2.805943e+00,1.860322e+00,1.671273e+00,1.127622e+00,8.666994e-03,6.262391e-02,2.104167e+03,3.104167e+03,3.635417e+03,5125,1.878596e-01,6.449011e+00,2.317974e+06,-6.670842e-03,2.807112e+00,-4.586145e-03,-5.972590e+00,-4.421721e+00,1.947402e+01,-9.212735e+00,6.432194e+00,-3.430762e+00,2.821241e+00,-9.837349e+00,3.068420e+01,-1.576144e+01,-6.276453e+00,-2.236959e+01,0,-3.246945e-03,0,0,0,-1.383092e-02,1.627173e-01,-5.857878e-04,2.708333e-02,-7.140984e-03,-5.742254e-03,-6.309074e-03,-1.684663e-02,-4.952989e-02,-7.003410e-02,-8.171190e-02,-7.133846e-02,-5.021632e-02,-3.573861e-02,-7.132079e-02,-8.669084e-02,-5.290808e-02,-2.156732e-02,-1.057179e-02,1.895469e-01,3.449980e-01,6.874773e-01,4.763709e-01,3.844340e-01,4.784285e-01,6.587971e-01,6.406884e-01,3.905023e-01,3.940329e-01,2.230383e-01,-4.398319e-03,1.087823e-03,3.468750e+02,2.333333e+02,1.583333e+02,2.479167e+02,-8.544950e-03,4.594798e-02,4.204348e+04,-1.848781e-01,-2.755419e-01,1.219589e-03,-3.096794e+00,1.480694e+00,3.484332e+00,2.320973e+00,3.536324e+00,4.137603e+00,-2.821622e-01,-2.716090e+00,3.959131e-01,4.221354e-02,-3.430619e+00,-1.611211e+00
fru,5.060000,0,5.888125e-01,0,0,0,8.500525e-01,1.458473e+00,2.574637e-02,3.822917e-01,5.753183e-02,1.221601e-01,1.929411e-01,1.842076e-01,2.275695e-01,3.711899e-01,6.228021e-01,6.483182e-01,5.106534e-01,5.965164e-01,7.985422e-01,7.680082e-01,7.367876e-01,1.017278e+00,1.162503e+00,1.899102e+00,2.392959e+00,3.999044e+00,3.174825e+00,2.777070e+00,2.843302e+00,3.789418e+00,3.421836e+00,2.226140e+00,2.052109e+00,1.327487e+00,7.761177e-03,5.826180e-02,2.437500e+03,3.093750e+03,3.614583e+03,5125,1.851613e-01,6.369959e+00,2.163717e+06,-2.652636e-02,3.133287e+00,-3.879511e-03,-7.224871e+00,-3.890653e+00,2.160205e+01,-6.638422e+00,9.480529e+00,-2.247895e+00,-1.882301e+00,-1.430238e+01,2.976213e+01,-1.340227e+01,-1.096433e+01,-2.180106e+01,0,-8.366006e-03,0,0,0,-4.529343e-02,6.953237e-02,-1.177996e-03,9.166658e-03,4.842766e-05,3.444405e-03,2.417086e-03,-1.055362e-02,-4.745742e-02,-6.135661e-02,-9.136908e-02,-8.363070e-02,-4.666441e-02,-3.294111e-02,-5.221863e-02,-6.265586e-02,-3.193820e-02,-6.248773e-02,-5.399861e-02,8.695549e-02,2.121059e-01,3.643556e-01,2.236485e-01,1.992811e-01,2.835271e-01,2.901332e-01,2.787112e-01,1.778373e-01,2.202659e-01,1.023813e-01,-3.198336e-04,-3.651775e-03,2.020833e+02,5.833330e+01,-3.541668e+01,-9.791665e+01,-1.287800e-02,-1.108191e-01,-7.496375e+04,-9.733443e-02,1.841039e-01,5.155716e-04,-6.777521e-01,1.638747e+00,3.420800e+00,1.072374e+00,2.810940e+00,4.122287e+00,-3.198364e-01,9.061343e-01,1.648008e-01,-1.209634e-01,-2.435160e+00,-1.256382e+00
fru,5.070000,0,5.717972e-01,0,0,0,7.896976e-01,1.451853e+00,2.430309e-02,3.864583e-01,6.102379e-02,1.301966e-01,1.996548e-01,1.770490e-01,1.796848e-01,3.176164e-01,5.147220e-01,5.472991e-01,4.674724e-01,5.711557e-01,7.674170e-01,7.289326e-01,7.303050e-01,9.119168e-01,1.077780e+00,1.936955e+00,2.534650e+00,4.086769e+00,3.152230e+00,2.804372e+00,2.980310e+00,3.774179e+00,3.398326e+00,2.233818e+00,2.132694e+00,1.331648e+00,9.372720e-03,5.201559e-02,2250,3.083333e+03,3.468750e+03,4.833333e+03,1.703029e-01,6.213915e+00,2.199448e+06,-6.194057e-02,3.184599e+00,-3.823756e-03,-7.350502e+00,-1.392439e+00,2.594196e+01,-6.169775e+00,1.061087e+01,5.223063e+00,3.868910e-01,-9.651005e+00,2.952331e+01,-1.442273e+01,-1.516004e+01,-2.456583e+01,0,-1.181199e-02,0,0,0,-6.430326e-02,-3.653849e-02,-1.925937e-03,-4.166633e-04,4.183552e-03,7.765529e-03,5.503918e-03,-7.055582e-03,-3.492955e-02,-3.881184e-02,-7.764282e-02,-7.133718e-02,-3.782289e-02,-3.416739e-02,-5.496317e-02,-5.406470e-02,-2.122728e-02,-9.034061e-02,-9.211602e-02,-5.701656e-02,2.696636e-02,-3.841352e-03,-2.179751e-02,1.545458e-02,5.585961e-02,-1.333607e-01,-1.396828e-01,-6.524638e-02,5.112207e-03,-3.542259e-02,8.752542e-05,-7.488027e-03,-7.291675e+00,3.020830e+01,-5.104165e+01,-2.531250e+02,-1.523635e-02,-1.423930e-01,-3.750795e+04,-1.224466e-01,5.372679e-02,4.283808e-04,6.359941e-01,1.346350e+00,2.376893e+00,-1.098736e+00,1.886153e+00,2.238163e+00,-7.888367e-01,5.039013e+00,1.027539e+00,-2.229383e+00,1.864411e-01,-2.587574e-01
fru,5.080000,0,5.552985e-01,0,0,0,7.173871e-01,1.338508e+00,2.224027e-02,3.822916e-01,6.822776e-02,1.427490e-01,2.095467e-01,1.723955e-01,1.545872e-01,2.990998e-01,4.478714e-01,4.899803e-01,4.397167e-01,5.329629e-01,6.977794e-01,6.691698e-01,7.115399e-01,7.879603e-01,9.593067e-01,1.798723e+00,2.462711e+00,3.821280e+00,2.932498e+00,2.704749e+00,2.893517e+00,3.321368e+00,2.918096e+00,1.978552e+00,1.984869e+00,1.201954e+00,9.564272e-03,4.394680e-02,2.447917e+03,3.187500e+03,3.479167e+03,4.572917e+03,1.484674e-01,5.986788e+00,2.189647e+06,-3.650066e-01,3.211375e+00,-3.331499e-03,-6.011510e+00,1.768567e+00,2.799991e+01,-1.171838e+01,1.282440e+01,7.174677e+00,1.608921e+00,1.406560e+00,3.147609e+01,-2.141114e+01,-1.259403e+01,-2.516653e+01,0,-1.200330e-01,0,0,0,-7.575091e-02,-1.120228e-01,-2.579459e-03,-4.999995e-03,5.164959e-03,5.976514e-03,2.329201e-03,-4.790999e-03,-1.613413e-02,-1.276591e-02,-4.731164e-02,-4.355590e-02,-2.838260e-02,-3.509726e-02,-6.588130e-02,-5.530703e-02,-2.098011e-02,-8.304770e-02,-1.126200e-01,-1.972673e-01,-1.627721e-01,-2.802894e-01,-1.547794e-01,-9.724524e-02,-1.381315e-01,-4.170388e-01,-4.134278e-01,-2.339969e-01,-1.666220e-01,-1.386186e-01,-7.797877e-04,-9.163560e-03,-9.375000e+01,3.958335e+01,-1.874998e+01,-2.531250e+02,-1.687932e-02,-8.029819e-02,-2.943478e+04,-1.168346e-01,-5.542672e-02,5.476814e-04,1.529481e+00,3.615264e-01,2.868883e-01,-2.777033e+00,1.903688e+00,-9.562710e-01,-2.363816e+00,5.616954e+00,2.108899e+00,-2.310258e+00,3.886859e+00,1.927479e+00
fru,5.090000,0,5.490924e-01,0,0,0,6.315593e-01,1.189270e+00,1.914633e-02,3.718750e-01,7.460573e-02,1.494165e-01,2.117061e-01,1.670347e-01,1.483750e-01,2.998778e-01,4.320522e-01,4.739182e-01,4.140650e-01,4.861320e-01,6.096591e-01,6.022209e-01,6.814642e-01,7.221491e-01,8.407630e-01,1.491813e+00,2.176302e+00,3.430438e+00,2.768199e+00,2.572919e+00,2.667492e+00,2.739401e+00,2.359400e+00,1.657885e+00,1.730454e+00,1.013276e+00,8.203073e-03,3.234127e-02,2.062500e+03,3.208333e+03,3.447917e+03,4.135417e+03,1.300248e-01,5.928631e+00,2.117469e+06,-4.496638e-01,3.036702e+00,-2.718247e-03,-3.399300e+00,-5.195813e-01,2.815955e+01,-1.216644e+01,1.419102e+01,3.048769e+00,-2.868553e+00,7.503246e+00,3.496491e+01,-2.290392e+01,-4.529397e+00,-2.198064e+01,0,-2.811065e-02,0,0,0,-7.638305e-02,-1.443172e-01,-3.098784e-03,-1.010416e-02,3.315941e-03,-8.078337e-04,-5.212785e-03,-2.058476e-03,3.307320e-03,5.010352e-03,-2.093778e-02,-1.858234e-02,-1.910161e-02,-2.295155e-02,-6.009013e-02,-4.477865e-02,-1.910295e-02,-5.374578e-02,-1.161693e-01,-2.822108e-01,-3.044136e-01,-4.339024e-01,-2.028316e-01,-1.621355e-01,-2.705359e-01,-5.018817e-01,-4.821946e-01,-2.922555e-01,-2.594490e-01,-1.885292e-01,-1.714237e-03,-1.022872e-02,-2.635417e+02,-6.874998e+01,1.979168e+01,-1.718750e+02,-1.656245e-02,2.381458e-02,2.199269e+04,-5.448612e-03,-1.854922e-01,6.802989e-04,2.137328e+00,-1.118339e+00,-2.156411e+00,-2.640817e+00,2.455085e+00,-3.647698e+00,-3.520535e+00,2.742773e+00,2.159258e+00,-1.126447e+00,5.166642e+00,3.097828e+00
fru,5.100000,0,0,0,0,0,5.503671e-01,1.029651e+00,1.542745e-02,3.645833e-01,7.656566e-02,1.424328e-01,1.985614e-01,1.652597e-01,1.625537e-01,3.162296e-01,4.275788e-01,4.672291e-01,3.954441e-01,4.635420e-01,5.480146e-01,5.548289e-01,6.563075e-01,6.969230e-01,7.179111e-01,1.135336e+00,1.758272e+00,2.925762e+00,2.592943e+00,2.406570e+00,2.309054e+00,2.221613e+00,1.874160e+00,1.344122e+00,1.420119e+00,7.935801e-01,4.447061e-03,2.228115e-02,2.062500e+03,3.229167e+03,3.531250e+03,4.208333e+03,1.209038e-01,6.111110e+00,2.057532e+06,-4.168378e-01,2.930102e+00,-1.693859e-03,-1.553065e+00,-2.519449e+00,2.192770e+01,-1.752526e+01,1.720889e+01,-5.942103e+00,-1.207366e+01,5.205266e+00,3.758583e+01,-2.071297e+01,3.154639e+00,-1.345626e+01,3.296420e+01,5.175715e-02,0,0,1.464789e-01,-7.008300e-02,-1.446593e-01,-2.544751e-03,-2.145833e-02,2.723657e-04,-8.340823e-03,-1.053307e-02,3.236941e-03,1.969286e-02,1.296078e-02,-1.070194e-02,-3.970531e-03,-4.044569e-03,4.546943e-03,-3.307667e-02,-1.918515e-02,-7.912916e-03,-2.910585e-02,-1.043512e-01,-2.824878e-01,-3.570983e-01,-5.045985e-01,-2.550120e-01,-2.188618e-01,-3.388374e-01,-4.520478e-01,-4.162519e-01,-2.728327e-01,-2.826034e-01,-1.899960e-01,-1.440738e-03,-9.582991e-03,-4.604167e+02,-3.406250e+02,-1.114584e+02,-1.125000e+02,-1.603132e-02,6.008988e-02,5.295060e+04,2.547306e-01,-3.723340e-02,5.550627e-04,2.801325e+00,-1.277122e+00,-3.510257e+00,-1.157146e+00,2.594428e+00,-3.810072e+00,-3.006427e+00,-1.407248e+00,-3.543640e-01,2.775661e-01,3.773571e+00,3.470264e+00
fru,5.110000,0,7.088932e-01,0,0,0,4.912923e-01,8.846962e-01,1.221558e-02,3.447917e-01,7.343455e-02,1.263155e-01,1.790835e-01,1.703245e-01,1.922381e-01,3.341032e-01,4.201795e-01,4.657630e-01,3.941007e-01,4.911084e-01,5.418487e-01,5.622098e-01,6.624065e-01,6.887066e-01,6.176310e-01,8.575945e-01,1.364801e+00,2.365016e+00,2.307850e+00,2.142784e+00,1.919863e+00,1.814648e+00,1.509321e+00,1.089755e+00,1.117824e+00,5.931891e-01,3.360139e-03,1.170481e-02,1125,2.718750e+03,3.541667e+03,4.156250e+03,1.012724e-01,6.270827e+00,2.375469e+06,-6.326804e-02,2.397774e+00,-1.241082e-03,1.106915e+00,-4.840127e+00,1.819601e+01,-1.647042e+01,2.069405e+01,-6.457037e+00,-1.037449e+01,2.163506e+00,3.726474e+01,-2.040405e+01,2.798831e+00,-1.493182e+01,4.929861e+01,1.195375e-01,4.829302e-02,0,2.375587e-01,-4.481833e-02,-1.262337e-01,2.896205e-04,-4.260417e-02,-5.510599e-05,-7.851615e-03,-2.210844e-03,1.703763e-02,3.784459e-02,1.843084e-02,-8.616487e-03,1.086131e-02,3.093187e-02,4.440997e-02,-4.751551e-03,4.831993e-03,2.894706e-03,-2.566982e-02,-8.102192e-02,-2.146494e-01,-3.229556e-01,-5.141764e-01,-3.286538e-01,-2.693373e-01,-3.413301e-01,-3.618698e-01,-3.193734e-01,-2.269572e-01,-2.620857e-01,-1.577522e-01,1.173317e-02,-6.735121e-03,-5.156250e+02,-6.354166e+02,-3.989583e+02,-3.333333e+02,5.290554e-03,-1.368442e-01,-9.339559e+04,8.293565e-01,5.317756e+00,-1.972474e-03,4.744135e+00,4.648361e-01,-2.903318e+00,-3.237393e-01,1.798097e+00,-1.727990e+00,-9.138169e-01,-3.822691e+00,-5.313774e+00,2.761517e-01,1.782310e+00,3.540231e+00
fru,5.120000,1.648210e+02,7.341838e-01,0,0,7.323944e-01,4.371057e-01,7.674987e-01,1.298190e-02,2.885417e-01,7.017518e-02,1.125953e-01,1.731927e-01,1.869352e-01,2.311200e-01,3.467910e-01,4.002981e-01,4.742053e-01,4.294760e-01,5.532094e-01,5.663012e-01,5.932496e-01,6.815042e-01,6.591523e-01,5.491168e-01,7.033933e-01,1.082970e+00,1.830999e+00,1.887613e+00,1.825508e+00,1.573145e+00,1.523505e+00,1.261875e+00,8.984528e-01,8.781669e-01,4.620172e-01,4.782051e-03,6.350072e-03,6.145833e+02,1.729167e+03,2875,4000,8.268700e-02,6.116140e+00,2.325400e+06,7.154487e-01,3.344672e+00,-1.294768e-03,5.742008e+00,-2.456772e+00,1.543040e+01,-1.535212e+01,2.254502e+01,-7.122780e+00,-9.670245e+00,-2.959810e+00,2.855436e+01,-2.127324e+01,2.609710e+00,-1.133962e+01,4.885316e+01,1.647113e-01,7.243953e-02,0,2.821596e-01,-6.973880e-03,-9.407555e-02,5.226232e-03,-6.520834e-02,5.751230e-03,7.167597e-03,2.817230e-02,5.134245e-02,7.021613e-02,3.702968e-02,3.931940e-04,3.375399e-02,1.043407e-01,9.647173e-02,1.027829e-02,1.172624e-02,3.498656e-03,-3.070263e-02,-4.811454e-02,-1.273043e-01,-2.377994e-01,-4.628690e-01,-3.746251e-01,-2.965638e-01,-2.861567e-01,-2.906684e-01,-2.444638e-01,-1.808933e-01,-2.186060e-01,-1.073395e-01,4.025743e-02,-2.615597e-03,-4.666667e+02,-7.791667e+02,-7.302083e+02,-7.062500e+02,3.127371e-02,-4.379131e-01,-3.770038e+05,1.377963e+00,1.189666e+01,-7.488415e-03,7.301511e+00,2.343362e+00,-1.572423e+00,-4.405651e-02,-2.447403e-01,4.500683e-01,-2.565172e-01,-5.136274e+00,-1.003476e+01,1.394309e+00,2.088626e+00,4.738651e+00
fru,5.130000,1.640826e+02,7.796879e-01,2.414651e-01,0,8.215963e-01,4.640984e-01,6.891775e-01,2.181721e-02,1.968750e-01,7.752544e-02,1.250772e-01,2.133363e-01,2.413851e-01,3.033148e-01,3.767513e-01,4.026102e-01,5.247366e-01,5.517084e-01,6.633481e-01,5.767581e-01,6.071705e-01,6.833394e-01,6.126853e-01,5.200506e-01,6.345373e-01,8.991750e-01,1.406937e+00,1.477596e+00,1.516763e+00,1.328796e+00,1.279106e+00,1.068675e+00,7.459336e-01,6.910021e-01,3.902962e-01,6.670142e-02,6.631208e-03,2.083333e+02,7.812500e+02,1.781250e+03,2.572917e+03,1.755860e-01,5.241895e+00,1.516557e+06,3.130976e+00,2.941820e+01,-1.278016e-02,1.667384e+01,1.773260e+00,1.689161e+01,-1.487170e+01,2.051344e+01,-5.000841e+00,-8.639346e+00,-7.527673e+00,1.291177e+01,-2.124302e+01,4.654615e+00,-5.337804e+00,3.157610e+01,2.138338e-02,6.423390e-02,0,1.681578e-01,4.270975e-02,-4.845408e-02,1.010741e-02,-7.260416e-02,1.781928e-02,3.590889e-02,7.720100e-02,1.255017e-01,1.387085e-01,9.170730e-02,2.418453e-02,6.159835e-02,2.366189e-01,1.748717e-01,1.712284e-02,-1.230043e-03,-1.089938e-02,-2.879847e-02,-1.490602e-02,-5.272419e-02,-1.439648e-01,-3.672436e-01,-3.479807e-01,-2.745182e-01,-1.959962e-01,-2.409982e-01,-2.025881e-01,-1.475611e-01,-1.716431e-01,-5.999605e-02,7.953431e-02,2.332098e-03,-2.302083e+02,-6.239583e+02,-8.302083e+02,-9.677084e+02,4.697102e-02,-6.408842e-01,-6.249059e+05,1.645180e+00,1.678237e+01,-1.507886e-02,8.888747e+00,3.083587e+00,-4.373106e-01,-2.170476e+00,-2.172603e+00,1.550839e+00,-1.319866e+00,-6.067605e+00,-1.292931e+01,4.421513e+00,4.353669e+00,5.917999e+00
fru,5.140000,1.622245e+02,7.881592e-01,2.414651e-01,0,1,5.290947e-01,6.570321e-01,3.675779e-02,1.125000e-01,1.032764e-01,1.788899e-01,3.222965e-01,3.864417e-01,4.580960e-01,4.800540e-01,4.383295e-01,6.065122e-01,8.383439e-01,8.597808e-01,5.819514e-01,5.909798e-01,6.633343e-01,5.814204e-01,5.261286e-01,6.103430e-01,8.020885e-01,1.090456e+00,1.134945e+00,1.236762e+00,1.173804e+00,1.036042e+00,8.721642e-01,6.115665e-01,5.405003e-01,3.583292e-01,1.740636e-01,1.173997e-02,1.875000e+02,3.020833e+02,7.604167e+02,1.468750e+03,2.401155e-01,4.436010e+00,6.019688e+05,4.875854e+00,4.890319e+01,-3.336639e-02,2.717103e+01,5.890668e+00,1.471778e+01,-1.854490e+01,1.607550e+01,-4.419859e+00,-1.422382e+01,-1.563052e+01,-4.114943e-01,-1.332194e+01,1.266988e+01,5.439989e+00,-2.412947e+00,1.086292e-02,2.088070e-02,1.591877e-02,-7.397130e-02,8.638988e-02,1.027085e-02,1.259080e-02,-5.979167e-02,3.191967e-02,6.940252e-02,1.297710e-01,2.331463e-01,2.397097e-01,1.868180e-01,6.449097e-02,8.606018e-02,3.955116e-01,2.907561e-01,4.529233e-02,-1.338131e-02,-2.516485e-02,-1.031237e-02,1.733370e-02,1.547461e-02,-5.025533e-02,-2.516740e-01,-2.435400e-01,-2.023081e-01,-8.801802e-02,-1.975285e-01,-1.772422e-01,-1.216283e-01,-1.292157e-01,-2.837555e-02,1.127317e-01,6.726759e-03,-8.124999e+01,-3.281250e+02,-6.145834e+02,-8.781250e+02,3.547728e-02,-5.794021e-01,-5.783407e+05,1.248240e+00,1.281777e+01,-2.143144e-02,7.798060e+00,1.516428e+00,6.947523e-01,-3.711306e+00,-2.749293e+00,2.282564e+00,-2.783756e+00,-5.690547e+00,-1.082526e+01,7.991400e+00,5.308710e+00,3.210462e+00
fru,5.150000,1.591787e+02,7.888224e-01,2.004370e-01,0,7.069861e-01,6.588466e-01,6.976591e-01,5.086468e-02,6.979167e-02,1.459803e-01,2.727127e-01,4.905366e-01,6.980798e-01,7.722927e-01,7.260082e-01,5.220864e-01,7.076012e-01,1.372761e+00,1.212181e+00,6.196378e-01,5.571945e-01,6.169946e-01,5.835801e-01,5.545950e-01,6.404987e-01,7.854180e-01,8.990690e-01,9.442804e-01,1.064566e+00,1.139553e+00,8.533880e-01,6.912362e-01,4.953929e-01,4.284418e-01,3.450529e-01,3.163910e-01,2.067035e-02,1.875000e+02,3.125000e+02,4.479167e+02,5.833333e+02,2.574132e-01,3.906471e+00,1.126550e+05,6.082428e+00,6.353036e+01,-6.059958e-02,3.483614e+01,6.404087e+00,1.636577e+01,-2.572642e+01,1.306580e+01,-5.430412e-02,-1.469703e+01,-2.183916e+01,-1.289887e+01,-2.272145e+00,1.953709e+01,6.268371e+00,-3.299971e+00,-2.901435e-04,-5.006815e-02,1.925089e-02,-1.957950e-01,1.003077e-01,6.897093e-02,1.142721e-02,-3.531250e-02,3.986575e-02,8.735260e-02,1.590004e-01,3.192047e-01,3.286785e-01,2.827903e-01,9.931074e-02,9.139480e-02,4.697726e-01,3.867620e-01,1.234322e-01,-4.299593e-03,-2.555436e-02,1.916760e-02,4.834377e-02,9.667152e-02,5.107688e-02,-1.347668e-01,-9.692915e-02,-9.064919e-02,2.181394e-02,-1.385397e-01,-1.456233e-01,-9.568371e-02,-8.866426e-02,-1.068363e-02,1.209177e-01,8.497561e-03,1.145833e+01,-8.750000e+01,-2.916667e+02,-4.906251e+02,6.021147e-03,-3.298667e-01,-3.175408e+05,5.143672e-01,2.830872e+00,-2.265558e-02,4.684268e+00,-1.117429e+00,2.161144e+00,-3.759618e+00,-1.938913e+00,1.605973e+00,-5.123516e+00,-4.300798e+00,-5.946332e+00,1.045050e+01,3.836734e+00,-9.254119e-01
fru,5.160000,1.552082e+02,7.839312e-01,1.249175e-01,7.959383e-02,4.198430e-01,7.716810e-01,8.146122e-01,6.141214e-02,5.312500e-02,1.955461e-01,3.857902e-01,6.834476e-01,1.124319e+00,1.195180e+00,1.106253e+00,6.630148e-01,8.130739e-01,1.996508e+00,1.732574e+00,7.713230e-01,5.513310e-01,5.888523e-01,6.221430e-01,6.185131e-01,7.777856e-01,8.885717e-01,8.265631e-01,9.365706e-01,1.040066e+00,1.227677e+00,7.487218e-01,5.643837e-01,4.155815e-01,3.633684e-01,3.427611e-01,4.435959e-01,3.296429e-02,2.187500e+02,3.229167e+02,4.687500e+02,6.041667e+02,2.191598e-01,3.886842e+00,1.356481e+05,5.480925e+00,5.037745e+01,-8.454225e-02,3.565116e+01,2.809957e+00,1.916708e+01,-2.848129e+01,1.252238e+01,1.816771e+00,-2.056018e+01,-2.425680e+01,-1.266662e+01,9.198321e+00,2.171202e+01,-1.090396e+00,-3.820700e+00,-3.364199e-03,-5.760236e-02,1.000284e-02,-2.348857e-01,8.825266e-02,1.086145e-01,7.922399e-03,-1.468750e-02,3.689542e-02,7.846674e-02,1.523450e-01,3.232964e-01,3.531038e-01,3.122902e-01,1.084471e-01,7.531656e-02,3.586618e-01,3.743503e-01,2.241436e-01,3.452164e-02,-4.460812e-05,5.064135e-02,8.306356e-02,2.016650e-01,1.585303e-01,-2.127266e-02,6.079537e-02,3.582609e-02,1.116928e-01,-6.625508e-02,-1.019839e-01,-6.689315e-02,-5.079371e-02,-2.832574e-03,1.005273e-01,7.040954e-03,25,8.333334e+00,-5.833334e+01,-1.968750e+02,-2.174427e-03,-1.265567e-01,-7.360486e+04,-2.351341e-02,-4.915423e+00,-1.818685e-02,1.526654e+00,-3.177393e+00,4.537385e+00,-1.381342e+00,-1.613450e+00,-3.810622e-01,-6.130082e+00,-1.697438e+00,-5.292964e-01,8.760660e+00,6.589928e-02,-4.365659e+00
fru,5.170000,1.510909e+02,7.803512e-01,4.939809e-02,5.645755e-02,1.327000e-01,8.443437e-01,9.552422e-01,6.662606e-02,5.000000e-02,2.307193e-01,4.583900e-01,8.277625e-01,1.468470e+00,1.578165e+00,1.477603e+00,7.868212e-01,8.784298e-01,2.321490e+00,2.160762e+00,1.099233e+00,6.054969e-01,5.928085e-01,6.881620e-01,7.155772e-01,1.034174e+00,1.111318e+00,8.650495e-01,1.092137e+00,1.161865e+00,1.410929e+00,7.300677e-01,4.944490e-01,3.655076e-01,3.362467e-01,3.446621e-01,5.365236e-01,3.850685e-02,250,3.333333e+02,4.687500e+02,5.520833e+02,2.161696e-01,3.867146e+00,1.620133e+05,5.400276e+00,4.283543e+01,-1.004701e-01,3.585511e+01,-2.273528e+00,2.547268e+01,-2.870159e+01,1.259544e+01,-8.929309e-02,-3.108875e+01,-2.471852e+01,-1.069232e+01,1.974935e+01,1.931721e+01,-6.699671e+00,-3.819183e+00,-4.116011e-03,-4.107413e-02,8.963406e-04,-1.547383e-01,5.330469e-02,1.118973e-01,3.710590e-03,-3.958334e-03,2.444010e-02,4.503293e-02,1.134526e-01,2.224813e-01,2.869457e-01,2.337938e-01,7.755626e-02,4.183338e-02,6.987984e-02,1.913334e-01,2.713215e-01,9.506389e-02,5.904644e-02,8.392688e-02,1.215238e-01,3.089086e-01,2.496926e-01,7.656147e-02,1.856862e-01,1.321168e-01,1.440361e-01,-7.256567e-03,-6.076313e-02,-3.789393e-02,-1.950730e-02,1.168907e-04,5.317180e-02,3.326702e-03,2.291667e+01,3.125000e+00,-1.041666e+00,-2.916666e+01,-2.480921e-03,-1.954727e-02,4.234224e+04,-3.523412e-01,-8.993512e+00,-8.889496e-03,-6.682762e-01,-3.621392e+00,6.242925e+00,2.306427e+00,-2.904422e+00,-3.471783e+00,-5.978340e+00,1.966381e+00,3.778157e+00,3.613772e+00,-3.125894e+00,-4.409467e+00
fru,5.180000,1.471649e+02,7.755738e-01,2.897274e-02,2.178544e-02,1.127147e-01,8.776094e-01,1.071313e+00,6.848910e-02,4.895833e-02,2.453840e-01,4.783850e-01,9.154083e-01,1.617729e+00,1.820679e+00,1.665707e+00,8.481977e-01,8.976808e-01,2.157289e+00,2.257242e+00,1.462872e+00,7.394368e-01,6.752043e-01,7.823362e-01,8.609553e-01,1.421831e+00,1.431790e+00,1.001103e+00,1.364994e+00,1.367242e+00,1.596579e+00,7.664269e-01,4.606383e-01,3.420435e-01,3.326293e-01,3.443617e-01,5.666338e-01,3.802649e-02,2.812500e+02,3.333333e+02,4.583333e+02,500,2.498652e-01,3.822889e+00,2.092653e+05,5.099363e+00,3.467355e+01,-1.043654e-01,3.429481e+01,-5.657490e+00,3.285126e+01,-2.396402e+01,8.243427e+00,-6.307676e+00,-3.667837e+01,-2.267803e+01,-4.161249e+00,1.947062e+01,1.310931e+01,-9.904284e+00,-3.430888e+00,-3.950429e-03,-1.419852e-02,-9.228660e-03,-7.635225e-02,1.836913e-02,8.353510e-02,1.217172e-04,6.250009e-04,9.548282e-03,6.246462e-03,6.397487e-02,7.419810e-02,1.600764e-01,7.083231e-02,2.056789e-02,4.615629e-03,-2.313677e-01,-9.485024e-02,1.866960e-01,1.428613e-01,1.421096e-01,1.340588e-01,1.653341e-01,3.783197e-01,2.887898e-01,1.449436e-01,2.486629e-01,1.700273e-01,1.006611e-01,2.329339e-02,-3.196847e-02,-1.118605e-02,4.422686e-03,1.044184e-03,4.022121e-05,-4.678451e-04,1.041667e+01,-5.208331e+00,-1.041667e+01,-3.125000e+01,1.299806e-03,-8.785009e-03,5.687741e+04,-3.906932e-01,-7.840697e+00,9.062410e-04,-1.593559e+00,-2.596004e+00,6.981240e+00,5.295912e+00,-5.307307e+00,-5.286811e+00,-2.454452e+00,5.346106e+00,3.746253e+00,-4.408583e+00,-3.519062e+00,-1.969054e+00
fru,5.190000,1.441044e+02,7.724211e-01,4.303869e-02,3.338590e-02,8.685855e-02,8.724058e-01,1.128795e+00,6.587915e-02,5.208333e-02,2.432619e-01,4.515799e-01,9.418191e-01,1.563781e+00,1.894271e+00,1.615250e+00,8.172763e-01,8.744647e-01,1.641770e+00,1.906514e+00,1.630471e+00,9.384611e-01,8.690508e-01,9.231179e-01,1.040993e+00,1.863019e+00,1.762272e+00,1.194607e+00,1.658500e+00,1.561562e+00,1.675282e+00,8.082526e-01,4.392932e-01,3.426923e-01,3.462748e-01,3.448370e-01,5.207310e-01,3.477276e-02,2.708333e+02,3.229167e+02,4.479167e+02,4.895833e+02,2.296559e-01,3.840710e+00,2.875576e+05,4.511503e+00,2.641475e+01,-9.513550e-02,3.217293e+01,-7.469152e+00,4.073830e+01,-1.645292e+01,6.831658e-01,-1.335100e+01,-3.652964e+01,-1.279664e+01,1.739230e+00,1.066057e+01,8.208975e+00,-1.137202e+01,-2.966350e+00,-4.727846e-03,2.475617e-03,-1.643612e-03,-1.892564e-02,-4.181218e-03,4.502081e-02,-1.658516e-03,2.291667e-03,-6.309375e-04,-1.844161e-02,2.533605e-02,-4.754883e-02,1.699638e-02,-9.982081e-02,-2.716673e-02,-2.048988e-02,-3.854387e-01,-3.296639e-01,-9.002316e-03,1.377073e-01,2.247646e-01,2.190354e-01,2.167653e-01,3.696249e-01,2.540872e-01,1.728594e-01,2.529800e-01,1.602387e-01,5.455625e-03,2.354741e-02,-1.343653e-02,1.438257e-02,2.564815e-02,2.751672e-03,-3.510546e-02,-6.634652e-04,-2.083334e+00,-1.145834e+01,-1.770833e+01,-1.250000e+01,-7.475254e-03,2.477861e-03,7.372761e+04,-4.927038e-01,-7.089465e+00,6.788953e-03,-2.066241e+00,-1.137295e+00,6.526914e+00,6.412879e+00,-6.407959e+00,-5.015840e+00,1.465108e+00,7.949548e+00,1.258401e+00,-1.083669e+01,-1.161065e+00,-3.242750e-01
fru,5.200000,1.415470e+02,7.681441e-01,5.710465e-02,4.498635e-02,6.100243e-02,8.494956e-01,1.145511e+00,6.239419e-02,5.520834e-02,2.370162e-01,4.204276e-01,9.462937e-01,1.447654e+00,1.837509e+00,1.391591e+00,7.506267e-01,8.381346e-01,1.179529e+00,1.385446e+00,1.439184e+00,1.099155e+00,1.161279e+00,1.174959e+00,1.282476e+00,2.254961e+00,2.007044e+00,1.386502e+00,1.896704e+00,1.690355e+00,1.598805e+00,8.260962e-01,4.321192e-01,3.710589e-01,3.804678e-01,3.478946e-01,4.516933e-01,3.249211e-02,2.604167e+02,3.020833e+02,4.270833e+02,4.791667e+02,2.189157e-01,3.856134e+00,357263,3.971846e+00,1.938430e+01,-8.267837e-02,2.952445e+01,-7.572252e+00,4.644047e+01,-8.126067e+00,-8.058017e+00,-1.798643e+01,-3.011199e+01,-3.487205e+00,-1.511354e-01,-8.300201e+00,9.670833e+00,-8.599492e+00,-2.641038e+00,-6.162012e-03,1.380777e-03,3.358945e-04,-1.251448e-02,-1.832776e-02,1.248068e-02,-2.338172e-03,3.125000e-03,-4.502615e-03,-2.554103e-02,2.439898e-03,-1.082501e-01,-1.056331e-01,-2.113825e-01,-5.001028e-02,-3.634717e-02,-3.589645e-01,-4.073379e-01,-1.967033e-01,6.741107e-02,2.430925e-01,3.286801e-01,2.680581e-01,2.660273e-01,1.604281e-01,1.551885e-01,2.131008e-01,1.322763e-01,-9.007034e-02,6.883639e-03,-1.551446e-03,3.081440e-02,4.025968e-02,6.131142e-03,-4.243560e-02,1.628302e-04,-1.250000e+01,-1.354167e+01,-2.604167e+01,-3.125003e+00,-1.778437e-02,-4.423189e-03,6.952382e+04,-4.317841e-01,-5.189154e+00,7.598667e-03,-1.763321e+00,-2.257916e-01,5.794221e+00,5.610388e+00,-5.196237e+00,-2.677536e+00,3.382401e+00,7.150801e+00,-3.281278e+00,-1.105396e+01,1.904989e+00,7.689731e-01
fru,5.210000,1.390681e+02,7.604268e-01,4.771022e-02,3.663903e-02,6.392785e-02,8.374946e-01,1.143247e+00,6.138094e-02,5.833333e-02,2.317485e-01,3.951607e-01,9.390001e-01,1.315763e+00,1.654732e+00,1.115558e+00,6.997730e-01,8.057535e-01,8.831761e-01,9.483399e-01,1.066065e+00,1.114174e+00,1.473594e+00,1.587028e+00,1.588643e+00,2.465733e+00,2.094127e+00,1.536647e+00,2.091182e+00,1.801502e+00,1.437094e+00,8.179700e-01,4.415259e-01,4.229127e-01,4.405682e-01,3.566540e-01,4.184666e-01,3.795672e-02,250,2.916667e+02,3.958333e+02,500,1.942681e-01,3.862913e+00,4.566525e+05,3.500516e+00,1.503273e+01,-7.736889e-02,2.790909e+01,-7.002620e+00,5.131264e+01,-4.556177e+00,-1.129363e+01,-1.932911e+01,-2.704639e+01,5.433807e+00,-6.405375e+00,-2.054868e+01,1.523113e+01,-8.973442e+00,-2.534642e+00,-7.515913e-03,-6.943466e-03,-7.380188e-03,2.108923e-03,-2.785441e-02,-8.651042e-03,-2.481818e-03,4.375000e-03,-4.125021e-03,-2.039955e-02,-8.154625e-03,-1.194673e-01,-1.913832e-01,-2.413756e-01,-4.681540e-02,-4.995785e-02,-2.414825e-01,-3.322614e-01,-2.660933e-01,-3.805719e-02,1.547689e-01,4.035344e-01,3.054036e-01,1.049313e-01,5.370839e-02,1.033804e-01,1.529224e-01,1.135775e-01,-1.372887e-01,-5.358577e-03,6.394940e-03,3.063729e-02,4.016566e-02,7.867977e-03,-3.918988e-02,5.599961e-04,-1.770833e+01,-1.250000e+01,-3.437500e+01,9.999999e+01,-1.228079e-02,-1.937752e-02,6.796461e+04,-3.203290e-01,-3.334675e+00,6.785156e-03,-1.300683e+00,2.767173e-01,5.228175e+00,3.249919e+00,-2.242280e+00,-9.077778e-02,3.839174e+00,4.179562e+00,-5.695869e+00,-5.875218e+00,3.305902e+00,-6.472082e-01
fru,5.220000,1.364779e+02,7.507609e-01,3.354086e-02,2.183834e-02,6.160763e-02,8.034263e-01,1.126491e+00,5.904734e-02,6.145833e-02,2.286276e-01,3.788894e-01,9.290173e-01,1.200487e+00,1.412283e+00,8.586407e-01,6.568980e-01,7.503005e-01,7.417632e-01,6.996394e-01,7.615584e-01,9.886356e-01,1.588395e+00,2.093782e+00,1.927420e+00,2.450610e+00,2.068003e+00,1.606025e+00,2.214156e+00,1.908654e+00,1.265321e+00,7.959864e-01,4.517647e-01,4.560052e-01,4.867810e-01,3.691089e-01,4.055880e-01,3.724867e-02,2.291667e+02,2.812500e+02,3.541667e+02,4.791667e+02,1.786373e-01,3.789672e+00,4.723370e+05,3.445936e+00,1.441879e+01,-7.525534e-02,2.761013e+01,-7.019714e+00,5.653520e+01,-1.860448e+00,-1.174936e+01,-1.670630e+01,-2.450799e+01,3.960756e+00,-1.649534e+01,-2.019458e+01,1.912318e+01,-7.258708e+00,-2.364470e+00,-6.614572e-03,-1.149168e-02,-1.085764e-02,9.976814e-03,-3.844799e-02,-2.537477e-02,-3.556164e-03,6.458332e-03,-3.146714e-03,-1.347378e-02,-2.034006e-02,-1.201023e-01,-2.311666e-01,-2.074209e-01,-3.521969e-02,-6.548146e-02,-1.413566e-01,-2.055689e-01,-2.049139e-01,-1.178043e-01,-1.640599e-02,3.576646e-01,2.905305e-01,-5.328076e-02,-1.906128e-02,3.790186e-02,8.490887e-02,1.057433e-01,-1.252046e-01,-3.657943e-03,8.328864e-03,1.255368e-02,2.061104e-02,5.619013e-03,-4.406166e-02,-1.194030e-03,-2.395833e+01,-1.041667e+01,-2.916667e+01,2.510417e+02,-6.074554e-03,2.456665e-04,75359,-2.292525e-01,-1.970239e+00,7.812170e-03,-7.694322e-01,4.809914e-01,4.451312e+00,3.433212e-01,5.068616e-01,1.858256e+00,2.919736e+00,1.308897e+00,-4.728755e+00,1.180253e+00,2.437939e+00,-2.320889e+00
fru,5.230000,1.339657e+02,7.435331e-01,2.010326e-02,8.058963e-03,9.710056e-02,7.561684e-01,1.095050e+00,5.514349e-02,7.083333e-02,2.268311e-01,3.703512e-01,9.096842e-01,1.090028e+00,1.149968e+00,6.748471e-01,6.300637e-01,6.685925e-01,6.532404e-01,5.881104e-01,6.388173e-01,8.034350e-01,1.429338e+00,2.481379e+00,2.245538e+00,2.289851e+00,2.000334e+00,1.601747e+00,2.264385e+00,2.020300e+00,1.155581e+00,7.965147e-01,4.614452e-01,4.534055e-01,4.939465e-01,3.735698e-01,3.478343e-01,3.519447e-02,1.979167e+02,2.708333e+02,3.125000e+02,9.895833e+02,1.883911e-01,3.777054e+00,5.698437e+05,3.172813e+00,1.222414e+01,-6.492124e-02,2.662668e+01,-6.361835e+00,6.183182e+01,-3.336136e+00,-8.682567e+00,-1.444495e+01,-2.013577e+01,4.377185e+00,-1.856802e+01,-1.276833e+01,2.001231e+01,-1.527845e+01,-1.959686e+00,-2.363223e-03,-9.236942e-03,-7.338653e-03,9.832747e-03,-5.112707e-02,-4.256743e-02,-5.301812e-03,6.562500e-03,-4.558512e-03,-1.068963e-02,-3.807114e-02,-1.230423e-01,-2.234114e-01,-1.448912e-01,-2.253002e-02,-7.600319e-02,-8.221418e-02,-1.037198e-01,-1.029734e-01,-1.397806e-01,-1.792107e-01,1.730358e-01,2.056036e-01,-1.669753e-01,-5.107789e-02,-2.450969e-02,8.549929e-03,8.566946e-02,-8.028891e-02,6.394458e-03,7.426995e-03,-1.063592e-02,-8.745983e-03,-1.027048e-04,-5.989069e-02,-4.407626e-03,-1.875000e+01,-8.333334e+00,-1.354167e+01,2.989583e+02,2.814955e-03,1.439083e-02,6.950520e+04,-1.376348e-01,-1.114802e+00,1.097990e-02,-5.660572e-01,8.572053e-01,2.456681e+00,-2.038963e+00,1.258152e+00,1.941433e+00,2.489645e+00,3.861693e-01,-2.531852e+00,3.326945e+00,1.046519e+00,-2.438710e+00
fru,5.240000,1.322758e+02,7.435181e-01,1.344971e-02,4.988214e-03,9.430014e-02,6.979187e-01,1.042736e+00,4.773210e-02,8.125000e-02,2.237413e-01,3.654634e-01,8.592513e-01,9.600100e-01,9.340577e-01,5.748417e-01,6.093829e-01,5.793078e-01,5.877142e-01,5.377166e-01,6.282386e-01,6.655032e-01,1.101378e+00,2.516106e+00,2.406681e+00,2.076498e+00,1.958634e+00,1.543461e+00,2.234647e+00,2.109673e+00,1.113539e+00,8.185342e-01,4.638039e-01,4.185809e-01,4.568338e-01,3.675318e-01,2.667011e-01,2.790309e-02,1.666667e+02,2.604167e+02,3.229167e+02,1.489583e+03,1.914814e-01,3.900292e+00,6.774624e+05,2.989435e+00,1.093740e+01,-4.984134e-02,2.631850e+01,-5.487688e+00,6.343744e+01,-7.019482e+00,-6.829242e+00,-1.113723e+01,-1.896863e+01,3.585589e+00,-1.771359e+01,-6.289108e+00,1.946994e+01,-1.705143e+01,-1.311635e+00,2.889895e-03,-5.471354e-03,-1.887849e-03,1.193089e-03,-5.399911e-02,-5.756612e-02,-5.865807e-03,3.125000e-03,-9.075126e-03,-1.413884e-02,-5.754042e-02,-1.265704e-01,-1.803347e-01,-8.179513e-02,-8.177126e-03,-6.828922e-02,-5.318911e-02,-4.848652e-02,-3.950126e-02,-1.157584e-01,-2.403936e-01,-7.078078e-02,6.565273e-02,-2.301538e-01,-7.550167e-02,-6.898873e-02,-5.802343e-02,5.204015e-02,-3.119243e-02,1.221873e-02,6.633920e-03,-2.195514e-02,-2.848496e-02,-4.932866e-03,-6.484698e-02,-5.629778e-03,-5.208336e+00,-5.208337e+00,1.041669e+00,1.541667e+02,-1.650050e-03,1.808915e-02,5.889368e+04,-7.610588e-02,-6.438851e-01,1.205882e-02,-4.805149e-01,1.198849e+00,3.091221e-01,-3.159529e+00,8.182386e-01,8.805292e-01,1.176225e+00,1.761754e+00,-1.148818e+00,1.525306e+00,2.428337e-01,-1.411909e+00
fru,5.250000,1.313707e+02,7.522321e-01,1.157108e-02,8.370836e-03,9.674533e-02,6.346130e-01,9.722875e-01,4.052950e-02,8.125000e-02,2.113991e-01,3.484255e-01,7.835274e-01,8.207901e-01,7.767880e-01,5.330009e-01,6.108804e-01,5.112339e-01,5.491297e-01,5.107022e-01,6.178580e-01,5.768375e-01,8.210494e-01,2.241044e+00,2.377032e+00,1.817912e+00,1.893422e+00,1.445380e+00,2.123687e+00,2.129340e+00,1.111541e+00,8.386684e-01,4.726413e-01,3.884453e-01,4.118119e-01,3.569291e-01,1.884566e-01,2.059138e-02,1.875000e+02,2.604167e+02,3.437500e+02,1.489583e+03,2.019208e-01,3.879557e+00,7.016158e+05,3.040593e+00,1.119941e+01,-3.517640e-02,2.572462e+01,-3.482607e+00,6.014492e+01,-1.217148e+01,-7.462933e+00,-1.240648e+01,-1.736785e+01,7.552237e+00,-1.845551e+01,-1.086669e+01,2.029035e+01,-1.627063e+01,-5.408676e-01,6.901175e-03,-2.692336e-03,1.030811e-03,4.958577e-04,-4.536798e-02,-6.494959e-02,-4.522209e-03,-3.020833e-03,-1.530865e-02,-2.183774e-02,-6.608735e-02,-1.157886e-01,-1.206014e-01,-3.593374e-02,9.497761e-04,-4.723118e-02,-2.994030e-02,-2.479604e-02,-3.037656e-02,-7.619956e-02,-1.959459e-01,-2.419880e-01,-7.192612e-02,-2.545182e-01,-1.089936e-01,-8.842224e-02,-1.059827e-01,3.333759e-03,-2.266121e-03,4.943538e-03,7.334247e-03,-1.808598e-02,-3.040102e-02,-2.618524e-03,-4.612760e-02,-5.284330e-03,1.250000e+01,-2.083337e+00,2.083334e+00,-1.531250e+02,-1.029890e-02,-4.029689e-02,6.621188e+03,6.214585e-02,3.416344e-01,8.718093e-03,-3.843031e-01,1.236885e+00,-9.611260e-01,-2.305514e+00,-5.816666e-01,-4.895073e-01,-5.331343e-01,1.804816e+00,-1.515481e+00,-1.077322e+00,-8.456383e-02,7.660807e-01
fru,5.260000,1.312172e+02,7.608609e-01,1.045017e-02,1.224316e-02,6.775069e-02,5.942084e-01,9.000413e-01,3.702530e-02,7.187500e-02,1.909680e-01,3.191581e-01,7.043936e-01,7.022541e-01,6.971991e-01,5.205882e-01,6.256040e-01,4.875337e-01,5.278730e-01,4.959109e-01,5.745317e-01,5.231422e-01,6.905711e-01,1.860045e+00,2.189938e+00,1.535810e+00,1.743951e+00,1.339265e+00,1.994389e+00,2.114334e+00,1.131379e+00,8.360031e-01,4.793363e-01,3.787096e-01,3.854235e-01,3.527649e-01,1.610419e-01,1.640132e-02,2.083333e+02,2.604167e+02,3.437500e+02,1000,1.636222e-01,3.828866e+00,7.009193e+05,3.131517e+00,1.171172e+01,-2.983368e-02,2.565859e+01,-2.465084e+00,5.892426e+01,-1.324042e+01,-8.267982e+00,-1.332289e+01,-2.001083e+01,1.118200e+01,-2.229568e+01,-1.351888e+01,2.019833e+01,-1.382216e+01,1.592209e-01,7.297271e-03,-1.965846e-03,4.249668e-04,1.764356e-03,-2.558636e-02,-5.911563e-02,-1.790721e-03,-7.499999e-03,-2.008032e-02,-2.775216e-02,-5.538623e-02,-8.491307e-02,-7.222770e-02,-9.827191e-03,3.660434e-03,-2.586738e-02,-1.343191e-02,-1.535743e-02,-4.081409e-02,-4.448477e-02,-1.062684e-01,-2.688988e-01,-1.433843e-01,-2.345304e-01,-1.376128e-01,-7.494543e-02,-1.175545e-01,-3.888097e-02,6.629670e-03,-5.315721e-03,8.615842e-03,-6.038874e-03,-1.876197e-02,6.422764e-03,-1.791364e-02,-2.648685e-03,1.979166e+01,0,-1.145833e+01,-2.958333e+02,-1.905015e-02,-1.168130e-01,-1.469516e+04,7.841959e-02,4.287423e-01,3.474609e-03,-5.033096e-01,7.560275e-01,-1.900894e-01,-9.982591e-01,-1.534972e+00,-1.091621e+00,-1.767585e+00,1.175561e+00,-1.890588e+00,-1.800909e+00,-1.006335e+00,5.097277e-01
fru,5.270000,1.317907e+02,7.693676e-01,8.141344e-03,9.585543e-03,1.128546e-01,5.811837e-01,8.416495e-01,3.788584e-02,6.041667e-02,1.666745e-01,2.843152e-01,6.566763e-01,6.399632e-01,6.653907e-01,5.223052e-01,6.267021e-01,4.783237e-01,5.334595e-01,4.850330e-01,5.137879e-01,4.936177e-01,6.550112e-01,1.599469e+00,1.994280e+00,1.287604e+00,1.562707e+00,1.261734e+00,1.854601e+00,2.034638e+00,1.135330e+00,8.124979e-01,4.903502e-01,3.829112e-01,3.776465e-01,3.678606e-01,1.700259e-01,1.452370e-02,2.395833e+02,2.604167e+02,3.125000e+02,4.687500e+02,1.508262e-01,3.611283e+00,5.912212e+05,3.412501e+00,1.354515e+01,-3.133461e-02,2.503512e+01,-1.688711e+00,5.928278e+01,-1.175323e+01,-1.087153e+01,-1.579966e+01,-2.228034e+01,9.603060e+00,-2.385438e+01,-1.454006e+01,1.922530e+01,-1.306268e+01,6.632339e-01,5.516046e-03,-2.318254e-03,-1.665166e-03,-1.372515e-03,-4.039288e-03,-4.091358e-02,5.565580e-04,-8.437499e-03,-2.078499e-02,-2.651592e-02,-3.099031e-02,-4.274223e-02,-4.132491e-02,4.986638e-03,-1.074147e-03,-1.335449e-02,-6.977963e-03,-1.018729e-02,-3.870696e-02,-1.860406e-02,-3.670353e-02,-1.899621e-01,-1.409195e-01,-1.700319e-01,-1.253185e-01,-2.980632e-02,-9.014414e-02,-5.779325e-02,6.398845e-03,-4.767984e-03,8.521053e-03,2.874327e-03,-5.621320e-03,1.579773e-02,6.544998e-03,-2.317935e-04,1.562500e+01,2.083337e+00,-1.875000e+01,-2.479167e+02,-2.510927e-02,-1.477814e-01,-1.745761e+04,5.595803e-02,2.772420e-01,-1.087188e-03,-4.381506e-01,1.314301e-01,9.606549e-01,-5.336810e-01,-1.748189e+00,-1.301812e+00,-2.736380e+00,-3.945649e-01,-1.282980e+00,-9.538703e-01,-1.795864e+00,8.700037e-02
fru,5.280000,1.328619e+02,7.714367e-01,5.335346e-03,6.505694e-03,9.506730e-02,5.967016e-01,8.124766e-01,4.010032e-02,5.416666e-02,1.457020e-01,2.587578e-01,6.457458e-01,6.258581e-01,6.286178e-01,5.310536e-01,6.197743e-01,4.664260e-01,5.283898e-01,4.737640e-01,4.762032e-01,4.846892e-01,6.530545e-01,1.492400e+00,1.881135e+00,1.169001e+00,1.435928e+00,1.260557e+00,1.781417e+00,1.962619e+00,1.134793e+00,8.050408e-01,4.980287e-01,3.911535e-01,3.801067e-01,3.941799e-01,1.863483e-01,1.769350e-02,2.395833e+02,2.604167e+02,2.812500e+02,5.208333e+02,1.217779e-01,3.450364e+00,6.591839e+05,3.195579e+00,1.190825e+01,-3.438919e-02,2.414670e+01,-2.604498e+00,6.291806e+01,-1.221990e+01,-1.279980e+01,-1.489875e+01,-2.535030e+01,8.437984e+00,-2.446709e+01,-1.345697e+01,1.497079e+01,-1.610677e+01,8.294464e-01,3.136671e-03,-1.424972e-03,-2.203323e-03,-1.213387e-03,1.503296e-02,-1.580082e-02,1.573186e-03,-6.666666e-03,-1.775109e-02,-1.939326e-02,-6.623167e-03,-4.623860e-03,-2.585050e-02,1.210444e-02,-4.224181e-04,-5.475521e-03,-7.221288e-03,-4.196006e-03,-2.115774e-02,3.482983e-03,-3.174591e-03,-7.923986e-02,-9.058058e-02,-8.020739e-02,-6.582423e-02,2.779020e-02,-3.925637e-02,-4.870788e-02,1.249657e-02,1.561443e-02,8.750725e-03,7.289916e-03,4.171988e-03,1.718283e-02,1.506126e-02,2.140634e-03,9.375002e+00,5.208337e+00,-1.145833e+01,1.041666e+01,-1.650412e-02,-9.793778e-02,1.323150e+04,-4.899523e-02,-3.677258e-01,-2.787977e-03,-3.718012e-01,-4.784521e-01,1.533390e+00,-1.087646e+00,-1.282590e+00,-1.501659e+00,-1.446058e+00,-6.180938e-01,-7.854786e-01,-8.723156e-01,-2.196472e+00,-6.870348e-01
fru,5.290000,1.338645e+02,7.745244e-01,2.537226e-03,2.913740e-03,7.622445e-02,6.131700e-01,8.115019e-01,4.177478e-02,4.791667e-02,1.301071e-01,2.460461e-01,6.578998e-01,6.452770e-01,6.044541e-01,5.527014e-01,6.084245e-01,4.550153e-01,5.139815e-01,4.708392e-01,4.734875e-01,5.030437e-01,6.562900e-01,1.475056e+00,1.826835e+00,1.151157e+00,1.420842e+00,1.335702e+00,1.779452e+00,1.916232e+00,1.141828e+00,8.303096e-01,5.059004e-01,3.965950e-01,3.863637e-01,4.152102e-01,2.085284e-01,1.878632e-02,250,2.708333e+02,2.812500e+02,4.895833e+02,9.729662e-02,3.329901e+00,6.351954e+05,3.288352e+00,1.248736e+01,-3.833458e-02,2.428981e+01,-2.755749e+00,6.295129e+01,-1.535014e+01,-1.393797e+01,-1.812761e+01,-2.838001e+01,6.951420e+00,-2.378470e+01,-1.566699e+01,1.392479e+01,-1.469333e+01,5.633301e-01,1.084518e-03,4.558126e-06,-8.044731e-04,-2.790333e-03,2.805055e-02,9.886468e-03,1.373890e-03,-2.395834e-03,-1.188859e-02,-9.653496e-03,3.394568e-03,1.681034e-02,-9.680462e-03,1.220456e-02,1.206529e-02,1.183366e-02,-5.000484e-03,7.545397e-03,2.452973e-03,2.256225e-02,1.955926e-02,1.291235e-02,-3.034152e-02,9.821951e-03,6.827748e-03,6.492545e-02,1.085732e-02,-1.839242e-02,3.621461e-02,5.162884e-02,9.666035e-03,1.144679e-02,1.090561e-02,8.369699e-03,1.098855e-02,3.846800e-03,3.125001e+00,6.250003e+00,8.333334e+00,2.625000e+02,-7.826765e-03,4.138196e-02,4.235620e+04,-1.708238e-01,-1.018029e+00,-2.230426e-03,-5.191097e-02,-1.122434e+00,1.004769e+00,-1.007257e+00,-8.139429e-02,-1.791074e+00,1.227476e+00,1.508350e-02,-9.848126e-01,-5.067277e-01,-1.411698e+00,5.017243e-02
fru,5.300000,1.343275e+02,7.739658e-01,6.127371e-03,4.562449e-03,7.999882e-02,6.533801e-01,8.361111e-01,4.294676e-02,4.479167e-02,1.204962e-01,2.413263e-01,6.706660e-01,6.764779e-01,5.984149e-01,5.659122e-01,6.326306e-01,4.718103e-01,5.015056e-01,4.820278e-01,4.888933e-01,5.358441e-01,6.740587e-01,1.526052e+00,1.820757e+00,1.202997e+00,1.485763e+00,1.441232e+00,1.835681e+00,1.929998e+00,1.190613e+00,9.051694e-01,5.153148e-01,4.083173e-01,4.019248e-01,4.150043e-01,2.170970e-01,2.497318e-02,250,2.812500e+02,3.020833e+02,1.041667e+03,1.078664e-01,3.479868e+00,7.450897e+05,2.948615e+00,1.040199e+01,-4.027358e-02,2.417224e+01,-4.323825e+00,6.475695e+01,-1.688020e+01,-1.314771e+01,-1.966721e+01,-2.419128e+01,9.417350e+00,-2.625791e+01,-1.731699e+01,1.186622e+01,-1.644201e+01,-3.504181e-02,-3.410578e-04,7.625222e-04,3.449254e-04,4.186879e-03,4.361143e-02,3.365091e-02,8.398272e-04,3.645834e-03,-4.247229e-03,-9.494394e-04,-4.743493e-03,2.141750e-02,1.826860e-02,9.078962e-03,2.890211e-02,3.959130e-02,1.212279e-02,2.328003e-02,2.321636e-02,3.622060e-02,5.198318e-02,9.406944e-02,3.361070e-02,9.675453e-02,6.742172e-02,6.699376e-02,3.492618e-02,6.613112e-03,7.415190e-02,9.533545e-02,1.511520e-02,2.007239e-02,1.832711e-02,-2.609637e-03,2.056897e-03,7.166230e-03,2.083334e+00,1.354167e+01,1.333333e+02,4.552083e+02,7.940143e-03,2.245682e-01,7.924660e+04,-3.097954e-01,-1.553593e+00,-9.187803e-04,-6.896229e-02,-1.573863e+00,5.653973e-01,3.197861e-03,1.086406e-01,-1.990523e+00,4.265734e+00,5.795802e-01,-1.024712e+00,9.446775e-01,1.654324e-01,1.748116e+00
fru,5.310000,1.338745e+02,7.735257e-01,7.768122e-03,6.534800e-03,1.064372e-01,6.930972e-01,8.792647e-01,4.333207e-02,5.312500e-02,1.198345e-01,2.447634e-01,6.611890e-01,6.987050e-01,6.320899e-01,5.658987e-01,6.806003e-01,5.347999e-01,5.218992e-01,5.186281e-01,5.197077e-01,5.808516e-01,7.423055e-01,1.647205e+00,1.872761e+00,1.319715e+00,1.571929e+00,1.496024e+00,1.881755e+00,1.958986e+00,1.288493e+00,1.020578e+00,5.300373e-01,4.315633e-01,4.212655e-01,3.992968e-01,2.095943e-01,3.011786e-02,250,2.812500e+02,3.437500e+02,1.520833e+03,1.186482e-01,3.803440e+00,7.600493e+05,2.681864e+00,9.208132e+00,-3.954454e-02,2.476280e+01,-6.441216e+00,6.338718e+01,-1.445937e+01,-1.110455e+01,-2.237080e+01,-1.672247e+01,9.188794e+00,-2.788303e+01,-1.514369e+01,1.371909e+01,-1.264420e+01,-7.425202e-01,-2.736425e-03,2.164568e-04,4.816930e-04,4.745871e-05,5.245226e-02,5.482093e-02,4.352346e-04,1.062500e-02,3.856507e-03,5.303894e-03,-2.708184e-02,1.282652e-02,4.923849e-02,7.888168e-03,3.851669e-02,6.628405e-02,4.080412e-02,3.853007e-02,3.755193e-02,4.401266e-02,9.766407e-02,1.779324e-01,1.048145e-01,2.043185e-01,1.106637e-01,4.502608e-02,3.696816e-02,1.566553e-02,1.064057e-01,1.310433e-01,2.327769e-02,3.281150e-02,2.554910e-02,-4.527017e-03,-9.544347e-03,1.126661e-02,6.250000e+00,2.291667e+01,2.968750e+02,5.218750e+02,1.454700e-02,3.402293e-01,1.228705e+05,-4.624491e-01,-2.134350e+00,8.429594e-04,-2.953678e-01,-2.084673e+00,3.447662e-01,1.373074e+00,-7.979078e-01,-1.212386e+00,5.364380e+00,1.212336e+00,-7.204685e-01,2.736722e+00,1.770019e+00,3.381937e+00
fru,5.320000,1.326817e+02,7.702308e-01,6.532509e-03,6.419791e-03,1.008953e-01,7.747951e-01,9.468498e-01,4.352081e-02,6.979167e-02,1.296022e-01,2.546519e-01,6.203837e-01,7.062317e-01,7.061429e-01,5.698498e-01,7.281969e-01,6.244902e-01,5.850449e-01,5.662697e-01,5.691748e-01,6.268883e-01,8.699627e-01,1.876673e+00,2.026226e+00,1.568494e+00,1.697493e+00,1.515365e+00,1.904896e+00,1.974307e+00,1.432220e+00,1.186584e+00,5.615362e-01,4.740314e-01,4.542913e-01,3.890884e-01,1.960998e-01,4.785888e-02,250,3.229167e+02,9.166667e+02,2.281250e+03,1.508028e-01,4.336435e+00,992990,1.949846e+00,5.779898e+00,-3.837812e-02,2.356539e+01,-8.631082e+00,6.552711e+01,-1.264929e+01,-1.367331e+01,-2.272977e+01,-9.850404e+00,1.021720e+01,-2.754149e+01,-8.995231e+00,1.590080e+01,-8.390754e+00,-1.404465e+00,-5.965030e-03,-1.111005e-03,-6.334439e-04,-5.770362e-03,4.989957e-02,6.870984e-02,5.956322e-04,1.500000e-02,9.937482e-03,8.115326e-03,-5.247457e-02,1.469654e-03,7.868139e-02,1.594481e-02,3.143632e-02,7.404315e-02,6.703808e-02,4.955900e-02,4.507418e-02,4.793943e-02,1.450361e-01,2.508443e-01,1.594417e-01,3.085688e-01,1.311410e-01,2.500207e-02,3.104546e-02,2.570927e-03,1.038629e-01,1.377778e-01,3.153676e-02,4.407803e-02,3.228845e-02,6.497973e-03,-9.726120e-03,1.337850e-02,1.770833e+01,3.333334e+01,3.447917e+02,3.854167e+02,1.487314e-02,3.002071e-01,1.132384e+05,-4.499831e-01,-1.896900e+00,7.510483e-04,-4.210480e-01,-1.922783e+00,-6.019402e-02,2.151944e+00,-2.298750e+00,-9.732364e-01,3.381088e+00,1.355382e+00,5.994512e-01,3.229993e+00,3.665084e+00,4.631357e+00
fru,5.330000,1.309749e+02,7.627098e-01,3.416941e-03,4.393534e-03,6.601349e-02,8.147237e-01,1.030237e+00,4.366393e-02,8.854166e-02,1.448367e-01,2.659028e-01,5.476317e-01,6.945327e-01,7.967826e-01,5.901735e-01,7.532248e-01,7.100956e-01,6.762324e-01,6.213686e-01,6.211063e-01,6.775849e-01,1.046658e+00,2.189408e+00,2.248173e+00,1.990001e+00,1.868295e+00,1.523766e+00,1.929685e+00,1.972404e+00,1.553053e+00,1.344819e+00,5.991781e-01,5.277955e-01,4.879260e-01,4.055331e-01,1.713053e-01,6.367651e-02,2.812500e+02,3.645833e+02,1.458333e+03,2.479167e+03,1.485634e-01,4.602764e+00,1.125598e+06,1.475491e+00,4.126655e+00,-3.506752e-02,2.311639e+01,-1.102549e+01,6.429005e+01,-1.060022e+01,-1.766471e+01,-2.265826e+01,-8.728549e+00,1.261318e+01,-2.674525e+01,-6.144258e+00,2.075760e+01,-1.809275e+00,-2.125394e+00,-9.721095e-03,-1.240494e-03,-1.377024e-03,-3.567763e-03,3.724973e-02,6.956498e-02,1.559593e-03,1.406250e-02,1.167975e-02,6.595656e-03,-6.764583e-02,-1.139975e-03,9.936418e-02,2.702830e-02,1.970887e-02,6.168681e-02,7.489251e-02,5.466133e-02,4.561672e-02,5.154445e-02,1.832840e-01,2.814614e-01,1.663469e-01,3.569384e-01,1.122688e-01,2.000301e-02,2.889955e-02,-2.468944e-02,5.106445e-02,1.019931e-01,3.529437e-02,4.889153e-02,3.768867e-02,2.525241e-02,6.560132e-03,1.131634e-02,2.812500e+01,3.125000e+01,1.739583e+02,1.625000e+02,1.393801e-02,1.194609e-01,3.827729e+04,-2.697607e-01,-1.085018e+00,-1.979635e-03,-7.310009e-02,-1.514519e+00,-1.047018e+00,2.622420e+00,-3.152328e+00,-8.268088e-01,2.202726e-01,1.565029e+00,1.641702e+00,1.409661e+00,3.777286e+00,4.227048e+00
fru,5.340000,1.287551e+02,7.495486e-01,2.747934e-03,2.465863e-03,7.135884e-02,8.420647e-01,1.104174e+00,4.575899e-02,1.020833e-01,1.576825e-01,2.713333e-01,4.650718e-01,6.859123e-01,9.094755e-01,6.334989e-01,7.535000e-01,7.543781e-01,7.595294e-01,6.784526e-01,6.635649e-01,7.271746e-01,1.247063e+00,2.509172e+00,2.430260e+00,2.410698e+00,1.993284e+00,1.552371e+00,1.966944e+00,1.936143e+00,1.577648e+00,1.431938e+00,6.384282e-01,5.805914e-01,5.300369e-01,4.443760e-01,1.876109e-01,7.508638e-02,3.229167e+02,4.062500e+02,1.468750e+03,2.489583e+03,1.672745e-01,4.581242e+00,1.128508e+06,1.301886e+00,3.458222e+00,-3.875685e-02,2.289020e+01,-1.164560e+01,6.400455e+01,-8.050050e+00,-2.136138e+01,-2.438966e+01,-1.128280e+01,1.448207e+01,-2.382954e+01,-5.666734e+00,2.667239e+01,1.297310e+00,-2.999864e+00,-1.245574e-02,-6.108138e-04,-1.235318e-03,4.229560e-03,1.621761e-02,5.251849e-02,2.853490e-03,7.708333e-03,8.686276e-03,2.454042e-03,-6.322392e-02,1.118462e-02,1.086187e-01,3.611135e-02,1.517676e-02,4.216186e-02,6.662320e-02,5.940289e-02,4.695460e-02,6.390573e-02,2.220258e-01,2.360475e-01,1.066102e-01,2.882397e-01,2.950012e-02,1.007835e-02,9.379363e-03,-7.152522e-02,-4.001134e-02,2.688738e-02,3.113275e-02,4.515198e-02,3.556196e-02,3.834600e-02,3.505576e-02,3.621706e-03,2.604167e+01,1.562500e+01,-1.520833e+02,-1.166667e+02,1.294135e-02,-1.028795e-01,-1.086761e+05,9.966097e-02,5.961298e-01,-6.530696e-03,1.059724e+00,-1.105843e+00,-2.860730e+00,3.017732e+00,-2.197958e+00,-1.885754e+00,-2.611465e+00,6.744367e-01,2.498989e+00,-1.203833e+00,2.583812e+00,2.890980e+00
fru,5.350000,1.252109e+02,7.352613e-01,3.457940e-03,1.626645e-03,1.033666e-01,8.457111e-01,1.148427e+00,5.001095e-02,1.072917e-01,1.641930e-01,2.694010e-01,4.006158e-01,7.031648e-01,1.027244e+00,6.692156e-01,7.664931e-01,7.782900e-01,8.091195e-01,7.358434e-01,7.005963e-01,7.884307e-01,1.470176e+00,2.738262e+00,2.502479e+00,2.683306e+00,1.985377e+00,1.577536e+00,1.995229e+00,1.854621e+00,1.471102e+00,1.407866e+00,6.680632e-01,6.227409e-01,5.718361e-01,4.979151e-01,2.466394e-01,7.308581e-02,3.541667e+02,3.958333e+02,9.375000e+02,2.229167e+03,1.801024e-01,4.278342e+00,883677,1.657040e+00,4.943881e+00,-4.925335e-02,2.473489e+01,-1.250655e+01,5.891337e+01,-3.646892e+00,-2.302215e+01,-2.567489e+01,-1.490491e+01,1.488150e+01,-2.153049e+01,-9.759631e+00,2.721973e+01,3.647010e+00,-4.044251e+00,-1.261154e-02,3.510015e-03,2.628005e-03,1.074084e-02,-1.076990e-03,2.422779e-02,3.391607e-03,-1.562498e-03,2.931383e-03,-1.197639e-03,-3.857275e-02,3.343378e-02,1.012243e-01,4.811397e-02,2.149488e-02,3.154047e-02,5.444456e-02,6.555133e-02,6.136972e-02,9.249207e-02,2.673600e-01,1.095990e-01,4.691863e-03,1.178656e-01,-9.033257e-02,-1.669989e-02,-4.328804e-02,-1.372659e-01,-1.259405e-01,-5.088537e-02,2.215124e-02,3.578936e-02,2.513915e-02,3.891128e-02,4.992960e-02,-4.724934e-03,6.250003e+00,-2.083334e+00,-3.135417e+02,-2.958333e+02,1.846622e-02,-1.859908e-01,-2.012188e+05,3.847076e-01,1.940182e+00,-8.584392e-03,2.055398e+00,-8.048654e-01,-4.521611e+00,3.086686e+00,-8.245134e-01,-2.673902e+00,-3.828498e+00,-9.787585e-01,3.283791e+00,-2.026840e+00,-6.424438e-01,1.005003e+00
fru,5.360000,1.205644e+02,7.216763e-01,3.457940e-03,1.626645e-03,1.033666e-01,8.403895e-01,1.150347e+00,5.461475e-02,9.895834e-02,1.633554e-01,2.651730e-01,3.777721e-01,7.578387e-01,1.134005e+00,7.108855e-01,7.974465e-01,8.012023e-01,8.517173e-01,8.060468e-01,7.642028e-01,8.909941e-01,1.768333e+00,2.782483e+00,2.432124e+00,2.663041e+00,1.786452e+00,1.538872e+00,1.919021e+00,1.675573e+00,1.273139e+00,1.289497e+00,6.827574e-01,6.523185e-01,5.901461e-01,5.346274e-01,3.337115e-01,6.126277e-02,3.437500e+02,3.854167e+02,4.166667e+02,1.822917e+03,1.997401e-01,3.984249e+00,5.705696e+05,2.357376e+00,8.351934e+00,-6.393868e-02,2.805476e+01,-1.341977e+01,5.391179e+01,-1.037300e+00,-2.198438e+01,-3.065022e+01,-1.981955e+01,1.245522e+01,-1.765393e+01,-1.320671e+01,2.558880e+01,3.336005e+00,-4.734680e+00,-1.027306e-02,9.441106e-03,5.584478e-03,1.486102e-03,-2.079049e-02,-5.112803e-03,1.751472e-03,-9.791663e-03,-3.285073e-03,-3.076309e-03,-6.674760e-03,4.530916e-02,7.088681e-02,7.336830e-02,2.877867e-02,3.379903e-02,5.431654e-02,7.867764e-02,9.169420e-02,1.427264e-01,2.933232e-01,-7.384493e-02,-1.010655e-01,-7.443128e-02,-1.902117e-01,-5.883628e-02,-1.205972e-01,-2.048357e-01,-1.696152e-01,-1.019823e-01,1.030383e-02,2.282097e-02,3.600055e-03,2.591778e-02,3.286572e-02,-1.134718e-02,-1.145833e+01,-7.291669e+00,-2.583333e+02,-4.145833e+02,1.920191e-02,-1.411097e-01,-2.132755e+05,5.247192e-01,2.871054e+00,-5.030713e-03,2.634970e+00,-9.728922e-01,-5.674071e+00,1.962943e+00,1.060710e+00,-2.223924e+00,-3.939584e+00,-2.922145e+00,4.272841e+00,-4.210887e-01,-2.819586e+00,-4.082870e-01
fru,5.370000,1.148489e+02,7.135882e-01,2.061201e-02,1.795317e-02,1.037138e-01,8.101764e-01,1.128290e+00,5.619409e-02,8.229167e-02,1.566572e-01,2.629947e-01,3.984179e-01,8.257384e-01,1.190639e+00,7.920501e-01,8.387260e-01,8.443859e-01,9.023612e-01,8.853281e-01,8.776360e-01,1.058136e+00,2.122823e+00,2.600747e+00,2.270700e+00,2.453158e+00,1.520048e+00,1.447016e+00,1.737206e+00,1.416360e+00,1.075605e+00,1.161613e+00,6.877697e-01,6.708787e-01,5.835671e-01,5.549638e-01,3.479029e-01,4.696365e-02,3.020833e+02,3.645833e+02,4.166667e+02,1.333333e+03,2.246616e-01,3.971307e+00,3.984728e+05,2.871284e+00,1.138071e+01,-6.539857e-02,3.081110e+01,-1.416273e+01,4.672837e+01,1.326830e+00,-2.147577e+01,-3.289749e+01,-2.360267e+01,8.732809e+00,-1.341411e+01,-1.250847e+01,1.808717e+01,2.196391e+00,-4.505292e+00,-1.204656e-02,1.516740e-02,8.239339e-03,-9.900341e-03,-4.134620e-02,-2.923515e-02,-1.290243e-03,-1.270833e-02,-7.671273e-03,-3.848821e-03,1.525928e-02,2.952003e-02,2.443258e-02,1.091097e-01,2.554878e-02,3.607878e-02,6.610253e-02,9.864338e-02,1.318986e-01,1.917338e-01,2.358510e-01,-2.605477e-01,-1.832246e-01,-2.199200e-01,-2.287749e-01,-9.316640e-02,-1.891977e-01,-2.482468e-01,-1.634303e-01,-1.175091e-01,1.649547e-03,5.593389e-03,-1.951853e-02,3.520745e-03,-6.465554e-03,-1.386567e-02,-2.187500e+01,0,-9.583334e+01,-4.354167e+02,1.473632e-02,-4.784436e-02,-1.547418e+05,5.427017e-01,3.792084e+00,2.189852e-03,2.549035e+00,-7.036150e-01,-5.665457e+00,2.477126e-01,2.480884e+00,2.134672e-01,-2.780435e+00,-4.563203e+00,5.388012e+00,2.590408e+00,-2.475133e+00,-1.308798e+00
fru,5.380000,1.102626e+02,7.090198e-01,4.137643e-02,2.222499e-02,7.861574e-02,7.558796e-01,1.088679e+00,5.142478e-02,6.562500e-02,1.450251e-01,2.591549e-01,4.327969e-01,8.511713e-01,1.182212e+00,9.389232e-01,8.612769e-01,8.903254e-01,9.844912e-01,9.970984e-01,1.033516e+00,1.305954e+00,2.387355e+00,2.208705e+00,2.040822e+00,2.153615e+00,1.274890e+00,1.323450e+00,1.492969e+00,1.131095e+00,9.273201e-01,1.045153e+00,6.800941e-01,6.706274e-01,5.421716e-01,5.454405e-01,3.013078e-01,3.141154e-02,2.916667e+02,3.854167e+02,4.375000e+02,8.645833e+02,2.410044e-01,4.029211e+00,3.047323e+05,3.318360e+00,1.459508e+01,-5.583781e-02,3.302695e+01,-1.568197e+01,4.172669e+01,-7.221962e-01,-1.683102e+01,-3.189799e+01,-2.663184e+01,2.945693e+00,-6.523527e+00,-6.397757e+00,1.714073e+01,-1.881508e-02,-2.481424e+01,-1.393163e-02,3.280778e-03,1.131771e-03,-2.442067e-02,-5.849530e-02,-4.725896e-02,-3.836520e-03,-1.010417e-02,-8.469688e-03,-4.167765e-03,1.707933e-02,-1.270847e-02,-2.253196e-02,1.262323e-01,1.144624e-02,3.041654e-02,7.745530e-02,1.216891e-01,1.718124e-01,2.009417e-01,5.881741e-02,-3.903464e-01,-2.319448e-01,-2.892470e-01,-2.080485e-01,-1.031825e-01,-2.144076e-01,-2.426501e-01,-1.301621e-01,-1.117764e-01,-2.176589e-03,-1.619803e-02,-3.536968e-02,-2.123489e-02,-3.865372e-02,-1.282135e-02,-1.979167e+01,3.125000e+00,9.375000e+00,-3.468750e+02,1.262933e-04,-2.948642e-03,-9.312285e+04,5.720851e-01,5.711343e+00,7.849139e-03,2.360466e+00,-7.146464e-02,-4.832919e+00,-1.482805e+00,4.203958e+00,3.531888e+00,-1.328933e+00,-5.485871e+00,5.160249e+00,4.664588e+00,6.430149e-02,-1.844532e+00
fru,5.390000,1.078353e+02,6.813567e-01,6.033568e-02,3.252416e-02,6.624031e-02,6.812350e-01,1.033086e+00,4.515472e-02,6.041667e-02,1.350018e-01,2.531660e-01,4.493997e-01,8.040986e-01,1.125304e+00,1.100745e+00,8.623219e-01,9.141223e-01,1.073245e+00,1.133534e+00,1.225433e+00,1.539620e+00,2.339920e+00,1.722412e+00,1.782007e+00,1.838418e+00,1.097283e+00,1.219415e+00,1.262266e+00,8.856258e-01,8.268595e-01,9.424927e-01,6.776426e-01,6.415535e-01,4.982307e-01,5.101122e-01,2.305135e-01,1.868309e-02,2.708333e+02,3.958333e+02,4.479167e+02,5.312500e+02,2.331518e-01,4.016639e+00,2.428868e+05,3.890057e+00,2.078273e+01,-4.235452e-02,3.499398e+01,-1.489352e+01,3.667864e+01,-2.565881e+00,-1.319441e+01,-2.398368e+01,-2.540094e+01,-3.179750e+00,-1.556342e-01,-2.120661e-01,1.906810e+01,-1.219569e+00,-3.399605e+01,-1.562656e-02,-8.260045e-03,-5.813133e-03,-2.860434e-02,-6.988923e-02,-6.272213e-02,-4.803283e-03,-5.208335e-03,-6.295979e-03,-3.547335e-03,3.252119e-03,-5.988110e-02,-5.690380e-02,9.727336e-02,-7.619870e-03,1.590032e-02,7.647251e-02,1.383103e-01,2.012746e-01,1.367949e-01,-1.805239e-01,-4.228690e-01,-2.531987e-01,-3.108565e-01,-1.707415e-01,-9.868115e-02,-2.026260e-01,-1.987115e-01,-9.793565e-02,-1.019723e-01,-3.065914e-03,-3.807659e-02,-4.215237e-02,-4.439288e-02,-4.849475e-02,-1.000651e-02,-1.770833e+01,-6.250000e+00,7.291666e+00,-2.083333e+02,-1.343593e-02,-1.685145e-02,-6.514570e+04,5.631479e-01,6.810792e+00,9.336099e-03,2.154357e+00,7.317852e-01,-3.819589e+00,-2.331275e+00,5.497895e+00,4.955946e+00,5.715445e-01,-5.689636e+00,3.144195e+00,4.321236e+00,2.176318e+00,-1.853299e+00
fru,5.400000,0,6.681340e-01,0,0,0,6.123837e-01,9.616542e-01,4.095184e-02,5.937500e-02,1.318346e-01,2.492486e-01,4.376778e-01,7.051163e-01,1.054013e+00,1.187699e+00,8.428798e-01,9.184167e-01,1.153552e+00,1.290389e+00,1.449366e+00,1.654961e+00,1.953872e+00,1.269919e+00,1.516747e+00,1.524175e+00,9.575925e-01,1.136760e+00,1.084453e+00,7.276896e-01,7.467012e-01,8.401754e-01,6.769381e-01,5.859910e-01,4.559660e-01,4.508787e-01,1.991376e-01,1.129630e-02,2.604167e+02,3.854167e+02,4.479167e+02,4.895833e+02,1.961265e-01,3.946840e+00,1.827484e+05,4.708416e+00,3.220764e+01,-3.621500e-02,3.776565e+01,-1.341169e+01,3.477206e+01,-6.504968e+00,-5.105277e+00,-1.744769e+01,-2.556508e+01,-9.017856e+00,1.518081e+00,3.968028e+00,2.541985e+01,-4.178676e+00,-3.283606e+01,-1.183681e-02,-1.430885e-02,-7.697416e-03,-2.234718e-02,-7.371997e-02,-7.502865e-02,-4.629186e-03,-2.187502e-03,-4.138702e-03,-1.609823e-03,-1.305586e-02,-8.624928e-02,-8.003911e-02,2.521019e-02,-2.516861e-02,1.083362e-03,5.110734e-02,1.350929e-01,2.004301e-01,7.223261e-03,-3.650971e-01,-3.621443e-01,-2.508893e-01,-3.026744e-01,-1.432240e-01,-9.970085e-02,-1.762197e-01,-1.423377e-01,-7.628722e-02,-8.763511e-02,-2.859604e-03,-5.122105e-02,-4.217829e-02,-5.816155e-02,-4.604555e-02,-6.458585e-03,-1.666666e+01,-1.875000e+01,0,-8.020833e+01,-1.864432e-02,-2.693198e-02,-4.901505e+04,4.589949e-01,6.526246e+00,8.587415e-03,1.785341e+00,1.349719e+00,-3.240257e+00,-2.230391e+00,5.525813e+00,3.439461e+00,2.354917e+00,-5.372238e+00,-1.301716e-01,2.540728e+00,2.239167e+00,-1.822933e+00
fru,5.410000,0,6.558984e-01,0,0,0,5.324782e-01,8.781913e-01,3.741414e-02,5.937500e-02,1.317725e-01,2.502112e-01,4.122380e-01,5.993604e-01,9.702197e-01,1.154029e+00,8.098252e-01,9.098418e-01,1.200193e+00,1.430234e+00,1.676084e+00,1.567607e+00,1.436945e+00,9.557950e-01,1.266744e+00,1.213595e+00,8.249894e-01,1.046955e+00,9.283344e-01,6.245057e-01,6.762362e-01,7.542398e-01,6.740181e-01,5.228139e-01,4.159081e-01,3.802803e-01,1.565143e-01,6.988705e-03,2.291667e+02,3.333333e+02,4.479167e+02,4.791667e+02,1.799209e-01,3.928235e+00,1.337363e+05,4.991996e+00,3.662839e+01,-2.852947e-02,3.921353e+01,-1.163894e+01,3.110774e+01,-7.438160e+00,1.508300e-01,-1.534291e+01,-2.127833e+01,-1.373360e+01,-1.713941e+00,3.914814e+00,2.482921e+01,-4.990172e+00,-2.156706e+01,-6.395238e-03,-1.206714e-02,-6.504833e-03,-1.324806e-02,-6.979083e-02,-8.141234e-02,-4.760593e-03,-2.500001e-03,-5.049150e-03,-1.785657e-03,-2.539404e-02,-8.605353e-02,-9.676968e-02,-5.189836e-02,-4.082620e-02,-9.725118e-03,7.323599e-03,1.137732e-01,1.424829e-01,-1.295723e-01,-4.074193e-01,-2.526520e-01,-2.319928e-01,-2.700598e-01,-1.261033e-01,-1.152771e-01,-1.519227e-01,-9.337047e-02,-5.925481e-02,-6.715128e-02,-5.763757e-03,-4.910243e-02,-4.242647e-02,-6.073014e-02,-4.294080e-02,-3.605119e-03,-5.208336e+00,-1.250000e+01,-1.041666e+00,-4.166669e+00,-1.343962e-02,-1.166124e-02,-3.037356e+04,2.257516e-01,3.855046e+00,7.836439e-03,9.329864e-01,1.125487e+00,-2.802780e+00,-2.288381e+00,4.454283e+00,8.382862e-01,3.343129e+00,-3.774656e+00,-2.139655e+00,9.322466e-01,2.221258e+00,-8.183419e-01
fru,5.420000,0,6.625649e-01,0,0,0,4.616581e-01,7.909830e-01,3.214914e-02,5.520833e-02,1.259462e-01,2.525832e-01,3.860985e-01,5.222940e-01,8.595588e-01,1.038332e+00,7.616822e-01,8.978825e-01,1.176554e+00,1.524213e+00,1.810341e+00,1.328077e+00,1.013356e+00,7.812922e-01,1.044006e+00,9.526549e-01,6.949167e-01,9.111754e-01,7.788364e-01,5.499668e-01,6.211956e-01,7.011041e-01,6.676083e-01,4.738919e-01,3.724414e-01,3.195487e-01,1.080797e-01,4.965804e-03,2.291667e+02,3.229167e+02,4.375000e+02,4.895833e+02,1.743983e-01,3.938753e+00,1.142322e+05,5.062365e+00,3.930348e+01,-1.981325e-02,3.984388e+01,-1.056067e+01,2.831086e+01,-9.438009e+00,4.125426e+00,-1.902107e+01,-1.691856e+01,-1.863857e+01,-6.395231e+00,4.242441e+00,2.545602e+01,-7.248178e+00,0,-5.555731e-03,0,0,0,-6.467643e-02,-8.137491e-02,-5.375484e-03,-2.812500e-03,-8.433901e-03,-5.873322e-03,-3.430368e-02,-7.209639e-02,-1.087166e-01,-1.017281e-01,-5.151656e-02,-2.164816e-02,-4.351431e-02,6.999920e-02,1.817534e-02,-2.142226e-01,-3.247014e-01,-1.461933e-01,-2.017801e-01,-2.151084e-01,-1.042113e-01,-1.327744e-01,-1.321314e-01,-5.837818e-02,-4.468299e-02,-4.677665e-02,-7.940108e-03,-3.327706e-02,-4.076714e-02,-5.314678e-02,-4.050512e-02,-2.088834e-03,-1.041667e+00,-7.291663e+00,-4.166663e+00,5.208331e+00,-9.197945e-03,-2.749829e-02,-1.373218e+04,8.173962e-02,1.769718e+00,7.325223e-03,1.255150e-02,8.572091e-01,-1.887346e+00,-1.551515e+00,2.523380e+00,-3.164962e-01,4.256495e+00,-1.477065e+00,-1.081618e+00,-7.548218e-01,2.115140e+00,1.213232e-01
fru,5.430000,0,6.521651e-01,0,0,0,4.076436e-01,7.113597e-01,2.575311e-02,5.000000e-02,1.127003e-01,2.425704e-01,3.482192e-01,4.652421e-01,7.386827e-01,9.159369e-01,6.987897e-01,8.757639e-01,1.098362e+00,1.585489e+00,1.757360e+00,1.055200e+00,7.730813e-01,7.034658e-01,8.584132e-01,7.738793e-01,5.981047e-01,7.558219e-01,6.554608e-01,5.076348e-01,5.933383e-01,6.762719e-01,6.534887e-01,4.520909e-01,3.278606e-01,2.721266e-01,6.133853e-02,3.822736e-03,2.604167e+02,3.645833e+02,4.479167e+02,5.104167e+02,1.768178e-01,3.962376e+00,1.252770e+05,4.841840e+00,3.651004e+01,-1.137321e-02,3.861980e+01,-1.069160e+01,2.589534e+01,-1.254126e+01,4.461653e+00,-1.900556e+01,-1.300855e+01,-1.724267e+01,-6.897253e+00,4.311961e+00,3.015630e+01,-3.776527e+00,0,-1.332140e-01,0,0,0,-5.562740e-02,-7.553792e-02,-5.747641e-03,5.208336e-04,-1.100528e-02,-1.289682e-02,-4.141746e-02,-6.055782e-02,-1.090472e-01,-1.172410e-01,-5.578559e-02,-3.909103e-02,-8.140944e-02,5.830586e-03,-1.357259e-01,-2.184622e-01,-1.967761e-01,-7.820150e-02,-1.627560e-01,-1.495982e-01,-6.977710e-02,-1.293705e-01,-1.058282e-01,-2.732179e-02,-3.591041e-02,-3.650001e-02,-8.777076e-03,-1.254122e-02,-3.401118e-02,-3.980839e-02,-3.212760e-02,-1.331365e-03,1.041666e+00,-5.208331e+00,-5.208328e+00,7.291666e+00,-1.257631e-02,-2.246072e-02,2.949286e+03,2.071529e-02,3.388878e-01,5.839518e-03,-7.980984e-01,5.459703e-01,-5.122935e-01,-6.213264e-01,4.966590e-01,4.064146e-01,3.417989e+00,8.788791e-01,1.117516e+00,-2.219827e+00,1.701995e+00,6.562328e-01
fru,5.440000,0,6.422220e-01,0,0,0,3.514188e-01,6.381954e-01,1.990494e-02,5.000000e-02,9.920124e-02,2.237024e-01,2.981688e-01,4.116934e-01,6.261986e-01,7.981047e-01,6.408148e-01,8.272149e-01,9.868959e-01,1.562758e+00,1.499605e+00,8.400508e-01,6.622968e-01,6.651168e-01,7.120120e-01,6.684911e-01,5.499783e-01,6.184546e-01,5.602325e-01,4.942341e-01,5.647352e-01,6.452761e-01,6.475022e-01,4.549672e-01,2.961540e-01,2.392217e-01,4.419988e-02,2.435113e-03,2.395833e+02,3.333333e+02,4.270833e+02,500,1.516883e-01,3.792277e+00,1.183171e+05,5.192192e+00,4.111541e+01,-8.167023e-03,3.812527e+01,-9.599320e+00,2.794153e+01,-1.171099e+01,5.356211e+00,-1.719885e+01,-8.417488e+00,-1.464864e+01,-1.298350e+00,-4.653613e-03,3.333200e+01,-4.178883e+00,0,-1.977295e-01,0,0,0,-4.978294e-02,-6.675893e-02,-5.398187e-03,7.916667e-03,-1.098543e-02,-1.890221e-02,-4.468908e-02,-5.713494e-02,-1.001178e-01,-1.177790e-01,-5.213052e-02,-6.087286e-02,-9.723923e-02,-7.932992e-02,-2.531226e-01,-1.664823e-01,-9.096234e-02,-4.726005e-02,-1.193442e-01,-9.250965e-02,-2.886381e-02,-9.779132e-02,-7.468395e-02,-1.668668e-03,-3.579434e-02,-3.683781e-02,-8.066749e-03,3.172991e-03,-2.147780e-02,-2.485918e-02,-2.190967e-02,-1.051353e-03,-1.145833e+01,-1.666666e+01,-8.333331e+00,5.208333e+01,-1.921982e-02,1.119976e-02,2.625496e+04,-1.134031e-01,-2.012168e+00,4.012539e-03,-1.582945e+00,2.663990e-01,5.435076e-01,1.013041e+00,-1.080158e+00,1.210430e+00,2.583669e+00,2.379970e+00,2.400923e+00,-3.717761e+00,-1.232275e+00,6.366391e-01
fru,5.450000,0,0,0,0,0,3.094608e-01,5.768955e-01,1.479804e-02,6.458333e-02,9.011862e-02,2.001675e-01,2.491156e-01,3.518716e-01,5.416636e-01,6.879379e-01,5.913309e-01,7.497204e-01,8.879752e-01,1.440114e+00,1.152823e+00,7.193087e-01,6.285949e-01,6.228752e-01,6.189613e-01,6.076865e-01,5.485731e-01,5.464635e-01,5.084953e-01,5.157631e-01,5.249143e-01,5.996538e-01,6.401858e-01,4.695702e-01,2.839959e-01,2.214019e-01,2.781615e-02,1.597227e-03,2.291667e+02,3.020833e+02,4.270833e+02,5.104167e+02,1.283944e-01,3.889169e+00,1.464403e+05,5.030659e+00,3.741687e+01,-5.155002e-03,3.608234e+01,-9.389765e+00,2.873094e+01,-9.408301e+00,2.018732e+00,-1.422194e+01,-8.438919e+00,-1.133417e+01,1.325196e+00,-5.060774e+00,2.940119e+01,-3.243655e+00,0,-6.810813e-02,0,0,0,-4.237967e-02,-5.675265e-02,-4.399997e-03,1.333333e-02,-9.646184e-03,-2.077656e-02,-3.938140e-02,-5.425237e-02,-8.944352e-02,-1.143957e-01,-4.334325e-02,-7.834447e-02,-9.745655e-02,-1.664814e-01,-2.859530e-01,-1.006329e-01,-2.778476e-02,-3.668717e-02,-7.721335e-02,-4.985725e-02,3.407907e-03,-5.690473e-02,-4.831058e-02,1.032165e-02,-3.877012e-02,-3.820699e-02,-7.265377e-03,9.408260e-03,-7.753655e-03,-9.846030e-03,-1.341557e-02,-7.944528e-04,-1.979166e+01,-2.083334e+01,-1.041667e+01,8.125001e+01,-2.490840e-02,8.749332e-02,4.228151e+04,-2.872655e-01,-4.430284e+00,2.477247e-03,-1.842009e+00,6.001091e-02,8.649706e-01,2.299871e+00,-2.033326e+00,2.179025e-01,1.871397e+00,2.249499e+00,1.497302e+00,-3.552791e+00,-4.527225e+00,-6.941897e-01
fru,5.460000,0,0,0,0,0,2.618349e-01,5.244204e-01,1.063574e-02,8.750000e-02,8.230987e-02,1.792736e-01,2.122049e-01,2.933046e-01,4.574794e-01,5.634369e-01,5.547590e-01,6.565399e-01,7.955511e-01,1.200250e+00,8.469967e-01,6.636110e-01,6.307878e-01,5.852872e-01,5.670113e-01,5.732031e-01,5.753635e-01,5.268980e-01,4.788995e-01,5.375593e-01,4.764358e-01,5.552241e-01,6.339260e-01,4.810172e-01,2.869848e-01,2.206151e-01,1.529252e-02,8.217925e-04,1.875000e+02,2.708333e+02,4.062500e+02,750,1.025109e-01,4.031355e+00,2.349254e+05,4.400939e+00,2.878922e+01,-2.859664e-03,3.319788e+01,-9.879588e+00,2.961060e+01,-5.939287e+00,-5.390592e-02,-1.536072e+01,-6.285032e+00,-9.692974e+00,1.498159e+00,-9.659996e+00,1.967220e+01,-4.331419e+00,0,-6.517086e-02,0,0,0,-3.423277e-02,-4.529294e-02,-3.194687e-03,1.083333e-02,-8.915142e-03,-2.051339e-02,-2.887747e-02,-4.629174e-02,-8.190201e-02,-1.046970e-01,-3.448852e-02,-7.862123e-02,-9.137888e-02,-2.171702e-01,-2.357065e-01,-5.650362e-02,3.063792e-03,-2.891266e-02,-4.156305e-02,-1.880672e-02,1.759768e-02,-2.635229e-02,-2.990637e-02,6.307101e-03,-3.177993e-02,-2.973816e-02,-8.731711e-03,8.839408e-03,2.542710e-03,4.889374e-03,-9.775197e-03,-4.788920e-04,-1.666667e+01,-9.375006e+00,-6.250003e+00,1.302083e+02,-2.331934e-02,1.748513e-01,5.810309e+04,-5.015696e-01,-6.763424e+00,1.795775e-03,-2.052534e+00,-6.937780e-02,-2.782478e-02,2.291904e+00,-2.197118e+00,-3.604999e-01,1.970533e+00,2.080415e+00,-6.914107e-01,-1.954378e+00,-5.565379e+00,-1.360030e+00
fru,5.470000,0,6.327354e-01,0,0,0,2.405373e-01,4.844840e-01,8.387723e-03,9.791666e-02,7.291502e-02,1.609020e-01,1.942941e-01,2.531747e-01,3.758247e-01,4.612922e-01,5.251013e-01,5.693790e-01,7.067518e-01,9.343355e-01,6.538990e-01,6.402555e-01,6.499119e-01,5.599447e-01,5.448468e-01,5.722371e-01,6.024516e-01,5.170766e-01,4.545744e-01,5.375804e-01,4.436374e-01,5.302629e-01,6.239499e-01,4.861072e-01,2.936769e-01,2.321997e-01,8.714389e-03,6.571327e-04,1.875000e+02,2.916667e+02,4.062500e+02,7.916667e+02,7.686453e-02,4.280304e+00,2.783805e+05,3.801139e+00,2.052171e+01,-1.640650e-03,3.187345e+01,-1.025141e+01,2.938566e+01,-3.927760e+00,-2.999920e+00,-1.883511e+01,-4.717797e+00,-8.473011e+00,-8.089952e-01,-8.624324e+00,1.435007e+01,-7.171208e+00,0,0,0,0,0,-2.475705e-02,-3.322420e-02,-2.004660e-03,1.875001e-03,-8.463455e-03,-1.832679e-02,-1.778317e-02,-3.327223e-02,-7.342567e-02,-8.560981e-02,-2.577885e-02,-6.015684e-02,-8.609299e-02,-2.132981e-01,-1.463366e-01,-4.180017e-02,1.253489e-02,-1.851458e-02,-1.776094e-02,3.042877e-03,1.179370e-02,-1.395989e-02,-1.902803e-02,-6.904596e-03,-1.091412e-02,-1.518637e-02,-9.465581e-03,8.300665e-03,7.706392e-03,1.487143e-02,-5.623455e-03,-2.622522e-04,-1.145834e+01,-4.166669e+00,-2.083337e+00,8.437500e+01,-2.046145e-02,1.558332e-01,4.571598e+04,-3.961434e-01,-5.146425e+00,1.033626e-03,-1.531023e+00,2.191570e-01,-3.200865e-01,1.279080e+00,-9.897060e-01,-8.286664e-01,1.795314e+00,1.650148e+00,-1.181906e+00,-8.315617e-01,-3.773064e+00,-2.535879e+00
fru,5.480000,0,0,0,0,0,2.147167e-01,4.579364e-01,7.136658e-03,8.750000e-02,6.322733e-02,1.407682e-01,1.811922e-01,2.295832e-01,2.996080e-01,3.879426e-01,5.014870e-01,5.242794e-01,6.206132e-01,7.297964e-01,5.705340e-01,5.970592e-01,6.669572e-01,5.520188e-01,5.412540e-01,5.921822e-01,6.110274e-01,5.013866e-01,4.376610e-01,5.148609e-01,4.464741e-01,5.312807e-01,6.119616e-01,4.908957e-01,3.040271e-01,2.582697e-01,4.874771e-03,5.107003e-04,1.770833e+02,2.916667e+02,4.062500e+02,1.010417e+03,6.085650e-02,4.470966e+00,3.428625e+05,3.299104e+00,1.574586e+01,-9.453239e-04,2.996705e+01,-9.515386e+00,2.747504e+01,-2.991742e+00,-3.120054e+00,-1.669477e+01,-4.253862e-01,-5.677143e+00,-3.688308e+00,-7.994766e+00,1.303067e+01,-9.015257e+00,0,-6.327353e-02,0,0,0,-1.635082e-02,-2.075271e-02,-1.147107e-03,-3.854164e-03,-6.799760e-03,-1.478219e-02,-9.501169e-03,-2.101628e-02,-5.660784e-02,-5.823595e-02,-1.636564e-02,-2.641302e-02,-7.776423e-02,-1.614757e-01,-6.185638e-02,-4.294080e-02,8.560496e-03,-1.348583e-02,-2.998686e-03,1.152593e-02,-6.191301e-03,-6.728396e-03,-7.213139e-03,-1.511602e-02,1.709218e-02,-2.753425e-03,-8.583928e-03,1.064072e-02,1.032287e-02,1.911755e-02,-2.690646e-03,-1.187642e-04,-5.208333e+00,-6.250000e+00,-1.041666e+00,1.979166e+01,-1.509096e-02,8.995905e-02,2.177685e+04,-1.432816e-01,-1.943306e+00,4.952778e-04,-9.859125e-01,6.920213e-01,-6.524757e-01,-1.463486e-01,1.560736e-01,5.943950e-01,1.129457e+00,2.204883e+00,-2.802423e-01,-2.238503e-01,-1.761223e+00,-2.645961e+00
fru,5.490000,0,0,0,0,0,2.092347e-01,4.440165e-01,6.524274e-03,7.395834e-02,5.734261e-02,1.277863e-01,1.757061e-01,2.173711e-01,2.534709e-01,3.476360e-01,4.890727e-01,5.150664e-01,5.449792e-01,6.088512e-01,5.593710e-01,5.435837e-01,6.731846e-01,5.469365e-01,5.430353e-01,6.134113e-01,5.897096e-01,4.894198e-01,4.339744e-01,4.925893e-01,4.853246e-01,5.356936e-01,6.038401e-01,5.061342e-01,3.140067e-01,2.769318e-01,4.907743e-03,4.415123e-04,1.770833e+02,2.708333e+02,4.166667e+02,8.020833e+02,4.691429e-02,4.448529e+00,3.210517e+05,3.600860e+00,1.820642e+01,-9.440409e-04,3.004264e+01,-8.476081e+00,2.819828e+01,-4.486673e+00,-1.396724e+00,-1.769825e+01,-2.392170e+00,-5.091344e+00,-1.991102e+00,-1.005120e+01,1.385664e+01,-1.358113e+01,0,-1.265471e-01,0,0,0,-1.351518e-02,-1.028837e-02,-8.014679e-04,-1.145832e-03,-4.159345e-03,-1.000716e-02,-6.131654e-03,-1.548468e-02,-3.539635e-02,-3.472235e-02,-6.433624e-03,6.447417e-03,-6.592242e-02,-9.955495e-02,-7.234680e-03,-3.872823e-02,-1.161909e-03,-1.420754e-02,1.709074e-03,3.243750e-03,-2.373162e-02,7.046408e-03,7.261553e-03,-1.369623e-02,3.849363e-02,4.094672e-03,-3.808767e-03,1.474735e-02,1.263121e-02,1.720891e-02,-1.241344e-03,-9.228369e-05,-9.375000e+00,-1.041667e+01,1.354167e+01,3.541667e+01,-9.256666e-03,3.900981e-02,2.187098e+04,-1.212840e-02,5.853300e-02,2.296773e-04,-9.211082e-01,4.897424e-01,-8.701145e-01,-7.753930e-01,1.395040e+00,8.800470e-01,3.624777e-01,2.624521e+00,2.655158e+00,-5.127357e-01,-1.064648e+00,-1.951536e+00
fru,5.500000,0,0,0,0,0,1.957321e-01,4.408906e-01,5.831927e-03,8.020834e-02,5.609727e-02,1.219205e-01,1.739931e-01,2.061249e-01,2.356170e-01,3.290853e-01,4.909451e-01,5.516311e-01,4.876163e-01,5.556139e-01,5.849788e-01,4.972429e-01,6.619540e-01,5.243621e-01,5.529236e-01,6.102456e-01,5.507780e-01,5.070844e-01,4.531338e-01,4.844748e-01,5.410531e-01,5.387416e-01,6.010613e-01,5.242073e-01,3.284343e-01,2.938368e-01,3.742611e-03,3.357817e-04,1.666667e+02,250,3.958333e+02,8.437500e+02,4.203122e-02,4.397038e+00,3.224740e+05,3.784671e+00,2.023034e+01,-7.315790e-04,2.918373e+01,-7.307148e+00,2.694191e+01,-6.391573e+00,-7.513586e-02,-1.295717e+01,-1.800563e+00,-3.593925e-01,6.880010e-01,-1.006581e+01,1.111280e+01,-1.435626e+01,0,0,0,0,0,-1.272778e-02,-3.424460e-03,-7.318316e-04,6.562500e-03,-1.591112e-03,-5.070660e-03,-5.623055e-03,-1.624158e-02,-1.757532e-02,-1.953488e-02,6.720006e-04,2.418299e-02,-5.109831e-02,-5.364745e-02,1.407837e-02,-2.047334e-02,-9.720904e-03,-1.624604e-02,-8.884668e-04,-1.133125e-02,-2.989491e-02,2.204770e-02,1.743330e-02,-6.172973e-03,4.467970e-02,8.381242e-03,4.615533e-03,1.660883e-02,1.366115e-02,9.713337e-03,-7.585718e-04,-7.326832e-05,-1.354167e+01,-1.354167e+01,1.875000e+01,8.124999e+01,-5.862905e-03,2.693505e-02,3.154784e+04,-3.787527e-02,6.647072e-02,1.429204e-04,-9.632751e-01,1.747417e-02,-7.951918e-01,-4.701559e-01,2.205386e+00,9.614350e-01,1.708659e+00,2.350821e+00,3.898436e+00,-2.685123e-01,-1.139568e+00,-1.181511e+00
fru,5.510000,0,0,0,0,0,1.824537e-01,4.415650e-01,5.032749e-03,9.583333e-02,5.568333e-02,1.202901e-01,1.672354e-01,1.874804e-01,2.308384e-01,3.171091e-01,4.982041e-01,5.879403e-01,4.436382e-01,5.236520e-01,6.105031e-01,4.965225e-01,6.466040e-01,5.027353e-01,5.475574e-01,5.794241e-01,5.139182e-01,5.494597e-01,4.831458e-01,4.842924e-01,5.888160e-01,5.470058e-01,6.103563e-01,5.431882e-01,3.446294e-01,3.004607e-01,3.073749e-03,2.831734e-04,1.458333e+02,2.604167e+02,4.791667e+02,1.052083e+03,3.999385e-02,4.512317e+00,3.979296e+05,3.497713e+00,1.857214e+01,-5.991351e-04,2.765957e+01,-8.906819e+00,2.530165e+01,-6.104809e+00,2.452821e+00,-1.630367e+01,-2.217820e+00,1.990717e+00,1.027864e+01,-1.015248e+01,9.985768e+00,-1.425839e+01,0,0,0,0,0,-1.415194e-02,-5.461216e-04,-7.849977e-04,1.479166e-02,-7.620770e-04,-4.456013e-03,-8.896041e-03,-1.973596e-02,-1.098193e-02,-1.465173e-02,-3.387749e-04,2.259687e-02,-3.315455e-02,-2.696446e-02,1.092393e-02,1.582235e-04,-1.460060e-02,-1.130542e-02,-7.215172e-03,-1.934122e-02,-2.093539e-02,2.712739e-02,1.870170e-02,1.473203e-03,3.705717e-02,1.725738e-02,1.453353e-02,1.446816e-02,1.360727e-02,1.235062e-03,-9.769977e-04,-5.705575e-05,-6.249999e+00,8.333330e+00,7.395834e+01,2.531250e+02,-3.806153e-03,1.418235e-01,9.061534e+04,-3.249727e-01,-2.237867e+00,1.834801e-04,-1.644119e+00,-1.074683e+00,-1.306064e+00,-5.963217e-01,2.192808e+00,5.282530e-01,3.027684e+00,7.969247e-01,2.584651e+00,-8.318844e-02,-4.541398e-01,4.585577e-01
fru,5.520000,0,0,0,0,0,1.644683e-01,4.420399e-01,4.223262e-03,1.093750e-01,5.610142e-02,1.191630e-01,1.573122e-01,1.633207e-01,2.230476e-01,3.055317e-01,5.002813e-01,6.087574e-01,4.157921e-01,5.041587e-01,6.153598e-01,5.182231e-01,6.316430e-01,4.928892e-01,5.345507e-01,5.525195e-01,4.994485e-01,5.816052e-01,5.002418e-01,4.881445e-01,6.181269e-01,5.675308e-01,6.317812e-01,5.554129e-01,3.570215e-01,2.950720e-01,1.998909e-03,2.235281e-04,125,2.291667e+02,4.687500e+02,1.291667e+03,3.500220e-02,4.573748e+00,4.621628e+05,3.161301e+00,1.589536e+01,-4.031748e-04,2.634221e+01,-9.212646e+00,2.494740e+01,-4.533453e+00,5.982101e+00,-1.258488e+01,8.030731e+00,2.535934e+00,9.668998e+00,-9.286687e+00,9.268260e+00,-1.458419e+01,0,0,0,0,0,-1.177350e-02,4.741043e-04,-7.119539e-04,1.770833e-02,-1.538370e-03,-6.989828e-03,-1.175714e-02,-2.013320e-02,-1.179708e-02,-1.536407e-02,-9.646785e-03,4.998612e-03,-9.934092e-03,-1.291223e-02,-6.124777e-03,1.026802e-02,-1.504001e-02,4.134297e-04,-1.210254e-02,-1.311010e-02,-2.274889e-03,1.939770e-02,1.356496e-02,1.253781e-02,2.783912e-02,3.139478e-02,2.527773e-02,1.184553e-02,1.153930e-02,-8.025372e-03,-8.083161e-04,-3.799554e-05,8.333334e+00,2.291667e+01,100,300,-4.897905e-03,2.083895e-01,1.248329e+05,-4.119993e-01,-3.202980e+00,1.534415e-04,-1.821024e+00,-1.255940e+00,-6.715807e-01,-1.589384e+00,1.932983e+00,-4.387903e-01,3.185207e+00,-1.380955e+00,-6.034069e-01,-1.099059e+00,4.228058e-01,1.305155e+00
fru,5.530000,0,0,0,0,0,1.541069e-01,4.407113e-01,3.403618e-03,1.333333e-01,5.353016e-02,1.068850e-01,1.395663e-01,1.400934e-01,2.048460e-01,2.861542e-01,4.827107e-01,5.994876e-01,4.151185e-01,4.997565e-01,5.988002e-01,5.338847e-01,6.153371e-01,5.061459e-01,5.161459e-01,5.455683e-01,5.106974e-01,5.877963e-01,5.039288e-01,4.981205e-01,6.320736e-01,6.075860e-01,6.611478e-01,5.628722e-01,3.677495e-01,2.824896e-01,8.946052e-04,2.123604e-04,1.666667e+02,3.229167e+02,750,1.843750e+03,3.139804e-02,5.069292e+00,704284,2.287681e+00,9.184581e+00,-1.908424e-04,2.324281e+01,-1.289675e+01,2.266522e+01,-8.397342e+00,6.538697e+00,-1.524313e+01,7.830602e+00,-2.554384e+00,6.441651e+00,-1.085670e+01,1.250821e+01,-1.117438e+01,0,0,0,0,0,-8.312248e-03,2.228686e-03,-4.785579e-04,1.302083e-02,-2.362231e-03,-9.813524e-03,-1.142251e-02,-1.402340e-02,-1.270208e-02,-1.577210e-02,-1.883542e-02,-8.752423e-03,1.705878e-02,-4.285795e-03,-2.596724e-02,5.723929e-03,-1.471989e-02,9.091449e-03,-8.436864e-03,1.497126e-03,1.483352e-02,9.777576e-03,1.160530e-02,2.956181e-02,2.407650e-02,4.274187e-02,3.326005e-02,1.033717e-02,8.617520e-03,-1.314336e-02,-5.428735e-04,-2.952426e-05,1.562500e+01,2.083334e+01,7.083334e+01,2.031250e+02,-4.455356e-03,1.592591e-01,1.010825e+05,-2.477780e-01,-2.030602e+00,1.034302e-04,-1.354178e+00,-6.106783e-01,-7.353210e-03,-2.393103e+00,9.474903e-01,-1.777513e-01,2.564941e+00,-1.283704e+00,-2.282048e+00,-2.296084e+00,1.086982e+00,1.726368e+00
fru,5.540000,0,0,0,0,0,1.510380e-01,4.436880e-01,3.086723e-03,1.500000e-01,4.948200e-02,9.367391e-02,1.290419e-01,1.291524e-01,1.896279e-01,2.677424e-01,4.504579e-01,5.708505e-01,4.522057e-01,5.030004e-01,5.602064e-01,5.299019e-01,6.023874e-01,5.247240e-01,5.081167e-01,5.616230e-01,5.410140e-01,5.849046e-01,5.105671e-01,5.402498e-01,6.586199e-01,6.654255e-01,7.020542e-01,5.735930e-01,3.745707e-01,2.626955e-01,7.906028e-04,1.812106e-04,1.979167e+02,3.333333e+02,7.604167e+02,1.947917e+03,2.183960e-02,5.160498e+00,7.934615e+05,2.329691e+00,8.909219e+00,-1.685177e-04,2.228699e+01,-1.159188e+01,2.490222e+01,-1.319223e+01,7.546841e+00,-1.568139e+01,9.101261e+00,-4.991620e+00,-4.105381e-01,-1.520899e+01,1.196561e+01,-9.372489e+00,0,0,0,0,0,-4.990287e-03,5.157569e-03,-1.521267e-04,1.041681e-04,-2.293090e-03,-8.650402e-03,-7.688651e-03,-2.220267e-03,-7.674491e-03,-1.082776e-02,-2.117251e-02,-1.327220e-02,3.788731e-02,-3.005418e-03,-3.924703e-02,2.019572e-03,-1.279311e-02,8.583379e-03,-6.315112e-04,1.012483e-02,2.260662e-02,6.734973e-03,1.640669e-02,4.700643e-02,2.524657e-02,4.276637e-02,3.774131e-02,1.289873e-02,6.617385e-03,-1.306677e-02,-1.453349e-04,-2.588799e-05,8.333333e+00,-1.041666e+00,-1.250000e+01,-3.541666e+01,-2.798293e-03,-6.314755e-04,1.709052e+04,1.125934e-01,7.601245e-01,3.138508e-05,-3.663124e-01,7.112867e-01,5.466396e-01,-1.916283e+00,3.760396e-01,-1.034595e+00,4.953878e-01,-8.458746e-01,-9.365956e-01,-2.522227e+00,9.479536e-01,8.151687e-01
fru,5.550000,0,0,0,0,0,1.476076e-01,4.518844e-01,3.208230e-03,1.406250e-01,4.718187e-02,8.396699e-02,1.242580e-01,1.344475e-01,1.840379e-01,2.571433e-01,4.289387e-01,5.631316e-01,5.107253e-01,5.028021e-01,5.082436e-01,5.193028e-01,5.876324e-01,5.322751e-01,5.185900e-01,5.823579e-01,5.673031e-01,5.966979e-01,5.360097e-01,6.060488e-01,6.889520e-01,7.117679e-01,7.415200e-01,5.857840e-01,3.789423e-01,2.509321e-01,9.635344e-04,1.567109e-04,1.875000e+02,3.125000e+02,6.875000e+02,1.739583e+03,2.429837e-02,5.015237e+00,7.376928e+05,2.674628e+00,1.191220e+01,-1.993126e-04,2.291629e+01,-1.077059e+01,2.528747e+01,-1.374094e+01,6.407902e+00,-1.564417e+01,1.007162e+01,-6.640241e-01,3.908170e+00,-1.867175e+01,1.407200e+01,-8.232392e+00,0,1.268104e-01,0,0,0,-2.414905e-03,8.194077e-03,1.171316e-04,-1.312500e-02,3.712453e-04,-4.891045e-04,-9.621262e-04,1.194276e-02,2.912666e-03,8.848906e-04,-1.178186e-02,-1.018071e-03,4.403942e-02,-7.701948e-03,-3.982463e-02,6.339753e-03,-7.872492e-03,2.941132e-04,8.014935e-03,7.503641e-03,2.174019e-02,6.506157e-03,2.118350e-02,5.358992e-02,2.350297e-02,2.570945e-02,3.527064e-02,1.593860e-02,5.688292e-03,-8.736432e-03,2.112972e-04,-2.513070e-05,-1.250000e+01,-3.958333e+01,-1.135417e+02,-3.052083e+02,-7.414302e-04,-2.016895e-01,-101896,4.917177e-01,3.939491e+00,-3.690426e-05,1.178283e+00,1.961842e+00,8.063850e-01,-9.183569e-02,2.340131e-01,-4.394216e-02,6.836119e-01,9.838330e-01,9.674279e-01,-1.706586e+00,2.986470e-01,-4.025921e-01
fru,5.560000,0,0,0,0,0,1.427665e-01,4.622412e-01,3.560323e-03,1.062500e-01,4.781011e-02,8.736995e-02,1.265231e-01,1.550423e-01,1.950792e-01,2.658983e-01,4.213047e-01,5.605744e-01,5.574253e-01,4.876088e-01,4.644029e-01,5.356119e-01,5.815299e-01,5.227414e-01,5.301710e-01,5.847488e-01,5.841787e-01,6.108293e-01,5.662348e-01,6.692125e-01,7.159205e-01,7.292717e-01,7.803016e-01,6.084507e-01,3.845119e-01,2.455168e-01,1.237770e-03,1.219129e-04,1.562500e+02,2.291667e+02,4.375000e+02,1.166667e+03,2.456057e-02,4.597618e+00,5.309109e+05,3.530794e+00,1.833217e+01,-2.420143e-04,2.467390e+01,-6.719289e+00,2.636947e+01,-1.144307e+01,7.927696e+00,-1.755734e+01,9.387160e+00,-2.638619e+00,6.252760e+00,-1.799030e+01,1.322613e+01,-1.197934e+01,0,6.340519e-02,0,0,0,-6.128356e-04,1.038046e-02,1.444619e-04,-1.510416e-02,4.034122e-03,8.669602e-03,4.398412e-03,2.343335e-02,1.434811e-02,1.693903e-02,6.245309e-03,2.146853e-02,3.775135e-02,-1.043186e-02,-2.430362e-02,1.720116e-02,2.411926e-03,-4.072160e-03,1.274213e-02,-4.294408e-03,1.860270e-02,1.568550e-03,2.066854e-02,4.147430e-02,1.325545e-02,-2.134919e-04,2.557910e-02,1.688164e-02,6.936231e-03,-1.401947e-03,1.894191e-04,-1.499789e-05,-8.333334e+00,-2.187500e+01,-8.229167e+01,-2.822917e+02,8.004425e-04,-1.450423e-01,-1.248459e+05,4.186756e-01,3.631573e+00,-3.590789e-05,1.599083e+00,1.518507e+00,-7.032177e-01,4.669738e-01,-5.483687e-01,-2.895392e-01,4.407120e-03,1.631608e+00,2.096964e+00,-7.538864e-01,3.324428e-01,-1.664502e-01
fru,5.570000,0,6.340519e-01,0,0,0,1.461681e-01,4.724051e-01,3.752476e-03,8.958334e-02,5.622233e-02,1.075914e-01,1.360151e-01,1.868623e-01,2.166836e-01,2.915007e-01,4.383780e-01,5.995353e-01,5.827058e-01,4.689426e-01,4.475788e-01,5.627285e-01,5.864034e-01,5.086077e-01,5.451934e-01,5.715236e-01,5.978159e-01,6.073648e-01,5.820125e-01,7.015887e-01,7.209381e-01,7.042101e-01,7.983773e-01,6.251363e-01,3.912203e-01,2.473968e-01,1.727508e-03,1.163557e-04,125,1.770833e+02,3.437500e+02,7.083333e+02,2.633040e-02,4.342285e+00,3.260793e+05,4.145718e+00,2.417056e+01,-3.386155e-04,2.794077e+01,-5.523832e+00,2.596352e+01,-9.731096e+00,7.518335e+00,-1.452487e+01,1.110571e+01,1.188281e+00,7.947141e+00,-1.799898e+01,1.337118e+01,-1.188392e+01,0,0,0,0,0,9.869784e-04,1.275026e-02,-3.285380e-06,-7.499999e-03,6.628358e-03,1.397872e-02,7.954809e-03,2.605886e-02,2.096051e-02,3.059829e-02,2.618820e-02,4.534350e-02,2.904087e-02,-4.054192e-03,1.887813e-03,2.630221e-02,2.123577e-02,4.725617e-03,1.507928e-02,-1.456050e-02,2.026705e-02,-5.591827e-03,1.666911e-02,1.998303e-02,1.199949e-03,-1.941860e-02,1.263676e-02,1.462627e-02,8.301365e-03,5.465520e-03,6.350937e-05,2.393623e-07,-3.125000e+00,-1.525879e-06,-8.333331e+00,-7.604167e+01,-3.107278e-04,-1.399627e-02,-7.756971e+04,9.811332e-02,1.110290e+00,-1.672751e-05,1.234367e+00,8.358602e-02,-1.587751e+00,5.761644e-01,-3.599653e-01,4.920267e-01,7.634609e-01,2.672567e+00,1.981245e+00,-9.296692e-01,-3.440159e-01,1.251555e-01
fru,5.580000,0,0,0,0,0,1.486936e-01,4.853300e-01,3.536909e-03,1.000000e-01,6.513239e-02,1.252097e-01,1.451554e-01,2.201118e-01,2.450455e-01,3.352589e-01,4.769648e-01,6.599913e-01,6.049722e-01,4.677709e-01,4.690208e-01,5.941949e-01,6.150615e-01,5.161969e-01,5.585256e-01,5.455682e-01,6.187711e-01,5.874139e-01,5.909084e-01,6.998513e-01,7.089041e-01,6.681369e-01,8.015211e-01,6.383250e-01,4.031129e-01,2.574534e-01,1.355711e-03,1.263988e-04,1.875000e+02,2.916667e+02,5.208333e+02,1.052083e+03,2.482579e-02,4.771763e+00,3.750388e+05,3.687524e+00,2.093790e+01,-2.784057e-04,2.777016e+01,-6.622727e+00,2.104811e+01,-1.286228e+01,4.249781e+00,-1.768874e+01,8.606252e+00,2.240267e+00,8.054795e+00,-1.931481e+01,1.397823e+01,-8.378977e+00,0,-6.340519e-02,0,0,0,3.289521e-04,1.565996e-02,-1.667346e-04,2.083309e-04,6.761859e-03,1.116489e-02,8.118257e-03,1.768323e-02,1.933282e-02,3.601535e-02,4.691621e-02,6.500545e-02,2.408715e-02,1.015288e-02,2.781967e-02,3.211740e-02,4.142832e-02,2.510140e-02,1.511252e-02,-1.565658e-02,2.489461e-02,-3.072768e-03,1.332356e-02,-6.765366e-04,-4.435563e-03,-2.252982e-02,-2.459764e-04,1.045985e-02,7.482281e-03,1.079810e-02,-1.486052e-04,8.513475e-06,5.208334e+00,3.541666e+01,7.812501e+01,1.333333e+02,-8.105770e-04,1.346595e-01,-2.911788e+03,-2.519802e-01,-1.707507e+00,2.012525e-05,3.304672e-01,-1.417250e+00,-2.452009e+00,-1.132470e-01,-1.355146e-01,7.249893e-01,1.318331e+00,3.199534e+00,3.101099e+00,-5.002871e-01,-1.582310e+00,4.694657e-01
fru,5.590000,0,0,0,0,0,1.495790e-01,5.040913e-01,3.203510e-03,1.062500e-01,7.166252e-02,1.349407e-01,1.547159e-01,2.322071e-01,2.638573e-01,3.754545e-01,5.320497e-01,7.401407e-01,6.321563e-01,4.924501e-01,5.153738e-01,6.215224e-01,6.770454e-01,5.591755e-01,5.798091e-01,5.291458e-01,6.513422e-01,5.804464e-01,6.070184e-01,6.906446e-01,6.984599e-01,6.452423e-01,7.940941e-01,6.439782e-01,4.111487e-01,2.722914e-01,1.222110e-03,1.556648e-04,1.562500e+02,2.812500e+02,6.041667e+02,1.416667e+03,2.261212e-02,4.858183e+00,4.277803e+05,3.086830e+00,1.616078e+01,-2.647545e-04,2.753999e+01,-1.040094e+01,2.000940e+01,-1.015051e+01,6.447033e+00,-1.311834e+01,1.427938e+01,1.025937e+01,1.291338e+01,-2.265784e+01,1.197587e+01,-9.406795e+00,0,-1.268104e-01,0,0,0,-2.474326e-03,1.728560e-02,-1.664171e-04,-1.770833e-03,4.221377e-03,3.876489e-03,6.830859e-03,2.274211e-03,1.090592e-02,3.094991e-02,5.982251e-02,6.225755e-02,1.705644e-02,2.320025e-02,4.460447e-02,3.795288e-02,5.251519e-02,4.311143e-02,8.970601e-03,-8.827293e-03,2.887428e-02,9.327030e-03,7.974851e-03,-1.256993e-02,3.218538e-03,-6.663906e-03,-6.211239e-03,7.682550e-03,5.083686e-03,1.298601e-02,-2.120574e-04,2.975935e-06,-8.333333e+00,2.291667e+01,6.562500e+01,1.281250e+02,-1.213583e-03,8.619437e-02,2.295909e+04,-2.544832e-01,-1.796879e+00,3.602665e-05,-2.891823e-01,-1.232722e+00,-1.892562e+00,1.478880e-01,1.168382e+00,2.651691e-01,1.442673e+00,1.710382e+00,2.986526e+00,6.801416e-01,-3.694011e+00,-5.401185e-01
fru,5.600000,0,0,0,0,0,1.427058e-01,5.246979e-01,3.001133e-03,9.895834e-02,7.389931e-02,1.295198e-01,1.577640e-01,2.207861e-01,2.681565e-01,4.039982e-01,6.090499e-01,8.152990e-01,6.531358e-01,5.266194e-01,5.696037e-01,6.668020e-01,7.433504e-01,6.229646e-01,5.884258e-01,5.276548e-01,6.818886e-01,6.089246e-01,6.203496e-01,6.713019e-01,7.049818e-01,6.461065e-01,7.812133e-01,6.513290e-01,4.119592e-01,2.870600e-01,7.474428e-04,1.448257e-04,1.666667e+02,3.541667e+02,6.979167e+02,1.479167e+03,2.236683e-02,5.012966e+00,4.655015e+05,2.800338e+00,1.379953e+01,-1.783185e-04,2.652663e+01,-1.136699e+01,1.708648e+01,-1.179960e+01,7.785774e+00,-1.463566e+01,1.439198e+01,8.823511e+00,1.927514e+01,-1.816231e+01,6.012239e+00,-1.087057e+01,0,0,0,0,0,-3.638294e-03,1.631448e-02,-2.767753e-05,-8.125000e-03,1.881418e-03,-1.138918e-04,7.124840e-03,-8.334862e-03,1.292706e-03,1.784935e-02,6.141679e-02,4.190964e-02,5.989796e-03,2.670740e-02,4.871595e-02,4.243846e-02,4.537898e-02,4.502610e-02,-1.696134e-03,2.733511e-03,2.931488e-02,2.303059e-02,-2.355003e-03,-1.355963e-02,2.160422e-02,1.761435e-02,-7.156366e-03,3.039634e-03,2.385777e-03,1.193782e-02,-1.011701e-04,-8.055178e-06,-2.083333e+01,-6.249997e+00,6.250000e+00,-4.687501e+01,-1.251016e-03,-4.081030e-02,-4.807622e+03,-4.534102e-03,1.583515e-01,1.938387e-05,-5.784607e-02,-8.942509e-02,-6.289417e-01,1.517111e-01,1.871768e+00,-5.139275e-02,9.042527e-01,2.647057e-02,1.176185e+00,1.640926e+00,-4.787596e+00,-1.032794e+00
fru,5.610000,0,0,0,0,0,1.367904e-01,5.391491e-01,3.188279e-03,8.125000e-02,7.294576e-02,1.248188e-01,1.638651e-01,1.978962e-01,2.596578e-01,4.118805e-01,6.714480e-01,8.331692e-01,6.439062e-01,5.555196e-01,6.203096e-01,7.161893e-01,7.848349e-01,6.707811e-01,5.750963e-01,5.363438e-01,7.106286e-01,6.432446e-01,6.071661e-01,6.530138e-01,7.389920e-01,6.819057e-01,7.774749e-01,6.570471e-01,4.122156e-01,2.975235e-01,9.713552e-04,1.220219e-04,9.375000e+01,2.604167e+02,5.833333e+02,1.135417e+03,2.149197e-02,4.652655e+00,3.956434e+05,3.316895e+00,1.875535e+01,-2.085258e-04,2.711662e+01,-9.315313e+00,1.848152e+01,-9.522994e+00,1.159225e+01,-1.472556e+01,1.542621e+01,6.448571e+00,1.726960e+01,-1.517452e+01,-1.115878e+00,-1.333871e+01,0,0,0,0,0,-2.737692e-03,1.384613e-02,6.042684e-05,-8.749999e-03,6.998092e-04,6.909072e-04,8.548436e-03,-3.750144e-03,-9.319753e-04,7.679504e-03,4.819594e-02,1.110298e-02,-2.314395e-03,2.479993e-02,4.446904e-02,3.811893e-02,2.415628e-02,3.049949e-02,-8.160716e-03,1.161009e-02,2.448469e-02,2.547997e-02,-1.190854e-02,-3.580058e-03,4.125125e-02,4.355933e-02,-3.639811e-03,-4.040557e-03,2.289691e-03,1.068956e-02,-9.231723e-06,-1.265826e-05,-1.562500e+01,-1.250000e+01,-3.020834e+01,-1.354167e+02,-1.036232e-03,-7.551184e-02,-22141,1.690055e-01,1.481102e+00,5.740003e-06,1.960041e-01,8.213418e-01,-5.271225e-02,-4.561002e-01,1.433326e+00,-1.317867e+00,-6.221111e-01,-1.467612e+00,-2.076087e+00,2.456181e+00,-2.303369e+00,2.098436e-01
fru,5.620000,0,0,0,0,0,1.368964e-01,5.493734e-01,3.406137e-03,7.187500e-02,7.389786e-02,1.297012e-01,1.762050e-01,1.955929e-01,2.536088e-01,4.062926e-01,7.143496e-01,8.230252e-01,6.290462e-01,5.697732e-01,6.601326e-01,7.590537e-01,7.880616e-01,6.855246e-01,5.524014e-01,5.556367e-01,7.357023e-01,6.711678e-01,5.790595e-01,6.508686e-01,7.966592e-01,7.378769e-01,7.740488e-01,6.469887e-01,4.145083e-01,3.045264e-01,9.752383e-04,1.029443e-04,1.145833e+02,2.708333e+02,5.625000e+02,9.583333e+02,1.913079e-02,4.670475e+00,3.670692e+05,3.549821e+00,2.043238e+01,-2.096007e-04,2.769262e+01,-7.612667e+00,1.866734e+01,-1.241748e+01,1.103601e+01,-1.714209e+01,1.255410e+01,4.278017e+00,1.175761e+01,-1.485184e+01,-3.413871e+00,-1.157699e+01,0,0,0,0,0,-2.188861e-04,1.278109e-02,3.081884e-05,-3.437500e-03,1.556797e-03,5.497757e-03,1.023775e-02,1.340257e-02,6.097114e-03,5.716556e-03,2.456471e-02,-1.124355e-02,-9.498596e-05,2.654913e-02,3.600844e-02,2.224999e-02,7.306635e-03,1.420186e-02,-5.574226e-05,1.832114e-02,1.538565e-02,2.020944e-02,-9.086502e-03,1.623892e-02,4.932291e-02,5.801817e-02,-5.799532e-05,-1.178220e-02,2.463010e-03,1.128105e-02,8.556836e-05,-6.853700e-06,-7.291668e+00,-1.875000e+01,-3.958334e+01,-1.114583e+02,-1.164939e-03,-6.213150e-02,-2.731751e+04,1.849810e-01,1.632920e+00,-1.249858e-05,6.150717e-01,7.606810e-01,5.676849e-01,-4.135063e-01,6.310630e-01,-9.588265e-01,-1.173231e+00,-8.395548e-01,-3.169913e+00,1.647314e+00,1.212123e+00,1.719426e+00
fru,5.630000,0,0,0,0,0,1.387952e-01,5.609841e-01,3.303142e-03,7.604167e-02,7.516229e-02,1.383045e-01,1.882376e-01,2.260529e-01,2.664712e-01,4.127048e-01,7.203795e-01,7.917925e-01,6.326291e-01,5.948729e-01,6.924545e-01,7.659912e-01,7.754712e-01,6.803929e-01,5.570177e-01,5.732053e-01,7.468588e-01,6.767247e-01,5.681208e-01,6.829609e-01,8.588775e-01,8.171538e-01,7.794773e-01,6.259455e-01,4.213226e-01,3.170059e-01,1.062054e-03,1.133142e-04,1.041667e+02,2.604167e+02,5.208333e+02,1000,1.904898e-02,4.651869e+00,3.662915e+05,3.557116e+00,2.024986e+01,-2.204134e-04,2.793702e+01,-8.171393e+00,1.895541e+01,-1.212207e+01,1.198855e+01,-1.845446e+01,1.208776e+01,5.194051e+00,6.291708e+00,-1.203217e+01,5.172081e+00,-8.004369e+00,0,0,0,0,0,5.471707e-06,1.356235e-02,-8.427373e-05,2.291666e-03,3.094797e-03,7.457043e-03,8.294620e-03,3.230285e-02,1.794487e-02,1.537856e-02,1.510674e-03,-1.841661e-02,1.065967e-02,3.464245e-02,2.801316e-02,4.885930e-03,3.673840e-03,7.669580e-03,1.868994e-02,2.312006e-02,4.132348e-03,1.735235e-02,5.305850e-03,3.279048e-02,4.002613e-02,5.222656e-02,9.339511e-04,-1.360231e-02,4.746318e-04,1.406019e-02,1.957165e-05,-2.145973e-06,1.145833e+01,7.291669e+00,-1.354166e+01,1.041675e+00,-1.273494e-04,4.072142e-02,-1.160198e+04,3.750215e-02,4.494364e-01,-1.274694e-06,5.341667e-01,1.488276e-01,-9.341888e-02,-3.748845e-01,-7.125988e-01,-1.091222e+00,-1.643078e+00,-6.713136e-01,-1.627265e+00,1.860953e+00,3.678304e+00,2.733731e+00
fru,5.640000,0,0,0,0,0,1.406090e-01,5.776858e-01,3.097795e-03,8.437500e-02,8.057503e-02,1.502657e-01,1.967665e-01,2.737206e-01,2.952353e-01,4.321689e-01,7.074077e-01,7.797696e-01,6.582994e-01,6.396884e-01,7.135735e-01,7.531510e-01,7.845654e-01,6.891679e-01,5.971863e-01,6.008298e-01,7.407017e-01,6.932318e-01,5.944398e-01,7.375229e-01,8.916536e-01,8.685734e-01,7.799222e-01,6.079687e-01,4.197207e-01,3.337241e-01,1.129935e-03,1.149111e-04,125,2.604167e+02,5.312500e+02,9.895833e+02,1.776363e-02,4.702701e+00,3.435898e+05,3.605132e+00,2.121687e+01,-2.348677e-04,2.919179e+01,-8.135541e+00,1.968797e+01,-1.256759e+01,1.074294e+01,-1.756535e+01,1.019505e+01,5.252997e+00,8.914522e+00,-1.149691e+01,8.928872e+00,-4.940612e+00,0,1.254133e-01,0,0,0,-1.747534e-03,1.335502e-02,-1.482438e-04,2.500000e-03,3.303397e-03,5.540802e-03,6.104118e-03,3.929795e-02,2.564627e-02,2.647474e-02,-2.053255e-02,-2.320496e-02,1.179944e-02,4.297132e-02,2.120619e-02,-2.546054e-03,1.266050e-02,1.136339e-02,3.416382e-02,2.722957e-02,-7.508338e-04,2.050940e-02,1.675122e-02,3.428801e-02,1.623738e-02,3.172787e-02,1.199722e-04,-7.969623e-03,-1.405063e-03,1.624433e-02,-1.313189e-05,-8.571136e-07,1.666667e+01,2.083331e+00,-1.562500e+01,6.875002e+01,6.026329e-04,1.699352e-02,-3.067844e+03,-2.906277e-02,-7.102776e-02,5.877693e-06,1.771513e-01,-2.074065e-01,1.209463e-01,1.179821e+00,-1.087469e+00,-1.196729e+00,-2.137676e+00,-1.904078e+00,-7.147250e-02,1.163063e+00,1.897082e+00,1.597124e+00
fru,5.650000,0,0,0,0,0,1.349614e-01,5.928047e-01,2.921081e-03,8.645833e-02,8.508116e-02,1.518218e-01,1.950575e-01,3.203466e-01,3.285689e-01,4.758352e-01,6.824723e-01,7.627140e-01,6.825779e-01,6.937742e-01,7.336550e-01,7.435703e-01,8.049521e-01,7.073073e-01,6.461535e-01,6.293476e-01,7.287906e-01,7.189744e-01,6.260052e-01,7.736390e-01,8.916254e-01,8.776903e-01,7.792080e-01,6.085455e-01,4.119826e-01,3.532257e-01,9.918651e-04,1.053087e-04,1.458333e+02,3.020833e+02,5.312500e+02,1125,2.153880e-02,4.840149e+00,3.493731e+05,3.476750e+00,2.061028e+01,-2.022658e-04,2.903787e+01,-8.309738e+00,1.750412e+01,-1.132236e+01,8.175793e+00,-1.997005e+01,8.390348e+00,2.604512e+00,1.055482e+01,-7.547218e+00,1.110427e+01,-2.988246e+00,0,1.873379e-01,0,0,0,-2.076392e-03,1.197177e-02,-1.039065e-04,1.041673e-04,1.235862e-03,8.871540e-04,7.957543e-03,3.435674e-02,2.390223e-02,2.958463e-02,-3.587247e-02,-2.941358e-02,-2.051354e-04,4.372964e-02,2.028454e-02,9.077931e-03,2.008510e-02,1.459143e-02,3.555110e-02,3.407030e-02,8.913040e-03,3.205203e-02,1.742331e-02,2.173929e-02,-4.129714e-03,9.957552e-03,6.093979e-05,-1.109123e-03,1.334247e-03,1.520160e-02,-8.196967e-05,5.467227e-07,3.020833e+01,1.041667e+01,-5.208334e+00,1.062500e+02,8.516034e-04,2.892952e-02,1.165257e+04,-9.698179e-02,-1.015304e+00,1.827900e-05,-3.859343e-01,-6.213759e-01,1.345253e-03,9.633015e-01,-1.172169e+00,-1.333739e+00,-3.357872e+00,-4.184999e+00,1.253922e-01,9.080740e-01,-1.205408e+00,-3.790317e-01
fru,5.660000,0,6.270666e-01,0,0,0,1.300756e-01,6.002383e-01,2.855949e-03,7.916667e-02,8.545541e-02,1.506466e-01,2.033157e-01,3.449358e-01,3.507914e-01,5.071011e-01,6.306404e-01,7.215397e-01,6.630690e-01,7.351791e-01,7.455633e-01,7.575338e-01,8.366237e-01,7.288844e-01,6.786526e-01,6.637134e-01,7.409822e-01,7.525899e-01,6.338734e-01,7.769696e-01,8.614721e-01,8.662480e-01,7.747833e-01,6.158406e-01,4.121530e-01,3.676382e-01,9.446734e-04,1.026615e-04,1.770833e+02,2.604167e+02,4.791667e+02,1.239583e+03,2.089904e-02,4.661303e+00,3.601891e+05,3.444690e+00,1.989703e+01,-1.892860e-04,2.802795e+01,-8.580527e+00,1.999772e+01,-6.918232e+00,7.505046e+00,-2.236794e+01,3.714431e+00,-3.947604e+00,9.268690e+00,-1.127900e+01,3.105444e+00,-6.099428e+00,0,1.841959e-01,0,0,0,6.222695e-04,1.311237e-02,2.011030e-05,-1.354165e-03,-2.529782e-03,-4.721807e-03,1.457527e-02,2.740990e-02,1.828914e-02,2.322706e-02,-4.479359e-02,-3.916983e-02,-1.610509e-02,4.237601e-02,2.945431e-02,3.487816e-02,1.873847e-02,1.208512e-02,3.036839e-02,4.215446e-02,3.388574e-02,5.154163e-02,1.575046e-02,1.322347e-02,-4.186964e-03,8.947027e-03,8.347571e-03,3.394180e-03,1.171706e-02,1.206567e-02,-2.460626e-05,9.000511e-06,3.750000e+01,1.145833e+01,-1.979167e+01,7.395834e+01,4.320493e-04,-5.215202e-02,1.545760e+04,-5.242930e-02,-1.079181e+00,7.763362e-06,-9.077269e-01,-8.669189e-01,3.492168e-01,9.842511e-02,-5.546991e-01,-1.626641e+00,-4.576727e+00,-5.866074e+00,-4.718854e-01,7.817696e-01,-1.776611e+00,-6.995929e-01
fru,5.670000,0,6.231562e-01,0,0,0,1.336799e-01,6.095667e-01,2.904532e-03,7.916667e-02,7.890141e-02,1.425499e-01,2.247507e-01,3.622290e-01,3.582044e-01,5.231618e-01,5.794008e-01,6.738395e-01,6.292186e-01,7.657757e-01,7.778823e-01,8.091894e-01,8.498676e-01,7.334918e-01,6.940401e-01,7.121150e-01,7.912838e-01,8.073058e-01,6.355205e-01,7.719340e-01,8.533196e-01,8.681042e-01,7.823514e-01,6.164640e-01,4.317777e-01,3.760569e-01,7.448366e-04,1.221726e-04,2.291667e+02,3.125000e+02,5.208333e+02,1.406250e+03,2.173929e-02,4.817216e+00,4.162547e+05,3.152429e+00,1.583326e+01,-1.518092e-04,2.658927e+01,-1.105578e+01,1.880726e+01,-1.013025e+01,7.746645e+00,-2.272186e+01,-1.461286e+00,-1.113064e+01,6.741585e+00,-7.600755e+00,2.056755e+00,-9.320120e+00,0,1.173183e-01,0,0,0,8.037995e-03,2.420918e-02,1.885989e-04,1.666667e-03,-5.054015e-03,-8.578631e-03,2.223884e-02,3.083762e-02,1.856064e-02,1.369643e-02,-3.987394e-02,-3.832345e-02,-1.387387e-02,5.161278e-02,5.224254e-02,6.896801e-02,1.774577e-02,1.574825e-02,2.934176e-02,5.388333e-02,7.082016e-02,8.874940e-02,3.175699e-02,3.152693e-02,2.700129e-02,3.331198e-02,3.134648e-02,1.055653e-02,2.581137e-02,9.384942e-03,9.703206e-05,4.025437e-05,4.270834e+01,1.562500e+01,1.875000e+01,4.583334e+01,-3.513550e-04,-7.590332e-02,2.912540e+04,-4.795248e-02,-1.095238e+00,-1.887576e-05,-1.158252e+00,-1.310807e+00,2.596258e-01,-1.915164e+00,3.589380e-01,-1.636458e+00,-4.915397e+00,-5.741458e+00,-4.185839e-01,2.913241e-01,-2.177072e-01,6.990124e-01
fru,5.680000,0,6.094015e-01,0,0,0,1.443611e-01,6.348667e-01,3.206621e-03,8.125000e-02,7.101599e-02,1.312926e-01,2.547962e-01,3.898289e-01,3.718633e-01,5.246409e-01,5.349755e-01,6.283577e-01,6.044536e-01,8.155677e-01,8.387313e-01,8.947323e-01,8.558001e-01,7.365013e-01,7.250850e-01,7.702184e-01,8.788838e-01,9.067742e-01,6.684344e-01,8.044928e-01,8.898717e-01,9.181015e-01,8.200883e-01,6.209804e-01,4.684085e-01,3.826368e-01,1.130418e-03,1.514817e-04,2.708333e+02,3.125000e+02,4.375000e+02,1.218750e+03,1.982363e-02,4.453408e+00,3.874370e+05,3.505147e+00,1.820947e+01,-2.212792e-04,2.587746e+01,-1.109711e+01,2.078248e+01,-1.267153e+01,8.184020e+00,-2.432265e+01,-7.762768e+00,-1.720979e+01,8.461712e+00,-7.561296e+00,4.569576e+00,-5.272640e+00,0,-1.109292e-02,0,0,0,1.551853e-02,4.826979e-02,3.034720e-04,1.187500e-02,-4.326767e-03,-1.055535e-02,2.280609e-02,4.550302e-02,2.860186e-02,1.289226e-02,-1.831185e-02,-2.321486e-02,1.619403e-02,7.958211e-02,8.704121e-02,1.028751e-01,2.907428e-02,3.820228e-02,3.966675e-02,6.976110e-02,1.201226e-01,1.454962e-01,6.902941e-02,8.337732e-02,8.872430e-02,7.750429e-02,7.483563e-02,3.253861e-02,3.634306e-02,1.125106e-02,1.654693e-04,8.777568e-05,3.333334e+01,2.708333e+01,9.791667e+01,1.312500e+02,-1.030238e-04,1.395679e-02,7.989326e+04,-1.671474e-01,-1.630244e+00,-3.729806e-05,-1.415567e+00,-1.587543e+00,2.552713e-01,-2.739840e+00,1.278809e+00,-1.498333e+00,-3.151319e+00,-4.294829e+00,7.269782e-01,6.400210e-01,1.722708e+00,2.713859e+00
fru,5.690000,0,5.954239e-01,0,0,0,1.680087e-01,6.965364e-01,3.688740e-03,9.375000e-02,6.703079e-02,1.186056e-01,2.805114e-01,4.520881e-01,4.108361e-01,5.355474e-01,5.309351e-01,6.176877e-01,6.425163e-01,9.116438e-01,9.482837e-01,1.019811e+00,8.840928e-01,7.822402e-01,7.696461e-01,8.455117e-01,1.013941e+00,1.085629e+00,7.675096e-01,9.175121e-01,1.012432e+00,1.018323e+00,9.132879e-01,6.587583e-01,5.129117e-01,3.926511e-01,1.384153e-03,2.821705e-04,3.125000e+02,3.541667e+02,6.458333e+02,1.364583e+03,2.031973e-02,4.564580e+00,4.813762e+05,3.206759e+00,1.597787e+01,-2.806480e-04,2.432186e+01,-1.360548e+01,1.840986e+01,-1.802154e+01,9.630996e+00,-2.717498e+01,-1.044803e+01,-1.947168e+01,8.865388e+00,-7.949449e+00,9.283669e+00,9.342226e-02,0,-9.930963e-03,0,0,0,2.055761e-02,8.004484e-02,3.312138e-04,2.562500e-02,-6.587974e-04,-7.252996e-03,1.577227e-02,5.385137e-02,4.099913e-02,1.538184e-02,1.144419e-02,3.028107e-03,5.227290e-02,1.094881e-01,1.147465e-01,1.316491e-01,6.374246e-02,8.814767e-02,6.287266e-02,9.790333e-02,1.876020e-01,2.166067e-01,1.172508e-01,1.509049e-01,1.608751e-01,1.329789e-01,1.321798e-01,7.064287e-02,4.156948e-02,1.716676e-02,1.114868e-04,1.420738e-04,2.187500e+01,4.791666e+01,2.510417e+02,3.031250e+02,3.117010e-04,1.910904e-01,1.631224e+05,-4.071831e-01,-2.673417e+00,-3.532761e-05,-1.767281e+00,-1.873330e+00,1.213591e+00,-1.684665e+00,1.701982e+00,-7.833912e-01,4.109464e-01,-1.705938e+00,2.136470e+00,-3.151402e-01,7.281247e-01,2.578163e+00
fru,5.690000,0,5.854681e-01,0,0,0,1.905039e-01,7.981024e-01,3.981205e-03,1.312500e-01,6.975688e-02,1.098419e-01,2.894658e-01,5.275213e-01,4.674848e-01,5.653696e-01,5.633141e-01,6.335413e-01,7.373903e-01,1.060156e+00,1.095569e+00,1.166598e+00,9.648824e-01,8.955216e-01,8.391833e-01,9.458205e-01,1.230267e+00,1.340909e+00,9.130259e-01,1.121067e+00,1.225537e+00,1.178660e+00,1.083493e+00,7.573865e-01,5.533013e-01,4.155964e-01,1.452362e-03,4.615410e-04,3.020833e+02,375,9.062500e+02,1.916667e+03,2.109370e-02,4.857405e+00,7.270947e+05,2.581787e+00,1.167350e+01,-3.113569e-04,2.208382e+01,-1.524339e+01,2.147277e+01,-1.667179e+01,1.295692e+01,-2.763304e+01,-7.548788e+00,-2.125123e+01,1.184168e+01,-7.904547e+00,8.105525e+00,2.763097e+00,0,-5.782253e-03,0,0,0,2.400456e-02,1.117297e-01,3.190842e-04,3.552083e-02,3.672007e-03,2.767339e-03,6.762964e-03,3.996004e-02,4.293074e-02,1.494258e-02,3.948971e-02,3.815972e-02,7.654792e-02,1.258339e-01,1.375184e-01,1.501287e-01,1.112702e-01,1.502310e-01,9.556790e-02,1.426887e-01,2.773383e-01,2.956872e-01,1.665226e-01,2.115225e-01,2.237081e-01,1.846354e-01,1.877972e-01,1.100545e-01,4.542509e-02,2.380956e-02,-1.112291e-05,2.511767e-04,5.208328e+00,1.145833e+02,3.666667e+02,4.645833e+02,2.163266e-03,3.953401e-01,2.329744e+05,-6.485719e-01,-3.946971e+00,-2.583189e-05,-1.858823e+00,-2.119450e+00,2.191908e+00,-2.462000e-01,2.413545e+00,1.616044e+00,3.246796e+00,-7.520466e-02,2.941232e+00,-8.105715e-01,-1.099031e+00,2.573439e-01
